simulation_id,simulated_cumulative_return
1,0.4003880657541992
2,2.469864220738486
3,1.0494162721977367
4,0.9657136268032674
5,0.41845766131935935
6,0.16497838994863492
7,-0.01786800996062642
8,-0.11521392218794128
9,0.5522895266463901
10,0.9011912956773509
11,0.1962480268369141
12,0.15694890499749248
13,0.7799081902135077
14,0.7516688505700391
15,0.5662865559241249
16,0.0028451792177501987
17,0.71348596487373
18,0.6323979904334597
19,1.5563821296659097
20,0.8036304192462457
21,1.8030441677812463
22,-0.16847819253348234
23,0.6445142382966186
24,2.6915746839074606
25,0.14677668387916304
26,2.163940886146494
27,0.6617938203862436
28,1.2264600242124666
29,-0.3894400654820875
30,0.18686619071434069
31,0.383113051221144
32,1.1785379268600962
33,0.07318619040697752
34,1.3836908019346275
35,0.3317526379174982
36,-0.14962658594879802
37,-0.23837564669297626
38,0.8710426227346217
39,0.16084798945336232
40,1.6753432984242065
41,0.08751961834656316
42,1.2927810940498354
43,0.03727090483120561
44,0.075962416847472
45,0.6833528776059761
46,1.0385721002423476
47,0.2623640884261512
48,0.32197559311335133
49,1.6182832195627308
50,0.5558640643089117
51,0.26481469605177593
52,1.201081116992381
53,0.3056715933372131
54,1.5925714132975386
55,0.7129655702422485
56,0.8026666610801815
57,1.6058506872865579
58,0.5419502491552532
59,0.23490111295202548
60,0.22861593025760332
61,1.7636100288616074
62,1.9267257297857232
63,1.3314892634426114
64,1.5462092348966239
65,0.8148144494585353
66,-0.13903355797129738
67,1.5910806203955146
68,0.2895815508000162
69,-0.3647839214026347
70,0.571973187332587
71,0.9284930761532704
72,0.5952465156916859
73,0.4559024042844532
74,0.6534453582669907
75,1.0863265170343324
76,0.9993596895309447
77,0.031732748252779525
78,0.6313314951119572
79,1.4623866940140364
80,0.7376106609820585
81,-0.054706452611346136
82,0.2256066606724431
83,2.7074942568472817
84,1.0425150196429305
85,0.6193509457841117
86,0.34470947478316166
87,1.58642856529794
88,0.6777567891450469
89,1.3617546597932455
90,0.19059671821785082
91,1.463535650562943
92,1.139398194630625
93,-0.41664147021967396
94,0.4887209402634835
95,0.03471213016095308
96,0.12185232453614217
97,0.7929542511955296
98,0.847868576187596
99,0.6302860527148437
100,0.00351281105303564
101,1.3182580428467536
102,2.931016904365912
103,1.1197085965612097
104,0.7358836228436364
105,0.4535694367394139
106,0.9172920011066054
107,0.6661517426791357
108,0.4644778585127166
109,0.575229466799965
110,0.16077499402069126
111,1.4345345127035105
112,1.2136740425591024
113,1.3278268902022439
114,-0.0589200053620181
115,2.045712378323629
116,2.1495804049974407
117,0.7610293288099717
118,-0.08131096240455261
119,1.8080009503739738
120,0.7557213389664721
121,0.48073986829384097
122,1.6161252689162937
123,5.345215627210353
124,0.5995885133669521
125,1.2552227542892684
126,0.7441187147890362
127,0.5626202230211379
128,0.7846666706371451
129,0.6408716119949752
130,0.6171072514389292
131,1.2063730793361083
132,0.47037204006939265
133,1.2373783982888635
134,0.7565291604448339
135,0.4105709553021088
136,0.9438729972486856
137,-0.2888418642090787
138,0.7333794003940152
139,0.6631819056471926
140,1.77654956271023
141,0.1545755303237758
142,0.003138316007250538
143,0.09729468229694731
144,1.108509185497812
145,1.2645688982699668
146,0.3287227701698615
147,-0.16773089337105623
148,2.031549814741386
149,1.9125432100746325
150,1.9261306552722672
151,0.3577194396659423
152,0.6398174799939187
153,-0.22376815151742308
154,1.6162929271096398
155,1.9428903322629398
156,-0.1742065248882414
157,1.0303421970108917
158,1.1771452957344488
159,0.42547133355583144
160,-0.5425476421389994
161,0.7565982340447994
162,0.4406760729334792
163,2.4087831196017726
164,0.11129713450784776
165,-0.08513597997265873
166,1.57342558908518
167,0.0008177825970955908
168,1.173989685673856
169,0.4977541932547385
170,0.26371189659291994
171,-0.057503925958428265
172,1.399175405630406
173,1.5155814157981442
174,0.9831045416541555
175,1.644554113437857
176,1.3303572195473758
177,0.7963233122852326
178,0.5321382714405479
179,1.9152582779708913
180,0.014178686289449387
181,-0.06373053374287711
182,0.8494650204345635
183,0.3016253667506044
184,0.33255839705709384
185,0.34473292698055796
186,2.2922852524788437
187,0.7972523152916071
188,0.3802028656678914
189,2.0813719336063916
190,-0.12765869261084192
191,0.6174015370721329
192,-0.244545196545427
193,0.5027886633901335
194,-0.006831683907117431
195,0.6648245774165298
196,1.4030326620251512
197,0.8732515800797576
198,-0.14078758498133748
199,0.9612871481347431
200,0.42018600443056686
201,0.19095362921340045
202,2.258647327056371
203,0.31653277029910654
204,1.0115824217751719
205,-0.009527001927182576
206,0.8034199881423012
207,1.379411333466639
208,0.627132930572337
209,1.9951172295683937
210,1.2850452610255325
211,0.1717654755716313
212,1.080538900407266
213,2.538457795232736
214,1.1579158250469113
215,0.4405880977138478
216,2.863582644477547
217,0.13532961106253985
218,1.8158016530404861
219,0.7769237936188369
220,0.7635218146091396
221,1.1674725732290054
222,0.4626420823573732
223,0.131417422592777
224,1.1687720478464505
225,2.888751676271349
226,0.2237756720380104
227,1.5173143808977403
228,0.019660837767175462
229,3.073774681597484
230,1.051500275698649
231,0.16028040258002613
232,1.916526845477701
233,1.2118068756348588
234,0.7352372714994295
235,0.6767373381473631
236,0.21955060316392452
237,0.3735887424013135
238,1.6117750936852775
239,0.5536298678628345
240,0.879473930453678
241,1.0950308882806032
242,0.07044326431051243
243,0.9033101415844631
244,0.8497659315389873
245,-0.27972498450760963
246,0.8500546459993489
247,0.18854237819252784
248,2.1412964918115485
249,0.6633795923611633
250,-0.05893187336962419
251,2.174757755316727
252,1.0059728320789307
253,0.08025091869612022
254,0.5899436780388313
255,0.36023360848402936
256,-0.1859754257526244
257,0.8650765028245277
258,-0.08771778982381151
259,1.8951245458226478
260,1.1935097898675424
261,0.20388956208413797
262,0.41791689292623657
263,0.10836706699375985
264,-0.16394523174200568
265,1.9855678357763449
266,0.5901145136255452
267,0.6847746325743843
268,1.3953450912587164
269,0.600504714853614
270,0.6193462837384466
271,1.6528232069369442
272,1.2207134682143272
273,0.9553053745543971
274,2.059546750673714
275,-0.004649767021427125
276,0.1245113161358308
277,0.7775373338932541
278,0.7245236022046853
279,1.3480333184838065
280,2.6243317798102486
281,0.7968453791582051
282,0.5458459030483401
283,4.295406945520029
284,1.4830943228206206
285,0.379266263844266
286,0.584472700901963
287,1.2300822609694064
288,3.56232947318803
289,1.0311690214128115
290,2.2901234167433766
291,0.16824006670172847
292,0.1187931299917221
293,0.11574431768468048
294,1.7263852279896743
295,0.4636932845364594
296,1.9955972257593955
297,1.8761698403939413
298,1.5747684895294491
299,0.39258008336966266
300,0.08691256048028208
301,0.7001964942613977
302,1.0771074553229236
303,0.8300713564195085
304,0.643436591146826
305,0.162293783124647
306,1.4239322252240407
307,0.9483707287045309
308,0.28229009268320365
309,0.2238407566655341
310,1.2417956255017504
311,1.1159927258523217
312,0.2599974773440973
313,2.6010785727127796
314,0.35886589527528845
315,0.73990572399277
316,1.086424442182899
317,1.7813709682153989
318,0.15895585114823596
319,0.9089378400902292
320,1.7058603229293747
321,0.6962274077938333
322,1.156675176813275
323,2.17851194262339
324,0.7212207192790105
325,1.344822491968001
326,0.002575635197184352
327,-0.22687860721863853
328,-0.42790916259384487
329,1.5548530647631218
330,0.9916133305117423
331,0.10505971482249449
332,1.1996425054672855
333,1.9701778175304645
334,0.23106771501539486
335,0.19155045139373944
336,2.7065671602342234
337,1.1264235979513402
338,1.3502607176145405
339,1.1855491676846186
340,0.3218760987204579
341,0.3273690477973287
342,0.31118119055224336
343,0.5170772752240044
344,0.8546433810358521
345,0.7477850873980587
346,1.2153705909250994
347,0.8143598490459413
348,0.08368307467465967
349,0.2902691267080702
350,0.6907097090633452
351,0.7360241087842856
352,0.6466676359229637
353,1.0183641050268737
354,0.6705753253588802
355,0.19676291000390012
356,0.8227943334512406
357,0.3986284939283126
358,0.6051601082796151
359,0.3411933145929205
360,1.7385670578352046
361,0.41278910730174845
362,2.005662202414941
363,0.2532820868696652
364,2.0342766376261077
365,1.0928613974168315
366,5.975957385514311
367,1.2291939597603194
368,0.132352208712564
369,0.47392142448026037
370,0.727303825497552
371,-0.031162873180104987
372,1.4041989103267083
373,-0.22496249890783146
374,0.14376555651212727
375,-0.13200832575804106
376,0.7757611130339299
377,2.049821210224925
378,-0.031131071472145097
379,1.353201627263651
380,1.5794045444083236
381,-0.015399667293863302
382,0.11873292564464519
383,0.09284578065081418
384,-0.12594714081089636
385,0.8319435405388844
386,1.8875137278021672
387,0.8035990693294477
388,1.0321172653066215
389,0.9718794629487228
390,1.4246719037955424
391,-0.2357365937000387
392,0.506314390878384
393,0.6026661282574282
394,0.6481555625999474
395,1.1765844458985135
396,-0.017577530559983977
397,1.9474558228020704
398,1.360814841376946
399,1.475289927685158
400,-0.1638384485619841
401,1.162551319518121
402,0.7742839282292824
403,1.9173532913759082
404,1.5541398034409604
405,1.4999182256917718
406,0.031179348131127594
407,1.360986175721877
408,0.645087990885304
409,-0.3677409287886652
410,0.5413003961150669
411,0.2926423073356614
412,0.7025531690272417
413,0.075211064110233
414,2.792719154792716
415,0.3381643065126479
416,0.6822305317866642
417,-0.03483525311227154
418,-0.09006306512594119
419,0.3086316485893295
420,1.8160034895519883
421,0.3647939631161427
422,1.1895575240415086
423,0.7324089997056872
424,1.117423284625171
425,2.0753304203214333
426,3.401821987211141
427,0.47550589119346304
428,0.288664190817336
429,-0.01802071006722964
430,1.5224176965942882
431,1.6026589658466366
432,0.04491102150818681
433,-0.2199384754344585
434,0.5467180129111245
435,1.4456866425288384
436,1.1162286811066875
437,2.5070531300579497
438,1.1039650671303691
439,0.20367896675020947
440,1.419538425692166
441,0.4246162420116848
442,1.679375020573621
443,0.4512117738221954
444,0.4457798448743753
445,1.4272258307750185
446,-0.25152807964681023
447,0.6511092327020008
448,2.7506845865982195
449,-0.21994570481264933
450,0.7937036458109202
451,0.2614420810884406
452,1.1059133832335195
453,-0.35302430016997716
454,0.44496930917998356
455,1.9714731169619033
456,1.3782118186066563
457,2.2107414506031895
458,1.2813922189668352
459,1.2717631179876163
460,1.3975730968306037
461,1.6038446804500723
462,1.0814721425347813
463,3.5657089513201194
464,1.7075700860233263
465,0.9417623757039422
466,0.7333489918652311
467,0.05056292253861771
468,1.6490566760213536
469,0.6475289715733359
470,1.7486898147925432
471,0.2015306402404254
472,0.18491509637105527
473,1.7767999625556457
474,1.2904285560221462
475,0.2583502562450428
476,0.18572739400365892
477,0.799562427769491
478,0.28244258206380896
479,1.1634035265333738
480,2.3046507592739167
481,0.7266284604970672
482,1.9060919486514838
483,0.7437494451615512
484,0.2590162364878099
485,1.405102120721839
486,0.6195920131622716
487,1.5886767669573858
488,0.8575363324013553
489,1.065108118209261
490,-0.0365985513753651
491,0.6238348531556224
492,0.9748553213430798
493,2.167350914114912
494,0.9451805189478248
495,0.8741765471502397
496,0.5977408917664508
497,0.6529001620098518
498,0.6812834782621394
499,0.7308079164204195
500,0.24133331909368907
501,2.2018925633415116
502,0.3674635939431692
503,0.5002738806668978
504,-0.25159504105365077
505,-0.004710671140388435
506,1.2426027326840487
507,0.9495527474941017
508,0.06281720600652282
509,0.9974832175057101
510,2.072082141498659
511,1.5365603255826807
512,-0.19251167387696844
513,0.35668405595364955
514,0.594236772146512
515,1.2211431500007566
516,1.515405038673187
517,0.7516668936641175
518,0.6778074118902772
519,0.3350579950930349
520,0.10645302828948598
521,0.38423184501147456
522,0.7511186083397673
523,0.28157175295165454
524,2.1222042184811922
525,-0.007315502128171545
526,-0.01975093394362632
527,-0.26105732939146875
528,2.3243094068052117
529,-0.1301070595164426
530,0.6565264579181574
531,1.932602956965243
532,0.7000199626148843
533,0.5353533904484754
534,0.5791816190374627
535,0.2237707894965095
536,1.5386598998039016
537,1.5646742563938927
538,1.6571787159887574
539,0.5871547938162143
540,0.26642905496932384
541,0.17363270249788457
542,0.8605579550390227
543,-0.08023732064472573
544,0.6240447822517929
545,-0.04054785369168584
546,1.0248288122270006
547,0.7169917220726771
548,0.5019646443177498
549,1.0421007091037606
550,0.3896420072659762
551,-0.13913592528070412
552,0.16999857138578783
553,0.5016737361086574
554,0.6680104292945919
555,0.9923612244229414
556,1.7147202862564384
557,1.148348813846278
558,-0.018160536389961453
559,1.2030591872125462
560,0.6586973835515567
561,0.53892294965528
562,0.14439532637024358
563,0.8080076265928633
564,1.5725602363081996
565,1.6376572565883283
566,1.056124345198735
567,-0.17096865507012807
568,2.106061442502989
569,0.4247911360507899
570,-0.20282537317370705
571,-0.17536691599754634
572,1.0052485235430326
573,1.54278681224068
574,0.3867374178669612
575,0.49582499514677963
576,-0.0052086369347262955
577,2.387173123768686
578,0.9049061439372509
579,1.9363586050371804
580,1.0685995605525305
581,1.0277067911557585
582,0.8658137253185177
583,1.0542011125203796
584,0.31706405935944
585,0.6205247895826477
586,2.4629250756747627
587,0.1567337321007707
588,1.925162790191794
589,1.46151400229912
590,0.2051141609308647
591,-0.3061477356007623
592,0.4363948438756491
593,0.5792885141801116
594,1.720434851337819
595,0.5240385384171651
596,1.2291482159084408
597,0.8045142149110629
598,0.8710954817979644
599,1.483137180765113
600,1.1539905208318444
601,-0.32895942363773817
602,0.49863300114406395
603,0.8711658824708751
604,0.5220932322538775
605,0.08439989459192296
606,1.9941792492576955
607,1.0500220459306275
608,1.0045931075424213
609,0.17882787931590013
610,1.798393692652389
611,0.14805305824195536
612,1.174825733596337
613,0.893962694518595
614,1.9753012861433752
615,0.2641562296082457
616,3.1414404503462756
617,1.1240685801659012
618,0.9419029023025404
619,0.5287608533362411
620,0.7126392924446915
621,0.8659091487750233
622,2.587575907910992
623,1.2262288027154096
624,0.27710351784604215
625,0.28980556933373375
626,1.7812888036039607
627,0.45222620999704194
628,0.34591192056439546
629,2.7772129894745876
630,0.16688871721157372
631,1.2504683993897234
632,0.4050008337632811
633,0.8212835136784968
634,0.10697540412681325
635,-0.16764705558147025
636,2.002393484032165
637,1.4246163607238576
638,0.3873876419043309
639,1.9670973987803253
640,-0.13882409526293768
641,1.5294351848391974
642,0.45853978976992427
643,0.8217577056615475
644,1.4945667606927087
645,1.0506941015305327
646,0.1960896493127558
647,-0.32892600749370016
648,0.08489163060164996
649,0.4576497247202196
650,0.031083949906611945
651,2.618127591516919
652,1.0518235643697864
653,0.06761423997447512
654,2.1082391909308544
655,0.5943840551675567
656,0.059578645329766096
657,2.5350587674096565
658,1.5843960533316483
659,1.653247393211682
660,0.7087695642395619
661,0.49493095255537023
662,-0.053363518793173574
663,-0.30132949527768416
664,0.5678694114352759
665,1.0727737250310234
666,0.7417961697094387
667,0.47897364382692537
668,0.3226354125451725
669,0.958572663779871
670,0.9029212407975518
671,0.49105975257233664
672,0.8963653543079242
673,1.1190553887154537
674,0.7264939527664993
675,0.8359364854541338
676,0.8761667212921616
677,1.4326598765958638
678,1.4183201747543235
679,0.23016558696005351
680,0.16615713114805297
681,0.017152829397284224
682,2.476917802465465
683,0.5561988186048831
684,0.17760399790767697
685,0.9283149804075166
686,1.3080659665678043
687,0.7403221296065532
688,0.40180871865465084
689,2.388403870534732
690,0.8044267718998148
691,0.3269800233466708
692,1.4169188616015393
693,0.26030431382553026
694,0.6681400342917028
695,1.1111780424020956
696,0.4216766891355266
697,0.7202142040705765
698,0.16867707438428267
699,0.8415039444784943
700,0.3970793105607832
701,-0.38479539117512324
702,0.7859635230957063
703,0.6939299561435811
704,0.68325435635225
705,-0.16779298694713282
706,0.4319540896849949
707,0.5731596383770096
708,0.7802387379748119
709,3.0279475686181745
710,2.6841903431346674
711,1.2821108907836634
712,1.2134792266035381
713,0.8630044710552485
714,1.748415383265838
715,0.5201008319542718
716,2.0580293150847564
717,1.0578658328003439
718,1.133872583939369
719,0.3749146446515407
720,0.42639746145159946
721,2.188900812205936
722,1.6248723291509766
723,1.973559889998619
724,1.0188369199633547
725,0.10384493767246052
726,3.1287881813130127
727,0.4832580801553331
728,0.5998485307544119
729,0.6661503843181631
730,1.1865662657136937
731,0.895235741480641
732,0.17493628088532226
733,1.0979264234286665
734,1.277179340407963
735,1.8083721090500555
736,1.1808153304001547
737,0.6159693382644711
738,0.2618533865466307
739,1.0219252389896227
740,0.2853134230206483
741,0.43912654847071053
742,0.4896822264089972
743,0.5174939963000037
744,0.4113694096230054
745,0.5352065655369436
746,1.9362485251585342
747,0.16619923026032624
748,0.8445100718168804
749,0.756154054349969
750,0.36138634342926684
751,0.06498667998000224
752,0.3169634566392359
753,0.5229053355007459
754,1.3965713379248397
755,0.4365312814124514
756,1.2813968483479965
757,1.2609850815922496
758,1.3030706980507667
759,0.8123113123519241
760,0.03641569551935853
761,-0.2449082741212138
762,1.3118085230398344
763,0.4716237649439231
764,-0.06366762572288873
765,0.7678711915531151
766,0.1823783835851474
767,1.0959015310086244
768,1.5111602667935518
769,1.8905430169110025
770,0.6940482350153485
771,0.35787349983608135
772,0.6351176033784603
773,0.7254768346200509
774,2.449782613137234
775,2.634411625418929
776,0.29063749176736947
777,1.2722019887203215
778,-0.010497190090339002
779,-0.2966667731938683
780,1.0141857484893395
781,-0.18464124761152279
782,2.0888688244400746
783,2.74251693351696
784,-0.22315628758365363
785,0.9114813816655564
786,0.4700200913783002
787,1.1350903423516385
788,-0.05534638831554911
789,1.311377956912242
790,1.7443787670328625
791,-0.09137401549757213
792,0.6709974509875078
793,1.731527533873072
794,0.24032866993210614
795,1.1046981419124051
796,0.43955210164857245
797,0.32224144407275124
798,1.3375119456188265
799,-0.29206066172230394
800,0.1558280904049501
801,-0.35902970975672555
802,0.423823494179165
803,0.4065196082550306
804,1.3427734745859687
805,3.0071792073119203
806,0.5808617391567483
807,0.33494378766585836
808,0.059007322150171876
809,0.3382789809920603
810,0.8073739578332715
811,1.4953578759542852
812,0.9554720207436916
813,1.5743198594572871
814,0.9860672967881247
815,0.8971783745748133
816,0.9566362630431411
817,-0.08302502248815069
818,1.2535784635208096
819,1.6482424498583281
820,1.4544391093051539
821,0.15244398931225436
822,0.019189179299159156
823,0.6112301404980004
824,0.8168155667351044
825,0.8802555076202255
826,-0.10368726784676316
827,0.3675285861161281
828,1.16885999964572
829,3.588758807103068
830,1.346516737567614
831,2.2000179956446244
832,0.29164590918674677
833,0.5416037183667229
834,2.478649164619304
835,0.8163090000311477
836,-0.08487943654584813
837,0.6031764271298634
838,-0.31840444042294025
839,-0.4314303756374773
840,0.13725299666794824
841,0.7362412509023459
842,-0.011858659447309195
843,1.4817199165236958
844,1.6694333772452645
845,0.8110478504333535
846,0.402575619760613
847,0.6715767441415144
848,1.1799394759660915
849,2.0047642745254857
850,-0.040487153464662855
851,2.0916866562068415
852,-0.34084241895685374
853,0.849234297455219
854,0.4218359238389587
855,0.8613157396287168
856,0.4478754655211712
857,1.8642436038830876
858,0.6708856032091964
859,0.36148011969598065
860,0.8862274227693651
861,1.1255078327513235
862,1.3511468834526787
863,-0.020218480877469313
864,0.8059428411933524
865,0.6270176901527467
866,0.21422021833254792
867,0.37113695206265374
868,0.06743053989591773
869,2.1569611126720747
870,-0.3848852288957121
871,0.20058874412855768
872,2.5159399143806316
873,0.32988154759710153
874,2.5031346575918074
875,2.764328533419467
876,0.3524993654012594
877,2.4916242953252157
878,1.6081252463253526
879,0.6239636270576208
880,0.9084812182133639
881,0.3185193280813069
882,1.0996354992405724
883,0.5921815948404198
884,-0.28413386215383535
885,3.749162412348873
886,0.19581989639580272
887,-0.2805009728891684
888,0.09029728864161883
889,-0.307467098805769
890,1.1957857336152067
891,-0.3750560854699868
892,0.6521169746581456
893,1.404943138957165
894,0.9676296960958816
895,0.2122664796474507
896,2.93774793872996
897,3.373658834972662
898,0.20129487666222284
899,0.2873447566692478
900,2.0693872127867707
901,0.15478225808723262
902,-0.1929512374269581
903,0.49779042865063816
904,2.556045534592763
905,2.0656396448009913
906,3.5782313000316934
907,1.6090305823148343
908,2.3832996541391234
909,2.236967135992066
910,-0.12703776893336152
911,1.190389618723587
912,0.4836340307180061
913,-0.024945226971818186
914,-0.10085159781727229
915,1.0659762046282986
916,1.0188778785752082
917,0.15374049495320377
918,-0.07169928489273408
919,2.245928840606928
920,1.355043203261495
921,1.345448198450679
922,0.19545686455656072
923,1.1634915841291635
924,-0.44946683185177666
925,-0.2475038823827196
926,0.27938607512163305
927,0.2872414425670373
928,0.4427181344350878
929,0.6914266097347179
930,0.8197723076680973
931,1.5756583335407792
932,0.3256310329356209
933,-0.17384097881359
934,1.1332159682277785
935,3.198964731901603
936,-0.5734025925799218
937,0.45714100220648957
938,0.6651202149891592
939,0.7573626840325769
940,0.9958971703727783
941,1.4090432435479299
942,0.048023517433129624
943,0.5828584516545836
944,2.462321486955267
945,0.31753882191262595
946,2.160495868561079
947,0.055171844293309145
948,1.7224386829664202
949,1.9819693491728507
950,0.6505870488193165
951,0.6626227806200984
952,-0.4045060815071152
953,0.5689787801049008
954,0.7670288949835433
955,0.5691576895361702
956,0.36986004210180806
957,0.8979725475798332
958,1.363222830868651
959,0.2170337960603316
960,0.8538142539313901
961,0.020384994829148628
962,2.4206517064604367
963,0.6803664211907903
964,0.15069355993163147
965,1.5105206541782479
966,1.7436331467514394
967,0.29056086479341026
968,1.308063892358646
969,0.8617325265048414
970,0.2576753514338956
971,0.3488799239393243
972,2.8835728929152333
973,1.5905801870180751
974,-0.16648362835174854
975,1.8594595635910536
976,0.23993357972367113
977,0.9692529845637821
978,0.3166600429717664
979,1.6987472103560082
980,0.4620709983142789
981,0.03434981698453177
982,1.874167039833025
983,0.7107596713739294
984,0.2299194032345489
985,1.919451638517954
986,-0.22140913804219134
987,0.1931309201346465
988,0.95136517597019
989,1.1440048696156724
990,0.1213923018156509
991,-0.05612816559818733
992,2.0224823568976125
993,2.3616468857758552
994,0.03762528409365471
995,0.9673125334467854
996,1.0563884412010818
997,1.5937740700799101
998,0.5535619596128144
999,0.4758922202726252
1000,0.5155134278646027
1001,0.0024545763718283003
1002,0.12483220369213054
1003,1.0111876236079538
1004,1.5278692229466748
1005,0.24033691150419723
1006,0.6018863096196403
1007,0.47828800561953394
1008,-0.371369057215622
1009,0.23361069529220893
1010,-0.2881399778789785
1011,0.06264771119931166
1012,0.4675436206021038
1013,0.9320191492117313
1014,0.32425647444476813
1015,1.0127997306779053
1016,0.7171189452497546
1017,2.194303066064828
1018,1.2103152995629847
1019,0.9480348380061848
1020,0.6676399333760037
1021,0.3212500860598499
1022,0.4913118466122783
1023,1.694001410849235
1024,2.132287406674947
1025,3.850412111492557
1026,0.5111814840038907
1027,-0.2754895170701391
1028,-0.28743356864015795
1029,0.644064072637383
1030,0.8287589703458701
1031,1.7887401493977733
1032,0.45096541269061496
1033,0.5583801089628848
1034,1.08011515469032
1035,0.7662091282201698
1036,0.5863183848646188
1037,1.0030739729226574
1038,0.27963375746734964
1039,1.0646761043508974
1040,0.591865576037103
1041,2.8742767703383816
1042,0.6948872307708094
1043,1.5180467814796847
1044,2.0431159564682315
1045,1.84803767072504
1046,0.564862545468637
1047,0.08359847015863149
1048,-0.07510243091501494
1049,1.0403831835305786
1050,1.082978679602147
1051,0.42406523281006264
1052,0.5765675884200978
1053,0.8282285438981577
1054,1.0464870282987448
1055,-0.20593837882467586
1056,0.8675753088763415
1057,3.6460575031947777
1058,0.6486327324663511
1059,0.771669909675972
1060,1.2486666022966004
1061,0.43034344538006647
1062,0.9907843797041499
1063,0.19115791918143504
1064,2.204113549014989
1065,0.901135128460029
1066,0.34975865642853576
1067,0.28987605440126046
1068,1.4606227881064837
1069,1.2549920855748904
1070,0.8781410725240806
1071,1.3665768305689843
1072,0.7859452878029178
1073,-0.4056658303712708
1074,0.2779508013955063
1075,0.7253158277798292
1076,0.8550801253954515
1077,0.5798772312564624
1078,0.44824047030067143
1079,1.2484671553706925
1080,1.1014697089360619
1081,0.36780770044251543
1082,0.4555033483879785
1083,1.411875266328235
1084,0.16321875612399825
1085,0.3908602031707906
1086,-0.006913308164193303
1087,0.22666605796531242
1088,0.8800505538440946
1089,0.04719792126205791
1090,0.4237473427899948
1091,-0.025000236823330014
1092,0.9750607985550166
1093,0.1475194282669825
1094,1.8261320671966206
1095,0.6918806604784414
1096,0.6095434726538119
1097,1.067712457736801
1098,0.1941340271798637
1099,2.405453351081865
1100,1.2278821813323062
1101,0.3616442448223847
1102,0.2966641968504977
1103,0.360809568298908
1104,0.9248939385586499
1105,1.7669611711100548
1106,1.020408109960763
1107,1.6577974111105325
1108,-0.08647367396023543
1109,1.0068533095393197
1110,1.7865106740467505
1111,0.570035326885015
1112,0.4357038929898419
1113,1.6732314095361607
1114,0.09025343250676872
1115,0.23354390542157222
1116,1.3452948517067718
1117,0.4702251169197593
1118,1.1217697767427588
1119,1.2139755901704976
1120,0.9665851310942183
1121,2.201766652027064
1122,0.3583225307171761
1123,0.2755395651984437
1124,0.020100691358363985
1125,0.9083957524892259
1126,0.510240241083404
1127,0.699953062760802
1128,0.9098265595103305
1129,-0.017138586000500857
1130,1.7557699795098134
1131,1.7315260666663028
1132,1.7574368803804918
1133,0.2646530163182265
1134,2.1576336046664415
1135,1.0472267081761848
1136,-0.2330649716510652
1137,1.9071072004415712
1138,0.178860132515481
1139,1.3802591491464045
1140,0.7150882997880504
1141,0.6568607121998103
1142,0.43248357937369214
1143,0.7193684136405782
1144,0.39975832903395103
1145,1.066645098883632
1146,1.0096055954633227
1147,1.527125086013783
1148,0.32384928648545674
1149,0.032025684735972566
1150,1.6389894700634027
1151,1.1976471739049481
1152,2.4191012127381994
1153,1.6091772105558766
1154,1.1006099018384434
1155,2.21934099650017
1156,2.4438382145415605
1157,1.181785808060364
1158,0.48542397575390006
1159,0.022515337847679354
1160,0.4786691578926488
1161,1.8951226171311446
1162,-0.15273924027310043
1163,-0.19521198738608367
1164,0.14842011374965505
1165,0.9631617352465398
1166,1.1039927597827652
1167,0.8359643971423895
1168,1.120443512499939
1169,1.9395481302336122
1170,0.3590526857856552
1171,0.14356728813553601
1172,0.6085821461842974
1173,2.157750982904045
1174,0.34221533814647803
1175,1.8124386720533845
1176,0.9137829850202192
1177,0.7490951921250204
1178,1.6103157285734784
1179,1.174149625860739
1180,1.5924892416061547
1181,0.2601696614827676
1182,0.14557650294321609
1183,1.705887963231993
1184,1.759340487510086
1185,0.9166540402114158
1186,1.0772159025604935
1187,1.1614485215166355
1188,0.06082701625692068
1189,-0.0573074062286193
1190,0.35856741755690175
1191,0.7373505626454305
1192,0.9934090511932412
1193,1.0921507709745721
1194,0.9772439506891963
1195,0.024740328639351966
1196,1.305073166159668
1197,3.183023051414456
1198,-0.05643592104300075
1199,0.6783357555809749
1200,0.49635979648793266
1201,-0.019638050859176658
1202,0.5982582626468115
1203,0.37977219737511503
1204,0.24097682651674604
1205,1.1741168946628895
1206,0.7171813086023481
1207,0.011952472225282718
1208,0.20977376027205424
1209,0.7498642848649388
1210,0.5603145998852298
1211,0.9253610556806239
1212,0.7032515923318172
1213,0.7830627070646055
1214,0.020198290061158933
1215,0.3674934822375669
1216,0.6808602876921681
1217,0.39297233684442806
1218,0.1469703013172097
1219,1.016756515069304
1220,1.028588596950247
1221,2.0906647190080534
1222,1.9687970755108877
1223,0.293872193393888
1224,0.9701535524687079
1225,0.4958244406870553
1226,0.9557133272466832
1227,0.9585675588370681
1228,1.0337389587469408
1229,1.4635369972995014
1230,3.1635263375126015
1231,0.026775090302261342
1232,0.861127463029615
1233,0.521790329904145
1234,0.3073611808509903
1235,1.108153273847935
1236,0.3726278848702643
1237,1.8015129078627432
1238,0.654360084074239
1239,1.9431681671719963
1240,2.054514380307164
1241,1.2945451842453495
1242,0.14154048222714544
1243,0.907693371828498
1244,0.08024281100343006
1245,1.312310778880547
1246,0.7633612410578217
1247,0.1649644293799929
1248,1.2291972104381446
1249,1.527824102623702
1250,0.6464032988615454
1251,1.726864717407849
1252,1.4792425868256214
1253,1.8177030002677665
1254,0.10348720697182726
1255,1.7136196038587934
1256,0.39015695630328306
1257,0.09546422358010344
1258,0.94706556753121
1259,0.4415989475949042
1260,0.31376634646066687
1261,-0.2961912946040293
1262,2.6090355731254817
1263,-0.06777010572788959
1264,0.6077723819180096
1265,1.3132957287523817
1266,-0.35363701776022827
1267,1.1824785862950946
1268,1.007676869520605
1269,0.043449195799987954
1270,0.08039113790457054
1271,0.6591750815756755
1272,0.3893032048542375
1273,0.26605532036701474
1274,1.7609295720766824
1275,1.1949180901638985
1276,-0.29686345877142256
1277,0.48156684405745215
1278,3.3876058942397886
1279,1.6671323276470114
1280,-0.05743454985193183
1281,1.360554385676217
1282,3.393480807135041
1283,0.38451580567531124
1284,0.9834823899419318
1285,0.6003777339271298
1286,0.28355635967456994
1287,1.0151699092919964
1288,1.1212994949892716
1289,0.26478660504939494
1290,-0.23152478309121977
1291,-0.028368356407384422
1292,0.4798753664291505
1293,0.7568395860931447
1294,1.2995786160240774
1295,1.2224728716550521
1296,0.3846224041843556
1297,1.4021642223953594
1298,2.2889478100613845
1299,3.35437626430216
1300,0.8841886249336841
1301,0.03557465257986727
1302,0.6513783681043527
1303,0.9059334359715875
1304,0.6218741425799122
1305,0.6327563064037599
1306,1.5813605707659801
1307,0.6443011604324624
1308,1.1835569836475999
1309,0.18243678714912104
1310,0.9776461662862482
1311,0.05201906739614997
1312,2.310823890962417
1313,0.6168160450749868
1314,0.4931892054479137
1315,1.6637619839400617
1316,0.7387829224214773
1317,-0.013855894049036959
1318,1.0480557282189258
1319,1.3540112090759076
1320,1.3824748904425928
1321,0.3675358088922676
1322,0.5247712592761422
1323,2.398745108394557
1324,2.3238181212189866
1325,1.7594706940068132
1326,0.6366444822207993
1327,0.16695802727129866
1328,0.16528731977019198
1329,0.9156182106693294
1330,2.131055488511467
1331,0.16487388767911668
1332,0.6198168487213949
1333,1.0192446018432637
1334,0.9386189331631759
1335,1.1063900468375953
1336,1.2540416641276508
1337,0.34554997654465336
1338,-0.07537852210196941
1339,1.754298470060444
1340,0.2299663707829955
1341,-0.04011941608974229
1342,2.0298478597604483
1343,0.8900493768304645
1344,1.7410580695121682
1345,0.1583419776355827
1346,0.8463742679068206
1347,1.187927428635769
1348,0.36454823771802536
1349,1.3166697012614799
1350,0.8030928784227708
1351,1.02951363131425
1352,2.7910573726165087
1353,0.05553789576885134
1354,0.2927037019255355
1355,1.733235421223463
1356,1.3944758363106833
1357,0.036168419932551314
1358,0.2790547616388787
1359,0.6368839791448154
1360,0.9698216193822615
1361,0.6403080073307292
1362,1.498230964985848
1363,0.3196542722111618
1364,1.3599552335403144
1365,0.7725604548091028
1366,1.0056422821247346
1367,0.00280850202870664
1368,0.140897106597837
1369,2.0712373108460103
1370,0.7374962931509265
1371,1.339784763010522
1372,2.4207589495857262
1373,0.5482156104152857
1374,0.8933302724625398
1375,1.5567304461511937
1376,0.30011582703156126
1377,0.5005867913763723
1378,1.1047069270869685
1379,1.312567296341418
1380,0.027634240212321283
1381,1.538717877538566
1382,0.6104941648574885
1383,0.8446433566445313
1384,1.1474319149770311
1385,0.11776602882126216
1386,0.40643476513403864
1387,0.50854042014276
1388,0.5134398628612252
1389,1.7523645233894152
1390,0.6891981555647027
1391,0.5803668222026064
1392,-0.2860892219198998
1393,1.0271311090079214
1394,0.6813875106625378
1395,-0.3016580967303051
1396,0.766602717037434
1397,0.4778222664378388
1398,0.37848894981589404
1399,1.0427301385575183
1400,-0.04656847467055966
1401,-0.2897887798406266
1402,0.3382167342664846
1403,0.6717894218621666
1404,1.1906922121106576
1405,0.3877907099434707
1406,3.279717107163635
1407,0.4106356620032309
1408,0.8443524601431895
1409,-0.2355496623458224
1410,-0.36236164786127156
1411,-0.17306126987386047
1412,0.6388439259659249
1413,-0.16117702076925244
1414,0.4133096843331424
1415,0.4713021931825129
1416,0.23077557184368677
1417,-0.09116831879954392
1418,0.4054939229950736
1419,0.9900929378467053
1420,1.3577203759085197
1421,0.6748479349509987
1422,0.5133179254235504
1423,0.41390184454300577
1424,1.392338836908039
1425,1.2608167181028027
1426,-0.008415208960338417
1427,2.429529549086939
1428,1.1975363031670956
1429,-0.12102884572509266
1430,1.7368390220105945
1431,-0.3025005750025716
1432,-0.004219107522877989
1433,0.4393686472591962
1434,1.4199253550895734
1435,0.604387326875639
1436,1.4795238292625676
1437,0.2283550036268839
1438,0.823475736396478
1439,0.23941781151522562
1440,1.4080879928209846
1441,1.3073118183841905
1442,0.8389764529867928
1443,0.4322161647699275
1444,0.5239913559708715
1445,0.37263683966843425
1446,1.9220954278081752
1447,0.8191659016229964
1448,0.2447873089440749
1449,0.9726123021308029
1450,0.806438682643702
1451,1.0531386022894589
1452,-0.10406772820500988
1453,-0.13629629552833203
1454,2.1000317756259443
1455,0.25760193846358026
1456,0.48984955047792883
1457,1.3767317017543201
1458,0.2457579986685915
1459,2.0649560148942867
1460,2.1325269893231225
1461,1.3645312650215824
1462,0.5707396532538136
1463,0.5017879478711437
1464,0.9104155854641578
1465,0.5603188102822693
1466,0.4034957187051913
1467,1.375274052790914
1468,1.0760811680187752
1469,0.7189184178838752
1470,0.6165986633862907
1471,0.3640817864073073
1472,0.7489568804142119
1473,0.5243695770926445
1474,-0.13891113405888822
1475,1.5353280844591604
1476,0.9385575835502914
1477,0.2708043207684438
1478,1.8455086891203982
1479,1.4053707984396946
1480,0.6212149130234337
1481,0.17162547975244596
1482,-0.041250279086252076
1483,0.6114555000546101
1484,-0.03000493323604337
1485,1.2131482865481193
1486,1.9815185882822952
1487,-0.08496283758219808
1488,0.8410193945881524
1489,-0.08702641120724487
1490,1.8027665660899883
1491,0.32651959170836115
1492,2.3188649778390644
1493,0.02480698098690311
1494,2.421456829825389
1495,0.5150021837803941
1496,1.2001807329931446
1497,1.7055284914628481
1498,2.2151163970671197
1499,0.8188179549482922
1500,1.5587060569669666
1501,1.5609112618538739
1502,1.1252661689461974
1503,0.7305255482944526
1504,0.7774150292690155
1505,2.3805424316692743
1506,-0.16947300023416978
1507,1.1626783907297116
1508,1.5970510040271257
1509,0.09694895956114803
1510,0.9427983863745325
1511,-0.08363347401981776
1512,0.9063561668008505
1513,-0.4366188338069482
1514,1.135199721394884
1515,0.04851690250751477
1516,0.4418243680277403
1517,0.22325199304949994
1518,1.0512177896540984
1519,0.46333484533560776
1520,0.3630754424100587
1521,0.5182384207725379
1522,1.0195796516640079
1523,2.4314097390747773
1524,0.8567147818262961
1525,1.1200436716121662
1526,1.2233846491216687
1527,-0.20651329611174477
1528,-0.6705156455119805
1529,-0.13795867908025647
1530,1.5641788611014087
1531,0.9419096194841567
1532,-0.12355408337216771
1533,-0.12668239700438175
1534,0.14766613988444527
1535,0.8706710164560898
1536,0.6483573394577169
1537,0.7176910671900052
1538,0.6072585134127784
1539,0.017307738397187074
1540,0.640678262461239
1541,1.2021495537602847
1542,0.05578661351384758
1543,-0.3098032156261405
1544,0.4839437491516789
1545,0.08318489006474424
1546,1.2593830678567968
1547,1.3388033609078358
1548,2.998414890317965
1549,0.8506664020971173
1550,0.5402138803869294
1551,1.0735455902467541
1552,0.17365019449414767
1553,-0.15921914301129805
1554,-0.13843682563398554
1555,0.8189355471133974
1556,0.699994684720039
1557,2.5694705339144517
1558,1.1175985084242743
1559,1.2179930937913916
1560,0.013131614865173986
1561,0.44463725548997285
1562,-0.13192145528332974
1563,-0.04978730146342728
1564,1.516889724544724
1565,0.0840718242323224
1566,0.19566561108925465
1567,1.264809827801061
1568,1.0286966494806633
1569,0.1081027954252142
1570,-0.40160756948980114
1571,1.6018638600503359
1572,0.8660244056211
1573,0.4107493254429559
1574,0.05713514302027368
1575,0.48936575982429475
1576,0.20598099998279276
1577,0.554672876068975
1578,1.3309392247982867
1579,0.9271872052091332
1580,1.5644070520905966
1581,0.471369908200658
1582,0.8051671464490475
1583,1.3983612432301622
1584,0.38248201864632414
1585,0.567757255515989
1586,0.44767034292773117
1587,0.7437803649060385
1588,0.23561509973487688
1589,1.7957712042109486
1590,1.5410523000754517
1591,1.2270677744236762
1592,0.4663377029742437
1593,1.67675737379771
1594,1.505748966776638
1595,0.8650490539778215
1596,1.5334941944778415
1597,0.07850619484017245
1598,-0.08781993464545214
1599,1.4827493456290366
1600,0.1630379043305105
1601,1.2003138201028531
1602,0.4347263816593634
1603,0.4082888661421692
1604,0.9994264027504498
1605,1.046967969756496
1606,-0.19929180527645673
1607,0.385860447898579
1608,1.2525687512822017
1609,1.0278711090544903
1610,-0.24262899766622362
1611,1.439836000322409
1612,1.1303315899891038
1613,0.191175203642007
1614,1.1643155767762656
1615,0.7476023862586894
1616,0.9833761046477368
1617,0.4275300563745168
1618,-0.1059808245004343
1619,0.5419928280376846
1620,2.003387100921771
1621,0.19363472182035626
1622,0.05152630260021386
1623,0.3987217928124247
1624,-0.05883995251061569
1625,0.6898946945769144
1626,0.19455501521246218
1627,0.943317604158166
1628,0.6132444124429689
1629,-0.1261374021381558
1630,0.16642303066267047
1631,0.8261453480241178
1632,0.5020666513071385
1633,0.027633523654656322
1634,1.1846565662430097
1635,0.4452551739974825
1636,-0.06693545140655649
1637,1.634701717334698
1638,-0.13373952522900004
1639,1.5203034360326448
1640,1.3463097093901102
1641,0.9644476590064179
1642,-0.01642295244825889
1643,1.2556334413050032
1644,0.2784670389063925
1645,0.7392330395478046
1646,0.9667447056324839
1647,-0.02160957624078427
1648,0.7934327360773298
1649,1.0104081481735279
1650,-0.4018415268974242
1651,0.34330023658239206
1652,-0.1241212039228206
1653,1.252974681780133
1654,0.659679070172917
1655,1.248006978579518
1656,0.2595341679665773
1657,1.3206800800689436
1658,0.5931902241499172
1659,0.1201822996754648
1660,1.67590596726348
1661,0.5637445361289708
1662,0.5132689066391234
1663,1.1608707130627558
1664,1.6035823917118326
1665,-0.07900948444743885
1666,-0.18964314215814046
1667,-0.2206169090216265
1668,0.8659078092872577
1669,1.3619301691721175
1670,0.23544458453136746
1671,0.9295180036402788
1672,1.8266673563284934
1673,0.2499421895245303
1674,0.02346879899810862
1675,1.0192160961048904
1676,0.15313503276894483
1677,0.45203120007467373
1678,-0.23485693053678994
1679,0.8214530532651323
1680,1.234295969022544
1681,1.115174840945251
1682,0.5593218301878644
1683,1.352473589668809
1684,0.6375937504496069
1685,1.0513412418045944
1686,0.3440659223721541
1687,-0.5541622995624772
1688,0.5842601137555704
1689,1.0471345134760226
1690,-0.04177966753459402
1691,0.07521031213490682
1692,1.125180431813452
1693,1.136310205658492
1694,0.9312245694553198
1695,0.20873605795098402
1696,1.1016841390125445
1697,0.3158715818908049
1698,0.670114467853892
1699,-0.40112659976994147
1700,0.615544177737362
1701,0.17470090959514856
1702,0.18055365147896818
1703,0.557004780322317
1704,1.8093694366558875
1705,1.3859431996413956
1706,1.1786028890801699
1707,0.8639848769775165
1708,0.46382233459352035
1709,1.575687633649337
1710,0.5961595252416887
1711,0.5417715775368858
1712,0.6234230504849267
1713,1.1393134271146772
1714,0.35341367471359325
1715,0.7073317210103063
1716,1.371048009637451
1717,1.5937471607718208
1718,0.9444238333412226
1719,1.6821683618494945
1720,0.5393344409970993
1721,1.2433566765074866
1722,0.5871008831851259
1723,1.2772569299631074
1724,-0.016273657051978314
1725,-0.03193463536857097
1726,1.1515105980078018
1727,0.06928246807582682
1728,-0.21281487914033934
1729,1.627905896349774
1730,2.207470362647131
1731,3.0983874366390154
1732,0.4965252282565971
1733,0.6576208493512992
1734,-0.1314785344560571
1735,0.07691249162315447
1736,0.7520607106382065
1737,0.1419760796500445
1738,0.05775201064764814
1739,0.6958292707383759
1740,-0.11890649134049121
1741,-0.04953584214790715
1742,2.983128014285676
1743,0.19030175380225095
1744,0.7373367256800674
1745,0.7120080714741152
1746,0.306378338801145
1747,0.8715585112599178
1748,0.7216016631612845
1749,-0.24952039872220735
1750,1.6754368139147384
1751,0.7264551465936804
1752,1.2668509838461388
1753,0.5657986044884271
1754,0.32987360692469125
1755,-0.07836023053587515
1756,0.8975027932913398
1757,0.8778486659720992
1758,0.9092700379510511
1759,0.10848094627513612
1760,0.5896655540663356
1761,1.3204531798285786
1762,1.4856306777427437
1763,1.0946502723867622
1764,-0.2024038179963788
1765,0.323711683325311
1766,0.8774747379676126
1767,0.2282443729657625
1768,0.2512882909602303
1769,0.9217831351516393
1770,0.8594441752460329
1771,0.16074050573560805
1772,0.008523707840272014
1773,-0.03530821774089526
1774,0.46735649475581786
1775,1.3692974358289125
1776,1.26439817684265
1777,1.018161989213396
1778,0.13898945952000524
1779,1.1947802682837325
1780,0.44107691924802767
1781,0.20664605610007467
1782,1.8417766938282758
1783,0.4145932815737665
1784,0.5705509791083112
1785,1.0337565457439015
1786,0.4587180388059375
1787,0.5038095672299009
1788,0.7589458229596393
1789,0.45495010256483565
1790,1.0898649212344604
1791,0.8286414517794636
1792,0.9024542984830217
1793,0.43988694871628414
1794,2.061842706540259
1795,1.729473005244268
1796,0.14884595919875593
1797,0.6203207909193879
1798,1.3990381853561475
1799,0.6829387271592805
1800,1.3583049986935678
1801,1.0439869707511007
1802,1.0071341754762038
1803,2.196107632265486
1804,0.44168743156154344
1805,0.5920378044388258
1806,0.005298521303959451
1807,0.8822531934462188
1808,0.2088146615767697
1809,1.3530252830648113
1810,2.447237284891703
1811,0.9039172786951316
1812,0.7503835801601586
1813,1.281813665485477
1814,1.8740699110219372
1815,0.47544727014768606
1816,1.2629935733872648
1817,2.484346448244709
1818,0.27409284798538613
1819,0.9391510696693188
1820,0.7670112912407734
1821,0.923969603376808
1822,1.292872029717434
1823,0.4784357786791127
1824,-0.18735640642806628
1825,-0.3162479864901068
1826,0.40969819704120986
1827,0.6467818670055874
1828,0.12915092185512525
1829,0.20809478077853558
1830,2.42872648088555
1831,0.21547710240140422
1832,0.9858657597366857
1833,0.2363174335792062
1834,1.3431008846124195
1835,1.7374124941840987
1836,0.10596527035864918
1837,2.1298089247348626
1838,0.9071062249127214
1839,1.0589767637896403
1840,0.7916958568961755
1841,1.697279842275505
1842,1.9424161388250725
1843,-0.04408162004327631
1844,0.02221208211655587
1845,0.6733763792419485
1846,1.3688900206107768
1847,2.3714013880663223
1848,0.45571483476538865
1849,1.1581950618729897
1850,0.3197911382362463
1851,0.9990590971038411
1852,1.6338408147028187
1853,0.7603479125759285
1854,0.9227579383787301
1855,0.6491367188313781
1856,0.6950934368244377
1857,0.6659881604536397
1858,0.6109005743772719
1859,1.1922263800245534
1860,0.7252548902718237
1861,0.8454516124742273
1862,-0.16781242838821425
1863,1.735010191534992
1864,-0.002648767070500422
1865,1.1776141300808916
1866,1.1285314589367221
1867,1.2078417485205573
1868,0.1301444502339791
1869,0.1408384734489776
1870,2.6310594384338186
1871,0.755698346739155
1872,0.7325505543005807
1873,0.7097749765447089
1874,0.2930663922176785
1875,0.47768093951106544
1876,0.878583530183745
1877,2.7929172319126527
1878,0.2884121237743881
1879,1.9293669058883336
1880,1.3079275367638887
1881,1.1115541454764808
1882,1.8488023064014323
1883,0.11553535136551887
1884,0.9186235281517382
1885,0.8624125386386116
1886,0.4681611121652212
1887,1.188483968606592
1888,0.8181198912782643
1889,0.8803470140970627
1890,0.3055059975542335
1891,-0.11847853367360937
1892,-0.4271743017897059
1893,0.01168476423640889
1894,1.0481767742917907
1895,0.2924618222336404
1896,1.2380768577784704
1897,0.8267069491750509
1898,0.2614560301679899
1899,2.5221043198277786
1900,1.1915288312839625
1901,0.6105790619487808
1902,0.7642860822991226
1903,1.2788678867331318
1904,0.2923860706293617
1905,1.9119919608452798
1906,0.858936422519337
1907,0.5779252991791429
1908,0.15514985113676494
1909,1.7462271579440454
1910,0.6530380413565331
1911,0.975275906018235
1912,-0.08494605165285826
1913,1.9845295164669499
1914,0.0076105996278320875
1915,0.09420690194944757
1916,1.694936560949858
1917,0.9692728265593329
1918,0.2300166109092969
1919,0.2741700106346247
1920,0.2532194174932104
1921,1.0589684088508695
1922,-0.3344191150671019
1923,0.9484042531600558
1924,0.3574679742862034
1925,0.493056332168243
1926,0.7591570340130306
1927,0.32442069209872393
1928,0.583180717453523
1929,0.5268557350031322
1930,1.7448668757073982
1931,1.3871125622226455
1932,-0.3281344671183552
1933,-0.4544647794820708
1934,1.2139350061689875
1935,0.29873407891870263
1936,-0.020918658510229303
1937,0.6759647078565121
1938,0.29104940376055827
1939,0.17320592062758566
1940,1.2792548814512825
1941,1.7699258669364388
1942,0.6665432310344286
1943,1.319897297922014
1944,0.5565057816608737
1945,1.155684801627486
1946,0.19601488649336604
1947,0.25198941668150493
1948,0.5377283519709013
1949,4.1013434842744
1950,0.3371019928286024
1951,0.6613615735354296
1952,2.196601340182705
1953,0.8499554250746371
1954,1.1771148839909868
1955,-0.3329790465546137
1956,1.3868800947823647
1957,1.8027414168832654
1958,1.2182870546449032
1959,1.0026790635021432
1960,0.7041041719040921
1961,0.7685186521656127
1962,1.7246338713423082
1963,0.7019786892939377
1964,1.830128664062501
1965,0.9895650578791534
1966,0.4091668769643492
1967,0.10111165910741624
1968,1.526667243048637
1969,2.295364597957817
1970,0.32747475737395393
1971,0.6731587705698114
1972,0.7466680216326926
1973,0.8406672740730993
1974,2.2068838590137547
1975,0.6781100082290844
1976,0.7243759796319884
1977,1.9060003959539664
1978,-0.28921932478241213
1979,1.0989105641460528
1980,1.2752371332977879
1981,0.1976718862694181
1982,0.8785937830372333
1983,0.8218351120296417
1984,2.497750411099337
1985,1.164492770970498
1986,0.9279012440436807
1987,0.6478191552068475
1988,1.4023356532751174
1989,2.6401887971506186
1990,0.9934222392392911
1991,1.4460224405547886
1992,0.02404365230429875
1993,0.14563776374238457
1994,1.7032555667663642
1995,1.4940621978153326
1996,1.021335030963135
1997,1.9459371807151307
1998,0.40127793658080557
1999,2.1502044421252213
2000,0.5766146644018272
