simulation_id,simulated_cumulative_return
1,-0.18431370309252426
2,-0.026448759995784412
3,0.05480343830309219
4,0.672379006149504
5,-0.077134752189785
6,-0.014821862772109489
7,0.15440866719721746
8,0.16557545889842282
9,-0.233211311451998
10,0.12013370154707145
11,0.7544031194675739
12,0.046665299798113666
13,-0.02636973437876443
14,-0.296484283294689
15,-0.30395047649658474
16,0.13483782176053402
17,0.09152077932497678
18,-0.00781679516405847
19,-0.016663775452310476
20,0.025400032732249805
21,0.06788323322652333
22,0.6817196497798096
23,0.019368287016120592
24,-0.14619831186367147
25,0.12751432692187223
26,0.18485320994260465
27,0.3874149803940632
28,0.21338251386828588
29,-0.1650352460176607
30,-0.08621549367046126
31,-0.13879505768381226
32,0.1962397150266289
33,0.7515808681899137
34,-0.2748781826852936
35,0.12877029947892604
36,0.9263079301577695
37,0.24792744311450238
38,0.0617365644747454
39,0.24738295297382543
40,-0.25880238524799054
41,0.3887543680062265
42,0.667451288401064
43,0.36860601608361004
44,-0.13949041142643023
45,0.33341783113684087
46,0.1157813344305325
47,0.006069406085970902
48,-0.20003378175676284
49,0.06588293161200365
50,0.28756188099663654
51,0.21185103608079575
52,-0.03147534199335414
53,0.10702660427497049
54,-0.3620262443727376
55,-0.1310358826316513
56,-0.04187666732233581
57,0.518650073070881
58,0.27163147147007277
59,0.35199708854506145
60,0.3910092687998051
61,0.2748541431455965
62,0.5544097737100955
63,0.39048626644550016
64,-0.08631079898364269
65,0.14581293985488722
66,0.3061658500419219
67,0.6344653299287542
68,0.2646018518753071
69,0.31955476517115644
70,0.3614424764976167
71,0.3171545558352361
72,0.2127038631506959
73,1.193784599504408
74,0.035198717489673244
75,0.53134452994356
76,0.9812122640736293
77,-0.14210895560487924
78,-0.3153725309664053
79,0.15365718928507605
80,0.31189063034898584
81,0.17616259649734325
82,0.1454321458080664
83,0.08443458167656485
84,0.0735494463199435
85,0.06110688720967183
86,-0.19160864712783732
87,-0.18422029186553912
88,-0.03148073003164964
89,0.08656377742037663
90,-0.43243266723779894
91,0.26798885852423926
92,0.4253510723152848
93,0.28352061190829947
94,0.6070199345608082
95,-0.26070982064643
96,-0.3000282403863806
97,0.1477789565108946
98,0.4544734759401101
99,-0.07351585963680166
100,0.2969942878444585
101,-0.3526901023565082
102,-0.20565131004418896
103,0.2743973391882107
104,0.1867602503695048
105,-0.19890849772719305
106,0.37848856549282495
107,0.622035157385958
108,-0.3125675781090596
109,0.4348769471411677
110,0.7638052620983741
111,0.06869177016696618
112,0.060809426642585145
113,-0.23243156239961282
114,0.17351345539698756
115,0.15514817800270958
116,-0.06924241142021961
117,-0.12980380950926393
118,0.2041739020784136
119,-0.1559357331183948
120,-0.08446171679001535
121,0.2007007707958302
122,0.3513192701512291
123,0.3224608093001533
124,-0.14827855924223116
125,0.4107295088597931
126,-0.22785521006027015
127,0.9245166025672351
128,-0.11058209733466567
129,0.6210591368808271
130,0.581169959629323
131,-0.3484290668216086
132,0.7177709410142995
133,-0.11393651455151209
134,0.16537209545238418
135,0.23281284559337254
136,0.22337769968466706
137,0.024761662382408144
138,0.4255936949108229
139,0.07194357710409988
140,0.05563386086073936
141,0.32605484338325763
142,0.8153669276388594
143,-0.0949844549786832
144,0.04926890699939223
145,0.4183071193346734
146,0.3309259528979364
147,0.09800295548285809
148,0.13093585282827103
149,0.30129562140957555
150,0.09340689039898616
151,0.19402568916534568
152,-0.24392035535592657
153,0.31599501945231734
154,0.2525008961527134
155,0.0230950827309574
156,0.7063951178236664
157,-0.3281404699254932
158,0.41729459599585966
159,0.4308748037015416
160,-0.17536527997614787
161,-0.0717190126972338
162,0.28098049796849134
163,-0.15512101344421542
164,0.7814755901422523
165,-0.12557152971152025
166,0.12271940544868461
167,-0.08500733825844631
168,0.07639842918589188
169,0.5262450222794728
170,0.08245148478339535
171,0.3159280129646181
172,0.4651390419991915
173,0.17566000694926032
174,-0.06683265384553887
175,0.567324081416712
176,0.7337770197586834
177,0.14372364795428053
178,0.2965098084017935
179,0.39700679718822224
180,-0.050464379448489805
181,0.4990825196167179
182,0.4721960899649143
183,1.4543045504845042
184,-0.21455265702502616
185,0.11466429733870281
186,0.04452223716795019
187,-0.05146279775839325
188,-0.2082756452217281
189,-0.18209899383050293
190,0.6629985720374493
191,0.19604310720419343
192,0.18962526782974187
193,-0.024468350041304533
194,-0.1843605031066353
195,-0.043520618120307025
196,-0.19029037448360814
197,-0.12449766733743883
198,0.318132401137987
199,0.17878816648895332
200,0.3758503212442124
201,0.02554342908867758
202,0.11906414516524787
203,-0.29898244392854634
204,0.293762789306084
205,0.4995935212412581
206,0.36710896402911214
207,-0.37766672021459524
208,0.7130896899759686
209,0.3072223045618363
210,0.7246134713004762
211,-0.17432691057059518
212,0.06901902574941345
213,0.7578799526419198
214,-0.09720638156933376
215,0.3594039988008511
216,0.4331240166219992
217,0.34583135892660033
218,0.02818127677362733
219,0.30026754055800875
220,-0.14598798172116964
221,0.10684926640020674
222,-0.5131929430897477
223,0.1921682703797394
224,0.015594144900647209
225,-0.10977741408733313
226,0.8498232838675004
227,0.09370341940812005
228,-0.30022043926968145
229,-0.26230461379543546
230,0.46124430646975223
231,0.24465341822113945
232,0.1756846802328765
233,0.2891869355267531
234,-0.04438263560107495
235,-0.061601754186380926
236,-0.2060213455028945
237,0.20705755688063748
238,0.40047364941119207
239,-0.5538804841412556
240,-0.05616984242011676
241,0.06419894534018915
242,0.07060760959022654
243,0.015143985059425675
244,0.4462336492049329
245,0.19852780825055646
246,0.422653730089146
247,0.2872025945969848
248,0.7291627875310105
249,0.05257217688710735
250,0.2531250450338632
251,0.21682530116364382
252,0.2789040345091072
253,-0.20108877645262352
254,0.44923324871729586
255,-0.2052982157151038
256,0.10142347484376633
257,-0.14718944096078312
258,-0.4378849587916256
259,-0.05407627304850823
260,-0.08037001429414813
261,0.25242315221245004
262,0.06534896251144738
263,0.6912187559065046
264,0.0840506775871264
265,0.11556006855258003
266,-0.15156187265897783
267,0.0489474596035138
268,0.1991088351860575
269,-0.14922815242057016
270,0.07005411183676238
271,0.7911912782419063
272,-0.1329238367666547
273,0.05274701654282146
274,0.027299422471433937
275,0.5789258918921639
276,0.17649277301543548
277,0.6068209526116863
278,0.0562018319508351
279,0.26881489038230777
280,0.35834543766105675
281,0.08090449919859186
282,-0.27436398501329273
283,-0.21681514010408298
284,-0.2969857359110785
285,0.09256343321167523
286,0.17789462731692132
287,0.4572646332519264
288,-0.1404765317443008
289,1.341599429234198
290,0.49094190187097914
291,0.49176952675267505
292,0.2204417649852708
293,-0.03678144287328812
294,-0.3653442010130203
295,0.5358860365343865
296,0.07477701799212595
297,0.13839023487507499
298,-0.054796257140225804
299,0.004472633896265442
300,-0.33495215219961993
301,0.41199719394716583
302,-2.223518040156344e-05
303,-0.4045084314559455
304,0.30305179449351455
305,0.5499463446881009
306,0.10414539786924418
307,0.32764567927243143
308,-0.13820046128426158
309,0.3355344943629866
310,0.036825166014151416
311,0.1118272026871942
312,0.46027057897515833
313,-0.00891079485966044
314,0.35641232660454025
315,0.007057005074272213
316,0.3625480022040351
317,0.11444129591324122
318,0.5935939952561864
319,-0.13111925718633446
320,0.011122403687593515
321,-0.09769077067958355
322,0.0059177215959516066
323,0.5801840178129786
324,0.9471749409428005
325,-0.02841850585170747
326,0.12408990250254326
327,0.009871006484652941
328,-0.12094890619313238
329,0.13347882784397921
330,0.5722374734141283
331,0.8603091830515232
332,-0.20683528078220972
333,0.057547406188443784
334,-0.2512138336024218
335,0.5114868060305
336,0.2415840691833853
337,0.5351714035467334
338,-0.2231240309892256
339,0.20309045678885612
340,0.1902983179577818
341,-0.10389120866265365
342,-0.024453605248700664
343,-0.25609307304738615
344,1.2176856539398455
345,-0.11344307182616975
346,1.5243810717398425
347,0.04742728653871558
348,-0.07966940056678287
349,-0.0569232298450623
350,0.2011481142910912
351,0.5144266223292508
352,0.2281428446834098
353,-0.3702307917860199
354,0.04773529838513515
355,0.6343545272534047
356,0.709678989477348
357,0.5420279708151768
358,0.08994263664109552
359,0.6757126533885137
360,0.13592609404003156
361,0.0643140650365593
362,0.6333119832374525
363,0.3817012960844424
364,0.06620229168400428
365,-0.32621288777306634
366,0.7823221261921325
367,-0.15344070889268158
368,0.9496744832531256
369,-0.05203589007804261
370,0.4899287441268115
371,0.5225515443266836
372,-0.17543294359705985
373,-0.10612035542690482
374,0.6016489940927212
375,-0.23029630448255117
376,0.17751032914652778
377,-0.05575764704489304
378,0.36116219626456086
379,-0.2823256283264081
380,0.3388854138779647
381,-0.23334855784156108
382,0.048598061105597994
383,-0.0738518370160789
384,-0.1430591225774007
385,0.37514752336835916
386,0.10706542430427314
387,-0.05658834909253895
388,0.4345110947469175
389,0.6042498988764842
390,-0.12582506836208215
391,0.12153464960878257
392,0.2943791643720215
393,-0.1662274651748834
394,0.2842507839204281
395,-0.39099560551562046
396,0.26774733615273755
397,0.2004556240682705
398,0.5606060923881737
399,0.052850223763584524
400,0.1339581143923332
401,0.22665486973465485
402,0.08542228000168448
403,-0.01437487559803014
404,0.15562265876837922
405,-0.43188308851986373
406,-0.18099036528756804
407,0.2506945460100843
408,0.3657296736682837
409,0.08197735663191733
410,0.2047606564038342
411,0.6207580105897943
412,0.12541044536851254
413,0.3300481269257851
414,0.10452554659486722
415,-0.09922207111936264
416,0.1494302276339634
417,-0.20271641985866076
418,0.20304844172431055
419,-0.12988458782130027
420,-0.23371709486272113
421,-0.26037299320957574
422,-0.11313111290175851
423,-0.23353621279603246
424,0.06956086122588097
425,-0.29590626371485684
426,0.5953117707583206
427,0.14490933422393418
428,1.0115921608335001
429,-0.11767368876946417
430,0.3907215491169356
431,0.17639347623174734
432,0.20075254416038638
433,0.7437760653365985
434,-0.1931418699180764
435,0.7154301201972799
436,-0.27661503856429404
437,0.2553241602620251
438,0.6607057366579862
439,0.2902342156097351
440,0.10652797463779354
441,0.005698441011561062
442,0.9150030330134931
443,-0.21038864807522645
444,-0.23001783758436678
445,0.08965926589050503
446,-0.23861132160231546
447,0.7572087588526397
448,-0.03975960639385637
449,0.009742079154506306
450,0.07488294813922285
451,0.5610457895865231
452,0.1965590296201779
453,0.03504977917552902
454,0.018789661572632597
455,-0.03811299349236792
456,0.37759370818884536
457,0.15723203498101973
458,0.1540784108604942
459,-0.4228724272694081
460,-0.35539539230827444
461,0.11081084578272699
462,0.8052682659326247
463,-0.24345805317393404
464,1.5317892277987875
465,-0.2594314448626967
466,-0.12993352576073244
467,0.3519191417016604
468,-0.028289216304029193
469,-0.38300121013585475
470,0.26295321500703867
471,-0.17991697305435958
472,0.16992718887743216
473,0.36352172004978317
474,-0.07559099136008302
475,-0.22587728326057135
476,-0.2756428188308552
477,-0.22632959435435374
478,0.7336926292096241
479,-0.02550723303829094
480,0.09865805027197859
481,0.7040684758337943
482,-0.06270836290893304
483,0.7400655336415436
484,0.22920557654254375
485,0.3155787241585113
486,0.10398588157949712
487,0.44324835587305605
488,-0.2746780953419986
489,0.45570621207158635
490,0.331529666051116
491,0.7404230384121552
492,0.5393828581084923
493,0.835321100785672
494,-0.18482825029063157
495,0.638337949465256
496,-0.1619171211689297
497,0.6179728483032596
498,0.6255327193648956
499,0.025146576891579665
500,0.15438136487359413
501,0.31131986535998235
502,0.43194227719794104
503,0.1418664566415645
504,0.022408219829076047
505,-0.07441642748146186
506,0.0022866737184398154
507,0.288235481323034
508,0.24681296556535992
509,0.7280291343590748
510,-0.08082735337633824
511,0.4719802869368262
512,0.8729757901039346
513,0.28477909374994365
514,-0.12811467241493268
515,0.7563238835075032
516,-0.1646521622524892
517,-0.20348809944979826
518,0.21646436751613599
519,0.4763257171248013
520,-0.01336125281651478
521,0.1099575721356672
522,-0.1483736704885858
523,0.03901194909124103
524,0.2615963525525173
525,0.2087706560688492
526,0.7198246286921625
527,-0.255166191362361
528,0.2413835000065751
529,-0.18903506296452557
530,0.43041980827667325
531,0.1788904771899289
532,0.11024237109992797
533,0.06160224909143969
534,0.30317087826490124
535,0.4410451234457562
536,-0.16250352326318718
537,-0.019107567902186883
538,-0.10612813090232007
539,0.18351769410381494
540,0.6126134619057407
541,0.15284957847916453
542,0.18364454666569177
543,-0.05820344767964404
544,0.31392424846623534
545,0.02385254167029648
546,-0.21071020984294433
547,0.591902241157043
548,0.47956296138644705
549,0.6651625137887472
550,-0.3118954664942162
551,0.1483543906161533
552,0.0066589422494854784
553,-0.009948033435770645
554,0.30380598514155127
555,-0.175837811545205
556,0.8093972509377307
557,0.8534682416218601
558,0.3752610344417402
559,0.5916538427252893
560,-0.12018113947082094
561,0.358186465448876
562,-0.4182134051921727
563,0.00577279126937298
564,0.12451164411004091
565,0.006780942112739767
566,0.24190374979977697
567,-0.21173782552544637
568,-0.41263727341412165
569,-0.3070475602318589
570,0.3660401163344865
571,-0.1930329996862764
572,0.9608151030616264
573,0.19558887030916416
574,-0.12513611030349625
575,-0.2947847919320051
576,0.256626409351946
577,0.06207616670386505
578,-0.05741979254049271
579,-0.19747354661109345
580,-0.14716050846143136
581,0.020232130195435172
582,0.3269232430009524
583,0.8013316186940761
584,-0.2388395613162217
585,0.05768762704617508
586,0.6727582966502675
587,0.07453043985625123
588,-0.20371391739512046
589,0.656015281192495
590,0.3866707850501097
591,-0.042276833859320795
592,-0.014394096939617934
593,0.042911059374811
594,0.8554911239465632
595,-0.1508663528567111
596,-0.3620535696857933
597,-0.2090817364274001
598,0.2991408273712487
599,-0.36796124445677214
600,-0.21240493349875633
601,-0.26643829615024134
602,0.4052357631461445
603,0.16040517801804632
604,-0.06006737835490685
605,-0.3558088392750882
606,-0.16575947826937482
607,-0.26258673056930537
608,-0.328891040154959
609,-0.13571865988371584
610,-0.13109331613865322
611,-0.04471905031689733
612,0.20163438890254026
613,-0.15441521686178855
614,0.7548494039827307
615,0.5980777617803122
616,-0.15589599854683459
617,0.06705769135182565
618,-0.09590311293212773
619,-0.30943941841859446
620,0.04151653380688906
621,-0.0749862491583215
622,-0.16247869080860855
623,-0.22345821552076447
624,0.07179755159611224
625,-0.1677879673746058
626,0.2752998324516715
627,-0.11589916801494521
628,-0.147251127472545
629,0.3193038673213421
630,0.11878475023445483
631,0.12767242551518485
632,1.1187310393597414
633,-0.004274747223705848
634,-0.049556726157887476
635,-0.24988843441993405
636,0.5294356960308736
637,-0.15518038495507597
638,0.6322586915170376
639,0.08191132039329843
640,-0.19504461719483787
641,-0.001101008058882432
642,0.25255138870367116
643,0.7971766339098599
644,-0.1825331987644352
645,0.07096784734434688
646,-0.31558649443014836
647,-0.23330740575246323
648,0.553098296671325
649,-0.12349935795238048
650,0.324996437644534
651,-0.00902586554238422
652,-0.1260747308654092
653,0.24786977470073493
654,0.5241046311693106
655,0.955665964951482
656,-0.295096356863367
657,0.26740938536999675
658,0.034587697156976696
659,-0.2009417261430958
660,-0.027716324522099392
661,0.23802031852610198
662,-0.2665524807911149
663,0.16973997437958857
664,0.48045204171658595
665,0.9854286082834799
666,0.21653355829527604
667,-0.32514210971915003
668,-0.29875747301102445
669,-0.07731672012840805
670,-0.12011530441237259
671,0.28300299537368134
672,-0.4893255013776773
673,0.7842688837251562
674,0.4768814696395881
675,-0.2548384202301297
676,0.01891319410399097
677,0.021918291510568528
678,0.4938686922434904
679,0.0344803103623546
680,-0.23233769028585904
681,0.18832185587560712
682,0.10499406508507615
683,-0.3306913716588829
684,0.30156803109152225
685,0.1937876188005722
686,-0.10049784544608778
687,0.3480194476477284
688,-0.2085169377197987
689,0.858418486692543
690,0.11891772948927254
691,1.0280504441309992
692,0.41329295881768285
693,0.4036838019315597
694,0.26863391745419635
695,0.16919883269720087
696,0.07476530772847008
697,-0.08272096091632976
698,0.150010409348134
699,-0.1425105456127499
700,0.010552019902434465
701,-0.12354143669428061
702,0.5255168966421722
703,0.21046320883558767
704,0.48799055710149625
705,0.39952206385253325
706,0.18607978404103537
707,0.3823229988326425
708,-0.014641067548988756
709,0.24600289144293744
710,0.2157535893360874
711,-0.2137089966955578
712,0.2172430160093753
713,-0.012712539879785932
714,0.11468671025835384
715,-0.31966726183975475
716,-0.013172379794787395
717,0.8029365593955554
718,0.1387736090607695
719,0.022964223883462975
720,-0.3925653263127301
721,1.2815412124995902
722,0.11645881235441295
723,0.48889961474657695
724,-0.19642527043629793
725,0.5364311900883898
726,0.8895432449020738
727,-0.0849450308316956
728,-0.12902470868276633
729,-0.027710276159193012
730,-0.11300081260067836
731,0.8670270973109246
732,0.14592350917232105
733,-0.10004149840934032
734,-0.03501593266901069
735,-0.43063093487407433
736,0.5146034759783609
737,-0.138961350087143
738,0.6907125422822942
739,1.1962505947938442
740,0.10060875669176503
741,0.3418069328427916
742,-0.12028449522976158
743,-0.0003394464422933773
744,-0.150457006314604
745,0.237097583422636
746,0.10174820882692721
747,0.4599808089047459
748,0.169508104917041
749,0.2905841228126582
750,0.13661259689919397
751,0.06409678941901498
752,0.20517891345721148
753,1.8189669177979622
754,-0.5153337445801374
755,-0.028637706669466245
756,0.24545146963078904
757,0.07248238046887652
758,-0.11925428044939873
759,0.36399478270744473
760,0.12962113581107482
761,-0.06744334910664107
762,-0.0861848282535548
763,-0.1047214023838171
764,-0.061462790090799996
765,-0.04794429504439633
766,0.028185256494521162
767,0.4413998051159208
768,0.5850815221425316
769,0.41666650204482614
770,0.36927571737646053
771,0.2742495727360814
772,-0.0025931463950819847
773,0.15383779251114862
774,-0.038789434884463056
775,0.0436352762594841
776,0.3311619798157477
777,0.3263473139147708
778,0.13841595187385838
779,-0.2868136732823379
780,-0.26465110968491923
781,-0.29458654723068195
782,0.08373341673186598
783,0.14468152167024398
784,0.32457933983299175
785,-0.11926234688743184
786,0.3434626309321984
787,0.3065247365751314
788,0.01826054225643854
789,0.30679249401964465
790,0.15070259842871492
791,0.527059204317326
792,0.6508325472072055
793,0.9537392361553905
794,-0.006516482307534069
795,0.1301518862628623
796,0.6910506536518024
797,-0.24188207515637808
798,0.47103696777071863
799,0.3698758007993301
800,-0.16821150632502632
801,-0.2897096291548872
802,-0.29550325576045655
803,-0.3028659618822018
804,0.4208260392510083
805,-0.24699862607438894
806,0.5499470639730719
807,0.22857858488197794
808,0.2412652516147567
809,0.17637781622605475
810,-0.1363571515556169
811,-0.08777090330691978
812,0.36965607145459245
813,-0.14852321537323793
814,-0.07306944586711063
815,0.37889647207977695
816,-0.22499931613606441
817,-0.16068672396688355
818,-0.28087773974223473
819,0.0414593243113254
820,-0.3317890435604051
821,0.11718862335577962
822,-0.15096244887782828
823,0.3552123646966829
824,-0.010188620211013572
825,-0.12658082124979814
826,0.7848950648922446
827,0.06684202402742251
828,-0.24244390600036056
829,0.14698084448586285
830,0.12089799326982144
831,0.32658112280968965
832,-0.06180924369202043
833,-0.014377316556537966
834,0.07762189835091873
835,-0.13277540552472797
836,0.24339240474466345
837,0.5379619157986061
838,-0.27266980104856225
839,0.4017861479671376
840,-0.06871421171655569
841,-0.07052074598104177
842,0.5980098212471522
843,0.1156029196812563
844,-0.2426455362712087
845,-0.12723095100647366
846,0.13682540836887466
847,-0.2124851434411676
848,0.2516260725949049
849,0.29759378353599264
850,-0.08301716083042947
851,0.5576103435194204
852,0.16251057404186342
853,-0.10819123303130279
854,-0.3272285190949873
855,0.517478296574748
856,0.10927062012986775
857,-0.12237244143979806
858,0.5934782454730738
859,-0.15006377051603662
860,-0.1773560910430325
861,-0.23915414579085503
862,-0.07467970600016487
863,0.2607762581540481
864,-0.3642950313784642
865,0.39343078449758445
866,0.1901060206539501
867,-0.13932187427845322
868,-0.12526522135950555
869,0.454063145511031
870,-0.05819974547560108
871,-0.15978679074218016
872,0.05975439268838893
873,-0.3108365850699018
874,0.09527223785987947
875,-0.2279282502607452
876,-0.06808452107527009
877,0.29576768642486795
878,0.7014548116709044
879,0.5748981748763426
880,-0.527628053794796
881,-0.057524031567520624
882,-0.20088483855724576
883,-0.24348757789331063
884,0.3369009840195296
885,0.1463248581816706
886,0.04019672721444995
887,0.6171791348304728
888,-0.05931971400671513
889,-0.3008110994503681
890,0.064837375639893
891,0.5189601451998618
892,-0.18269140257160363
893,0.11216505944260281
894,0.18524928866009213
895,0.3182189364701092
896,-0.28707389896860724
897,0.18378293531599157
898,0.38002788380822755
899,0.5712127680170819
900,-0.13877277340316235
901,0.002589190436282037
902,0.29028098273325936
903,-0.205383649829001
904,0.6601686075307654
905,-0.0011718141538161627
906,-0.14566155641845002
907,0.7784702954811076
908,-0.18316689505020278
909,-0.12060280311422843
910,0.04371482522826286
911,-0.2058871665802303
912,0.4982269409985771
913,0.012967180953489218
914,0.4583667845131727
915,0.3576222427346567
916,0.3516537619804882
917,-0.18541442145214124
918,0.6967142739062114
919,0.04779609108748724
920,0.02813774841107394
921,0.272749817148817
922,0.5493285636119254
923,-0.013098936042116765
924,-0.2982753909865974
925,1.089918146130018
926,-0.24463686295562065
927,0.7465700563992483
928,-0.009874821143118316
929,0.3097969499691659
930,-0.16351521554625037
931,-0.13138155957574454
932,0.2579918376339298
933,-0.1501829783566481
934,-0.1309673236800029
935,0.03975380393076163
936,0.3225540467383031
937,0.3528077903309062
938,-0.04120650373820724
939,0.26261150080409784
940,0.38561286214260554
941,-0.03221369623107862
942,0.06313951862009398
943,-0.33900746622806366
944,-0.11728401041846459
945,-0.17956435386285813
946,0.04947619586854548
947,-0.11550639726476027
948,-0.19819281729042068
949,0.29302147814401497
950,0.08051546717105862
951,0.15731482773932826
952,0.03929132420826386
953,0.554212246654344
954,0.0867933672493953
955,0.3785162913153508
956,0.05235634207146839
957,0.45180791492324984
958,-0.08119785837013577
959,-0.23095429270602824
960,0.26710777990297985
961,0.0889112947695627
962,-0.03918067138323465
963,0.8643111369047586
964,0.5395954697936554
965,0.0802749038118813
966,0.20285837877441645
967,0.08954819734519853
968,-0.23958524313256296
969,-0.15307431245173056
970,0.28450506938148845
971,-0.027057351218965946
972,0.8284516813203894
973,-0.11333270821627417
974,0.09618223072446085
975,-0.20251304489136446
976,-0.22193777399396475
977,0.8845582548473088
978,0.4626588836379376
979,0.623127601308334
980,-0.05075067138910035
981,-0.19379191709846127
982,0.09500237138614291
983,-0.19002652462396297
984,0.2735897288116022
985,0.48403047715177006
986,0.23126950762416004
987,0.144711110234342
988,0.04992459745631198
989,0.1305316881237169
990,0.007385171904354731
991,-0.17775161208162174
992,-0.11486739960972246
993,0.4701358126529958
994,0.2025253489811673
995,0.22150065962157592
996,-0.23252362966671664
997,0.013319475365828575
998,1.6251897646701667
999,-0.18186819202210366
1000,-0.08810438092388445
1001,-0.006021791428389699
1002,-0.052323477131205685
1003,0.6350896263380713
1004,0.3479332119669177
1005,0.18450752811289906
1006,-0.0640208669864497
1007,-0.05387770644698514
1008,0.1136134650416999
1009,0.0686770907162282
1010,-0.23534624086685849
1011,0.17028176457302657
1012,0.40331257271836457
1013,-0.13206362475860406
1014,0.36003101984600305
1015,0.04267406164579488
1016,-0.08724567490164538
1017,-0.118137181124778
1018,0.6533248288265214
1019,-0.0016251365319850284
1020,0.2738779197188991
1021,-0.061365496061518865
1022,0.42765956697913804
1023,0.6160585933845374
1024,0.32936411093290463
1025,-0.16794824393826496
1026,0.7687947827483499
1027,0.3142740272710056
1028,0.0615783000014653
1029,0.21515267567765423
1030,0.7083559943879578
1031,0.16245128227312305
1032,0.004764211345469671
1033,0.7012580751823783
1034,-0.18850746675996724
1035,0.3029678476560677
1036,0.12564812066501013
1037,0.05549859028919304
1038,0.5205007347114545
1039,0.16049020930844546
1040,0.29833559172403024
1041,0.11707223142600513
1042,-0.3626608120845717
1043,0.5784802347648528
1044,0.3146674067644605
1045,0.531898969620509
1046,-0.36261888589478003
1047,-0.03931009558393089
1048,-0.01397294512117328
1049,0.9047441400377503
1050,-0.1852088718344168
1051,-0.37447561058598205
1052,-0.05616821007674492
1053,0.18504748134661392
1054,0.5143431227659296
1055,0.2557273326914533
1056,-0.07830062640064041
1057,-0.050507051018697804
1058,0.026152654160719904
1059,0.043913712427369675
1060,-0.057895616157428165
1061,0.11699926691594445
1062,0.47363605506543516
1063,0.26457820751725813
1064,0.3976271688521445
1065,1.4146529934292291
1066,0.04715510835880693
1067,-0.024075644048028574
1068,-0.16709473450298584
1069,0.027929159206721028
1070,0.6671888375604619
1071,-0.045333859669039404
1072,1.5057001135013715
1073,0.23236831908927283
1074,-0.18806661549998005
1075,-0.21129680482690485
1076,-0.11045666580166036
1077,0.326208589888741
1078,-0.16422805223471781
1079,-0.17256074338631125
1080,0.22825981780302962
1081,0.6671781149696359
1082,-0.09192180595814083
1083,-0.15237766031337754
1084,-0.027961543859125765
1085,-0.15948737517715134
1086,0.2678023619960764
1087,-0.3788216205545849
1088,1.3257871727832642
1089,0.26553804053017427
1090,0.2257559164228215
1091,-0.08392776331686652
1092,0.470081248793024
1093,0.0139150482542889
1094,0.38022089365938533
1095,0.43428131234137324
1096,0.0011832789253396479
1097,0.08286534366218747
1098,0.26592534348346114
1099,0.271093097895546
1100,-0.18669662593360697
1101,0.12111857378435575
1102,-0.3625455670411615
1103,-0.0364862712514673
1104,0.028923467168739194
1105,0.20810410352343126
1106,0.0721154496323148
1107,-0.32911622577604427
1108,0.2544253644442702
1109,0.19961314469015426
1110,-0.21414782227182838
1111,0.2407031455105361
1112,-0.07640908812602008
1113,0.2730499921852509
1114,-0.28048340281745693
1115,0.5915115675489185
1116,-0.0034140640440115367
1117,-0.1368470157363711
1118,0.3772220996389547
1119,0.010319724400977611
1120,0.21261365013708733
1121,0.14997868763644315
1122,0.13402054876148012
1123,0.0034228501086023553
1124,0.12037366751794744
1125,-0.3427622684173558
1126,-0.27366262127699387
1127,0.23201741783637594
1128,0.5083501858755707
1129,-0.5153670848552832
1130,-0.2606681309505465
1131,0.1980882922655151
1132,-0.08511648147178641
1133,-0.23627114954943212
1134,0.24105094833455146
1135,0.03989481269005772
1136,0.11794672700321679
1137,-0.22644909214741857
1138,0.030925070179676432
1139,0.6174863309451222
1140,0.1748056595031092
1141,-0.053086713761949296
1142,0.5250193057187946
1143,0.3373572322663803
1144,-0.13894711870672394
1145,0.6372569280568919
1146,0.620638210383492
1147,0.5879877814282738
1148,0.3758590761826076
1149,-0.3223668445103548
1150,0.5773958177434866
1151,-0.358706310097492
1152,0.44581854090419837
1153,-0.06627423873451486
1154,-0.15664578631733092
1155,-0.4425636277754484
1156,0.9281950804013148
1157,0.5176799559061309
1158,0.12448657662618293
1159,0.3922749592449709
1160,0.22468821145133666
1161,-0.40028290622912804
1162,0.6763860385890405
1163,0.8864691293466265
1164,0.15271564050717965
1165,0.19411634107241857
1166,-0.23628101022146
1167,0.028254695822005713
1168,-0.1551826948558465
1169,-0.3431633019166063
1170,0.1849144198360212
1171,0.1924895641791547
1172,0.4188141814442462
1173,0.9731010591084571
1174,0.039302703372283206
1175,0.17596224956010054
1176,-0.2820881206132981
1177,-0.09127680626417227
1178,0.09489349415169657
1179,0.24521435515918752
1180,0.5254835266643906
1181,1.5009871282753169
1182,0.6074546243965837
1183,0.022419831913331297
1184,-0.17022180579441523
1185,-0.33997202186252656
1186,0.214635128548032
1187,-0.11236188435832296
1188,0.19847538667899464
1189,0.18373288908741542
1190,0.33887566570030925
1191,-0.03018049142880702
1192,0.16950444640581028
1193,0.17600041329681604
1194,0.1016960569769171
1195,-0.1661564565598814
1196,-0.1898822121382349
1197,-0.11736235635233963
1198,1.0922803024681618
1199,0.19235130098254252
1200,-0.0860472029477949
1201,0.04715242351114293
1202,0.31558069131496236
1203,-0.12502717289786902
1204,0.07303334028934855
1205,1.1061286355369888
1206,0.5325141473459785
1207,-0.08334608696803315
1208,-0.3841583014111805
1209,0.06366621033485648
1210,0.29511813345837457
1211,-0.09165517238187275
1212,0.16054376232569348
1213,0.29221456773373683
1214,-0.030118660427749296
1215,0.30243146899633044
1216,0.15298749360668806
1217,-0.00827094558780851
1218,0.11094147695040407
1219,0.07391557288000383
1220,0.3412887345977394
1221,0.4945410380426786
1222,0.08348431669117207
1223,-0.07682446430559356
1224,-0.014466048692438328
1225,0.08325903034346857
1226,0.22328186392764834
1227,0.5756777429986902
1228,-0.02234637182268599
1229,0.37516658561451544
1230,-0.07255050753761781
1231,0.22423801476428945
1232,-0.1543476577651297
1233,0.09263174998942776
1234,0.233756929625734
1235,-0.2252540873356352
1236,-0.3632768715961733
1237,0.344679253742793
1238,0.1178345446754994
1239,0.5401865559419778
1240,-0.16800418360164163
1241,-0.2182198619210629
1242,0.3232752504074797
1243,0.08370624909155107
1244,-0.3639084567150998
1245,0.4629399875883115
1246,0.30664811873592496
1247,0.023260869115378554
1248,-0.19128111625855115
1249,0.26417665329367135
1250,0.6441858330786467
1251,-0.38269218100686897
1252,-0.09437216460557801
1253,0.19768062348186477
1254,0.01818761368370465
1255,-0.12603284746762164
1256,0.08553502983283127
1257,0.14646425988913137
1258,0.006377314352546653
1259,-0.0423858179940585
1260,0.2001981924360057
1261,0.2424220638677798
1262,0.2768022591457695
1263,-0.31322416282749765
1264,0.3966082227191152
1265,-0.03451124344089626
1266,-0.12142428920062953
1267,-0.11054085379877827
1268,0.2802694074614896
1269,0.5207369461266328
1270,-0.03098800115938229
1271,-0.17722449638762974
1272,0.43853621331683706
1273,-0.06761265579803115
1274,-0.17772878781620177
1275,-0.25153753178253824
1276,0.5399133193767973
1277,0.25067837969520645
1278,0.6252588955729623
1279,0.3841743822033748
1280,0.2378434597803256
1281,0.8854547043636308
1282,-0.032872486150284645
1283,0.39535476387838786
1284,0.11347143256010955
1285,0.17143935466780622
1286,0.766506145386581
1287,0.9087193041931975
1288,0.32643175143402237
1289,-0.2755675602397706
1290,0.4905369867658451
1291,0.3509170664633934
1292,-0.18475405522886598
1293,0.1282741241988034
1294,-0.012874059248264463
1295,0.38335803990255757
1296,0.15675530775426275
1297,0.2334528583374782
1298,0.748065517207992
1299,0.6297063899093986
1300,1.0493959930300294
1301,-0.25513175880201583
1302,0.36698031375677037
1303,-0.09231578966340066
1304,-0.06184835001985429
1305,-0.1499652480569049
1306,-0.1624336184972994
1307,0.649274801363688
1308,-0.14342774332650435
1309,0.5968497650937277
1310,0.16099754850665232
1311,0.7870936173724008
1312,0.47822424826391885
1313,0.698862095680566
1314,-0.23504519441450558
1315,-0.1304140333870187
1316,-0.023262085498459133
1317,0.30916644803944926
1318,0.2999173712967017
1319,0.34868667357467803
1320,0.7985079258268011
1321,-0.235087318611225
1322,0.055899009837115286
1323,0.15392473993904607
1324,0.11516631588238557
1325,-0.29050300406715424
1326,0.14421096690864152
1327,0.025657499523582705
1328,-0.021266473563965643
1329,0.16215600049990908
1330,-0.16524903137453312
1331,-0.192980817201789
1332,-0.28665347949738107
1333,-0.09393499415062603
1334,0.48579752881890653
1335,-0.05500411614012726
1336,-0.3332666835106026
1337,0.22688561724515088
1338,-0.4222529365990342
1339,0.3738280622240429
1340,0.6409216346772078
1341,0.6167326688036131
1342,0.4362800703013692
1343,0.18354072070075342
1344,-0.0787166417480508
1345,0.1435583071346905
1346,0.4948485218072225
1347,0.20722520097681027
1348,0.34903450549846116
1349,0.8398813500079627
1350,1.169267989287861
1351,0.4707771352455022
1352,0.03962057627244364
1353,-0.3390950427324602
1354,0.8428147969868407
1355,0.36903240555500855
1356,0.4058158740475047
1357,-0.008069450751000035
1358,-0.012072459843699682
1359,0.006315783489588679
1360,-0.30597968727785607
1361,-0.18520191000409078
1362,-0.040783495095979776
1363,-0.14464830085656105
1364,0.35533567161104285
1365,0.10484566064073148
1366,-0.4565266611853618
1367,0.07934976430109779
1368,0.7536028388174959
1369,-0.006033814289903846
1370,0.1312261596093829
1371,0.005905901178784457
1372,0.35313519062542226
1373,0.06806092011374601
1374,0.6778725130272275
1375,0.26146890404395945
1376,-0.09766221043252031
1377,0.4768897529837256
1378,0.49756935482246073
1379,0.2118225788857024
1380,0.46771136696642257
1381,0.37036617104911795
1382,-0.022212224950607685
1383,0.03817039833247315
1384,-0.2901608074966684
1385,0.2167514629993779
1386,-0.28033662826430406
1387,0.18841766716046485
1388,-0.193207105066966
1389,0.3133803018620756
1390,0.10209645939130534
1391,0.6756444576627181
1392,-0.02165207396504385
1393,0.05882317200234602
1394,-0.2444995537229001
1395,0.29972202375303525
1396,-0.1913729691180266
1397,-0.14644171918966342
1398,0.5992841413045586
1399,0.10091881307697698
1400,0.027916706677641182
1401,-0.3267386414741223
1402,0.1281115910268482
1403,0.1286031011570725
1404,-0.2584746590833023
1405,-0.062206430324294945
1406,0.5341250897016937
1407,-0.24816387745660168
1408,0.3578304149079973
1409,0.14056655285774133
1410,-0.22030387815754934
1411,0.22563150072982555
1412,0.29340718017407186
1413,-0.01673072811250554
1414,0.6040618883083563
1415,-0.13869705354014
1416,-0.173499915760843
1417,0.8084237013551406
1418,0.2674513881818451
1419,-0.3197777974450481
1420,0.2157474308027382
1421,0.2886350453247585
1422,0.5196012983160474
1423,0.09026346855869087
1424,0.15751293637491315
1425,0.9317483817876221
1426,-0.06534087252719299
1427,-0.05089359102966268
1428,0.4537571598430925
1429,-0.17536592327590544
1430,0.7075892316411825
1431,0.3079783784740906
1432,0.2898357658359763
1433,-0.38789417144201904
1434,0.2678244892177898
1435,-0.09646619065922114
1436,0.3974571036208775
1437,-0.2578493488620219
1438,0.1706963409606426
1439,-0.14968330064422444
1440,-0.18274029179827322
1441,0.32860330881429994
1442,0.31824993224869924
1443,0.4091230542599351
1444,0.022509011046084892
1445,0.09072420507068922
1446,0.4329831456749008
1447,0.10458184781022531
1448,-0.07282728401342642
1449,-0.2039761397114341
1450,-0.023558403582745177
1451,0.14523208841597576
1452,-0.1566895009168623
1453,-0.19228353059843
1454,0.003189003994037955
1455,0.6024973060794272
1456,0.46071243991516664
1457,-0.045446873672334236
1458,0.12928985774172294
1459,0.12208896068946451
1460,0.02227162931560195
1461,-0.08104044373372488
1462,0.044846066786863904
1463,0.6432896820497759
1464,0.6408354400739643
1465,-0.3035184388255676
1466,0.19836090612845167
1467,0.05458848555113014
1468,0.11606856391091538
1469,0.2985195178384567
1470,0.209559772514359
1471,0.2855561123758205
1472,-0.12102402535457833
1473,0.045462712210907384
1474,0.22919035182744577
1475,0.16971151528829423
1476,0.5640408486126005
1477,-0.12549213466564715
1478,-0.3315801024866005
1479,0.3745245868836458
1480,0.08820961033399047
1481,-0.22000131698026423
1482,0.017970400296072143
1483,0.0324897725762091
1484,0.6392800632061061
1485,0.20748086422489082
1486,-0.07303401757608585
1487,0.1895386244208642
1488,0.7959710436223303
1489,0.44059511756270303
1490,0.5098067059137702
1491,-0.319429615599476
1492,0.9098341330966462
1493,0.13802437830120026
1494,-0.024288002970285983
1495,0.25820261028294667
1496,-0.1877968877640599
1497,0.47399136464736735
1498,-0.44300350971227254
1499,0.7405953347703901
1500,-0.20638409876563568
1501,0.3443509883115377
1502,-0.10074867595135807
1503,0.13528360643831883
1504,-0.10945916876749325
1505,0.17670933441310854
1506,0.4412571529219803
1507,0.361006250430805
1508,-0.17750072940008982
1509,0.754113454425543
1510,-0.166062643303654
1511,-0.1528646714464354
1512,0.30582814831800265
1513,-0.10570428162325705
1514,0.2886792753932046
1515,0.2760716480666255
1516,0.5968292880890118
1517,0.1031737486422912
1518,0.2721542057685617
1519,-0.11075446359649031
1520,-0.2514183578793593
1521,-0.1231250912302271
1522,0.174030297653888
1523,0.05669785435569392
1524,0.06898406892893912
1525,-0.1437928670746992
1526,0.033059926347441954
1527,-0.07942212343725714
1528,0.2023549770250114
1529,0.058372602306032584
1530,0.07634996400784567
1531,0.35654878913933014
1532,0.7676401519835713
1533,0.4853478020549746
1534,0.15108779930639707
1535,0.15852511602610614
1536,-0.31100815870554455
1537,0.19725052084946992
1538,-1.567800170242234e-05
1539,-0.06144477132845012
1540,0.10161927662235117
1541,-0.08684713091366401
1542,0.15031026751824436
1543,1.0353062325439357
1544,0.3563594011797144
1545,-0.23805640758884983
1546,0.2234351682815396
1547,-0.3058652093826352
1548,-0.04645086124086013
1549,-0.07916963014249888
1550,-0.027830248671372838
1551,0.258401136641972
1552,-0.10397594372995896
1553,0.4184215331615976
1554,-0.12606242538472293
1555,0.19175476232188526
1556,0.0975189989496218
1557,0.7664096311133101
1558,-0.16457271074236599
1559,0.6436735317215398
1560,0.0775500458161883
1561,-0.15967824388853036
1562,-0.05864641070588028
1563,-0.1408859993888195
1564,-0.3237580390984205
1565,0.08947529882609105
1566,0.15441813645807495
1567,-0.16342436250389508
1568,-0.10018181829030004
1569,0.6419314800445013
1570,0.2072545556365867
1571,0.35278392835418726
1572,0.3368874408183308
1573,0.31616087042457686
1574,-0.1778296655766368
1575,0.34984269936680135
1576,0.43278720319820685
1577,-0.11509356228453427
1578,0.535622499268221
1579,0.7632357130502292
1580,0.08974237560042594
1581,0.6379330318500579
1582,-0.03383064463360249
1583,-0.3875898685794296
1584,0.00270110978982417
1585,-0.1653544322148284
1586,0.07338597543646387
1587,0.5895405077190564
1588,0.1273980006292216
1589,-0.39412735969936236
1590,0.24202563441191643
1591,0.2582725614859934
1592,0.2889050637722923
1593,0.1425265834909067
1594,0.41898890192126526
1595,-0.03049159370323212
1596,0.33156636368592335
1597,0.34969118321227904
1598,0.9016490354157879
1599,0.4759770861618264
1600,0.314953952478243
1601,0.15136705454082547
1602,1.0275171853385354
1603,-0.05092048891025568
1604,0.2738061944215412
1605,-0.39147159323565417
1606,0.6523504956096866
1607,-0.470144740427816
1608,0.34062681439320613
1609,0.10284592908368195
1610,-0.08096304795582676
1611,-0.3879464679442779
1612,0.0016349381711118318
1613,0.2770396765692279
1614,0.3313607972521709
1615,0.01376531820045457
1616,0.7176765845615677
1617,0.07167416451550254
1618,-0.052001123911680026
1619,-0.37139509395943743
1620,0.3232254709335638
1621,-0.09283985219976938
1622,1.271800284589195
1623,0.408335446767237
1624,-0.06374343491930819
1625,0.3690962790199326
1626,0.20147250375132592
1627,0.4063281052154554
1628,0.0816803697654242
1629,-0.09908519515118067
1630,-0.12006184222971657
1631,-0.08206773372748462
1632,0.1460457259580045
1633,0.07550082822797394
1634,-0.13521860089138804
1635,-0.35726429451633424
1636,0.09520598289841563
1637,0.08795207091470647
1638,-0.36406272797191724
1639,0.06505642232155223
1640,0.25427129244639884
1641,0.2852458233556922
1642,1.3571737657396323
1643,0.10509817463937557
1644,-0.3666849411675464
1645,-0.5182794646872285
1646,-0.2127103402817079
1647,0.19288512053923335
1648,0.37897515061687326
1649,0.04836327921547608
1650,0.5138565442285341
1651,-0.009153599650598065
1652,0.2159461034152844
1653,0.633956341644018
1654,0.08831828355555149
1655,0.3115571126037828
1656,0.9079970546037428
1657,0.17511512069233343
1658,0.07766092298953862
1659,0.5015473568808099
1660,0.47862636536966424
1661,0.05274001031072541
1662,0.18928162911840538
1663,0.06183836961704772
1664,0.18164624184926406
1665,0.6051895419736116
1666,0.2245097551036124
1667,-0.1718496020881074
1668,-0.2465299097709763
1669,0.6015045217080672
1670,0.4740663443695462
1671,-0.10469268218483577
1672,0.7618080676717969
1673,-0.10757177296801944
1674,0.3705405381142092
1675,0.03442605962151132
1676,0.11779531144270701
1677,-0.26382497260535553
1678,-0.2436113749314618
1679,0.3709771726505851
1680,0.21519518988401584
1681,0.5017790667755515
1682,0.8013046714360289
1683,0.12138548412970393
1684,0.19150979673119195
1685,0.009969644622795483
1686,0.8209830776811321
1687,0.18503365206573114
1688,-0.10832921443233631
1689,0.4253475237911788
1690,-0.14375595535947305
1691,0.08661357589829123
1692,-0.12619779573208975
1693,0.42201424153622064
1694,0.0290677950480524
1695,0.20346312206097641
1696,-0.07550494436658539
1697,0.14555659745588573
1698,0.16046628701749296
1699,-0.1168247610790362
1700,-0.1315505835321588
1701,0.018253697486051865
1702,-0.06385805794899908
1703,-0.16520881198972995
1704,0.08759332727364612
1705,-0.47946575525716517
1706,0.18881801400744122
1707,-0.1772731364311651
1708,-0.0007769508060086777
1709,-0.14216338794018907
1710,0.12364787368773451
1711,0.06743162886489107
1712,0.6107829991764587
1713,0.0977788805325996
1714,0.23878767995624428
1715,0.33036567199121203
1716,0.050131466365988794
1717,0.6380048185898168
1718,0.33000022083993585
1719,-0.21572262965347797
1720,0.45898140759704836
1721,0.7301661541487223
1722,0.621484106081553
1723,-0.17716281605175035
1724,0.16764186277865872
1725,0.5894005149655359
1726,0.24449576686946792
1727,0.22823328358038555
1728,0.2963863847890497
1729,0.24811858077126922
1730,-0.3683195946701569
1731,-0.1308503586937988
1732,0.48275851670486586
1733,-0.09578955029113492
1734,-0.23015606589728987
1735,0.08113209395864206
1736,-0.11011971185860664
1737,-0.06072057606360929
1738,-0.019928047132063354
1739,-0.06806990605952001
1740,-0.15654802627958328
1741,-0.19184239682103324
1742,0.07102059966951992
1743,0.9340946585801475
1744,0.2568561623068123
1745,0.2885535494391008
1746,0.16057515066583852
1747,0.6419673392625663
1748,0.50123013913445
1749,-0.5032079746209086
1750,0.3600211315172051
1751,0.6567375540644398
1752,0.2012042180015793
1753,0.09755244149015113
1754,0.1573780292117012
1755,-0.06650252671648235
1756,0.004479412676874225
1757,0.79548415862522
1758,0.26118940736478924
1759,1.1122634582305726
1760,0.132731132017426
1761,-0.010042362882895624
1762,0.2646204685697821
1763,0.3348893065136554
1764,0.5550343064192577
1765,0.6251645614160587
1766,-0.03349911692460874
1767,0.41730333789713636
1768,0.08203064604841935
1769,0.34645606849672217
1770,0.2925823135302223
1771,0.3558389133124067
1772,0.05001772600366555
1773,0.04414397827443818
1774,-0.026876536415129666
1775,-0.12354766786243103
1776,-0.4134747444646146
1777,-0.19565884555629903
1778,-0.049836519273544044
1779,0.2592602945053302
1780,0.6568970812265499
1781,-0.0614608359287016
1782,0.14840530551202377
1783,0.4070723664350155
1784,0.22615896264711235
1785,-0.12997407965115557
1786,1.117043582964532
1787,0.16274090668002106
1788,-0.23637763671491946
1789,-0.15436524204673313
1790,0.6302642598305399
1791,-0.3743083502151982
1792,0.33750001721290973
1793,-0.13999637127900344
1794,0.44322974766317147
1795,0.1436121707114548
1796,0.16261846144776088
1797,0.23145198814221032
1798,0.04635019564234261
1799,0.1351975089112151
1800,0.3353625837015772
1801,0.12860875431005966
1802,0.3120707512245701
1803,-0.30786385609289685
1804,0.2700682910026924
1805,-0.41288729862920137
1806,0.7649410327317219
1807,0.3257979519472858
1808,0.3371024707695621
1809,-0.13104819677486873
1810,0.40896266110068186
1811,0.37948438661191675
1812,0.2094993671259909
1813,-0.2865058695688009
1814,0.0002270533244898243
1815,0.2257326544582854
1816,-0.1454134838468842
1817,0.3618061578118841
1818,-0.16731650067734286
1819,0.15767684953469555
1820,0.27291572304781836
1821,0.5062967424766642
1822,-0.06489826342672497
1823,-0.05388785365680389
1824,0.03131069000771403
1825,0.44944849370429246
1826,0.3528022501457589
1827,0.47073566996799393
1828,0.01893541214866378
1829,0.007610882574647102
1830,0.726373830802732
1831,0.43459911611234314
1832,0.2583992819220453
1833,0.3866758480786226
1834,0.2242992899186017
1835,0.09394239763224825
1836,-0.09010158035267007
1837,0.33610606666342185
1838,0.34410660778881624
1839,-0.17062037878100028
1840,0.23050452780106542
1841,0.9147883047212241
1842,0.27797436354483496
1843,0.11816716949031968
1844,0.3566816987541741
1845,0.06966274881942405
1846,-0.10079483135499602
1847,-0.41477609064950105
1848,0.5638611347438702
1849,0.29956943916899825
1850,-0.2653284849654846
1851,0.30035579220565883
1852,-0.09058885343791348
1853,0.2768244842821793
1854,0.20609445896448753
1855,0.04608128668180367
1856,0.18463627632412075
1857,0.785129302168491
1858,0.04772065227780466
1859,-0.23648304952028332
1860,0.006587845808462847
1861,-0.10720704962663086
1862,-0.1274516306033511
1863,0.3009185803316977
1864,-0.08698224817114646
1865,0.2877609612013964
1866,-0.1594751241267108
1867,-0.1533824550330477
1868,0.14602834888096758
1869,-0.11387533070649478
1870,-0.05575332321389752
1871,-0.0720473527581141
1872,-0.1317329121266255
1873,0.7437436624437104
1874,-0.34131818969883876
1875,-0.0924076786705513
1876,-0.06242504088384773
1877,1.1202635307066784
1878,0.9904332484028682
1879,0.05986439535036081
1880,-0.036012445231969344
1881,0.3533493258607174
1882,0.8068015855868212
1883,0.749380246134859
1884,0.8327373521902282
1885,-0.4315289128978604
1886,0.025061720939122616
1887,0.08507641531436916
1888,0.4845963366879962
1889,-0.05286920195578683
1890,-0.27872546810375015
1891,0.16526599430914768
1892,0.6073478672951069
1893,-0.15501113634316968
1894,1.3284785675945447
1895,0.3561003750562114
1896,-0.3856216114195536
1897,-0.010144731167530095
1898,0.29975372077408785
1899,-0.09792588519704178
1900,-0.06051878800541641
1901,-0.006736915940422861
1902,0.41874092341023966
1903,0.012127612814527034
1904,0.2802594714227396
1905,0.15897324233330087
1906,-0.30528638484593534
1907,0.14511471902523088
1908,-0.21020681793307522
1909,0.3839404164120659
1910,0.31886089402330003
1911,0.022685999232941373
1912,0.2368155743215192
1913,-0.05315422332454466
1914,0.2569039771452335
1915,-0.15942654049169638
1916,0.25611430955847553
1917,0.03391890741372551
1918,-0.035913981028360194
1919,0.8606467943135918
1920,0.21628725607749305
1921,0.2174305231839464
1922,0.3154121430529021
1923,0.9021373229858981
1924,1.1224151785335745
1925,-0.08987240055456867
1926,0.024420589532348047
1927,-0.048738999469434684
1928,0.296575277101406
1929,0.5118759339717371
1930,0.04787735030519358
1931,-0.022020022852543307
1932,-0.19693890415273915
1933,-0.1797804696574395
1934,0.4854189308199814
1935,0.28481316625876213
1936,-0.1357870773918425
1937,0.2024528438041611
1938,-0.18911925548566594
1939,1.2771431259552883
1940,0.10418885521192991
1941,0.37756164624715843
1942,0.216954779121972
1943,0.32852047215053054
1944,-0.214159952183049
1945,0.4110440472090338
1946,0.31637252226815643
1947,0.40979887521657876
1948,0.3503628651049569
1949,0.29076033845134525
1950,-0.09092972022154935
1951,0.19380050924898196
1952,0.026151890690469432
1953,0.618865524506702
1954,0.21125385570575292
1955,0.3797002848321602
1956,-0.1296314415305835
1957,0.27029444140239084
1958,0.03967591954617743
1959,0.2468612779645908
1960,0.639994449857574
1961,-0.1086483290597298
1962,0.3377365473937348
1963,-0.3990836056965936
1964,0.22059874966079202
1965,-0.36523753508239876
1966,0.6162878066374994
1967,0.6663010520314153
1968,0.16429219798026143
1969,0.2782894906548805
1970,0.16664948230301618
1971,0.24002788333909356
1972,-0.1039353093759686
1973,-0.23204790398966343
1974,0.8366762080036625
1975,0.032598397929117645
1976,0.07988748836128846
1977,0.049099847749688404
1978,0.4747998872526581
1979,-0.4323711248435186
1980,0.030525008737152807
1981,0.2193737977390691
1982,0.03361468819707027
1983,-0.039607724613298825
1984,-0.2532455240338031
1985,0.15963806925758514
1986,0.09826779449187924
1987,0.14707740252385054
1988,0.394368070378606
1989,-0.20052901608797105
1990,-0.12421132755372875
1991,0.032296678400769316
1992,0.3696576156752678
1993,-0.08281543185136694
1994,0.16751301117605855
1995,0.39146627308886284
1996,0.22766309922379202
1997,0.08267998002395657
1998,-0.2862112691299975
1999,0.006364503004228409
2000,0.4593898777849471
2001,0.5134210729734319
2002,0.20368218335694094
2003,0.7151748857482995
2004,-0.07404630271358172
2005,0.2391647601849963
2006,0.057116078991863654
2007,-0.09759673669406732
2008,0.0917785200156228
2009,-0.07360079645333546
2010,0.1694500446552754
2011,0.27520566632981897
2012,-0.07745972917238417
2013,-0.21160566944057416
2014,0.44257050810874715
2015,0.13093621562061708
2016,1.7630673504562417
2017,0.13187696398726267
2018,-0.5024493211647009
2019,0.13931157143679884
2020,0.03907847735076665
2021,0.4596048759607864
2022,0.2171292612421486
2023,0.12901088242925451
2024,0.3705183259926882
2025,-0.29461815552979514
2026,1.1035072547044467
2027,-0.11764219719449087
2028,0.5832166047322757
2029,-0.030520266409765833
2030,0.35035506413653017
2031,0.25901698952216223
2032,0.1827812476461256
2033,0.5849544335893239
2034,-0.4426363596591802
2035,0.505942552819796
2036,-0.2004323597958541
2037,0.09595329096379615
2038,-0.15378083416207625
2039,0.692570123558153
2040,0.4829170450170676
2041,-0.0319947773656279
2042,0.12270810054117666
2043,0.17604106269902783
2044,-0.31355517261540916
2045,-0.6343329921816782
2046,0.17470942145183022
2047,0.20364710282457815
2048,-0.36268431285160696
2049,0.028985936074119027
2050,0.5835423627027063
2051,0.5962856650695246
2052,-0.21766042504910235
2053,-0.0068599298425174125
2054,0.520274204182093
2055,-0.13009174502697177
2056,-0.23763391530475983
2057,0.12089294783523331
2058,0.04514759261710278
2059,0.02567589585795796
2060,-0.11246739363711777
2061,-0.2518759369084689
2062,0.29962751668734366
2063,0.1302863302378424
2064,0.240306432399241
2065,-0.09820753154419012
2066,0.6697515143466457
2067,-0.128195989212287
2068,-0.2062580051442353
2069,0.027627388636746842
2070,0.19173190465214648
2071,0.5056393248889334
2072,0.48421139366879357
2073,0.3171344346229463
2074,-0.2627020139608265
2075,0.2943562209686256
2076,-0.2090762828590328
2077,0.21716685659200627
2078,-0.0659978608693226
2079,0.9574934430900564
2080,-0.30499781397754305
2081,0.3727090349025248
2082,-0.0157605916896022
2083,-0.11005987993925456
2084,0.18390278595191725
2085,0.009838891085015965
2086,-0.1809880965746319
2087,0.08748205215586277
2088,-0.025966720780487663
2089,0.22352716713065404
2090,0.32306239259933844
2091,0.3483561566504118
2092,-0.07470975501605387
2093,0.3360329435578715
2094,-0.1839186933120944
2095,0.020135085090415034
2096,0.25178429015955084
2097,-0.21980072518336993
2098,-0.005147981539592432
2099,-0.06572601497849999
2100,0.15755247592663665
2101,0.10812246216625383
2102,-0.04868456586405698
2103,0.8605417310764493
2104,-0.21207505746843294
2105,0.4127116320590952
2106,0.09348357775853158
2107,0.2744797038644974
2108,-0.17092417703065851
2109,0.15142175239091799
2110,0.2159957213527496
2111,0.5162243017993013
2112,0.6245969756737385
2113,0.2277195531091112
2114,0.31056203052338865
2115,0.04606275085363335
2116,0.11762468267576563
2117,0.26042182823238824
2118,-0.08037230957299156
2119,-0.007366768417827571
2120,0.20413008486326042
2121,0.3977962130444864
2122,0.3785756794217928
2123,-0.006440703096725572
2124,0.10288454947220009
2125,0.20418392263071083
2126,-0.18858874674826517
2127,0.2424513840768476
2128,0.27746599935749977
2129,-0.06258798531228855
2130,0.4762301388938767
2131,0.3015922772639749
2132,0.43768341151796675
2133,-0.09579993959617873
2134,0.5987341280906713
2135,-0.24945735336341066
2136,-0.12007980430754656
2137,0.07243296366203268
2138,-0.01376598929804689
2139,0.1694309625599633
2140,0.005454013074247158
2141,0.034627444644428455
2142,1.155209984204314
2143,0.9666309625977467
2144,0.4096152055886242
2145,0.4240612392097149
2146,0.2857265492137188
2147,0.02702421064635885
2148,0.3350534912925158
2149,-0.18724021206692468
2150,0.6665727632560023
2151,0.09256587528301378
2152,0.6790663585681164
2153,-0.24072492669994008
2154,0.03503222904688472
2155,-0.14526799258178677
2156,0.0948491793847475
2157,-0.15350639213235265
2158,0.47614072282087583
2159,0.1289516541888615
2160,0.527211454655614
2161,0.34960110653244475
2162,0.16174505104992204
2163,-0.18608594527769817
2164,0.30102495735158186
2165,-0.11493975354406125
2166,0.06084989651329417
2167,-0.11482618960206079
2168,0.11965217140777727
2169,-0.20689360888631803
2170,-0.04205219274115139
2171,0.13620339004511134
2172,-0.28683123135585376
2173,-0.26852655265663794
2174,-0.006249348866304417
2175,1.3481253805222913
2176,0.01445055775510002
2177,-0.1655670015769129
2178,-0.2152684684088557
2179,0.38522798780563816
2180,0.03554447243519597
2181,0.1227725913791443
2182,0.24461484910444564
2183,-0.3477723219358704
2184,-0.33655170730135575
2185,-0.2550217220749372
2186,0.6571627456791795
2187,0.5444238156649056
2188,0.6377488765167093
2189,-0.2729141038541352
2190,0.48508145407948733
2191,0.9388859194088666
2192,0.5034426542204425
2193,0.40273321795851397
2194,-0.32944433992346633
2195,-0.006272995943428357
2196,-0.2221215341339993
2197,0.2518848927693754
2198,-0.13904323982375758
2199,0.4984003217488839
2200,-0.14443319136283378
2201,0.11655959437453543
2202,1.0132011816495388
2203,0.156212419205522
2204,-0.3236595222049941
2205,0.7486939435299946
2206,-0.24363514152627114
2207,0.04501845354715976
2208,0.5029254626876787
2209,-0.03353364398337369
2210,0.27816480350359807
2211,0.5683765050400407
2212,-0.22225492364177638
2213,0.049015056236289406
2214,-0.19973249536556317
2215,-0.05796106283923779
2216,0.0342461088874248
2217,0.18192314003319404
2218,-0.11677754739403103
2219,0.2564074636384255
2220,0.17306785563828342
2221,0.33834612671015885
2222,-0.14764978927830988
2223,-0.05167123568501635
2224,-0.16837693016591157
2225,-0.08559346498623585
2226,0.013317418437929615
2227,-0.06933500372799735
2228,0.40515590830442183
2229,-0.08688112896076262
2230,0.2959958710967259
2231,0.6620321014079057
2232,-0.2506298697789814
2233,-0.07573242304121316
2234,1.0144920111923754
2235,-0.15230676594766368
2236,0.32627980453393646
2237,0.12201604541942164
2238,0.10048950694318236
2239,0.7326257971532129
2240,0.08550409899079783
2241,-0.20975043013850186
2242,-0.09603408114155096
2243,0.7949180418585334
2244,0.5101160019631192
2245,-0.3152523454925076
2246,0.09792515863675509
2247,0.38611910452247056
2248,0.2314325855887424
2249,-0.18963570906653143
2250,0.1113597653221698
2251,0.2297694407753731
2252,-0.06887219832454067
2253,-0.08940902864117928
2254,-0.08976101702777099
2255,0.3723498087735505
2256,0.6116010116136587
2257,0.6716280747457313
2258,0.8415839538892159
2259,0.2799363554860095
2260,0.9103919267245256
2261,-0.34360819359281114
2262,-0.05544618244254287
2263,0.39528832104892125
2264,-0.15086164580888375
2265,-0.019365234495660633
2266,0.042453428906262206
2267,-0.012822985061438627
2268,0.7440551358391235
2269,1.1198237775078013
2270,0.5951078939183913
2271,0.4290971955978557
2272,0.6057951411291359
2273,-0.37182397045030313
2274,0.24196569884568148
2275,0.11636133171358658
2276,-0.04870007689484461
2277,0.0028878000785378284
2278,-0.13534354803057164
2279,0.1637160266038732
2280,0.3726986565285881
2281,0.34870516046204164
2282,0.6540960090021808
2283,-0.19157146387956228
2284,0.016175283375380035
2285,0.0494043445976657
2286,0.49411062851057197
2287,0.396748906426466
2288,0.08371744170377196
2289,-0.2155564164005751
2290,-0.02637793064465927
2291,1.1663814918409918
2292,-0.10713893962230608
2293,0.14688880559418063
2294,0.18868713612192958
2295,0.21865232967336148
2296,0.5031664772279507
2297,-0.03327775494955593
2298,0.24445745498427618
2299,-0.35234296776891194
2300,0.08217853179141411
2301,0.008411267904947329
2302,0.6297651683428389
2303,-0.3990220150099071
2304,0.17482367233944224
2305,0.039617507895876876
2306,0.3534758853767957
2307,0.36916618838057425
2308,0.20217002540730747
2309,-0.17286309014466844
2310,0.9313793433335099
2311,0.21430722941829347
2312,-0.12816046926793875
2313,-0.2325110683068265
2314,0.5661652290855914
2315,0.05245945458046096
2316,-0.12310101022295962
2317,0.1690556393576398
2318,0.057396937399789884
2319,0.1087083913767279
2320,-0.14859178644663207
2321,-0.16149202151316078
2322,0.8858125291843579
2323,0.15302199365552052
2324,-0.16718722730156932
2325,-0.1038627534835816
2326,-0.21777419730525407
2327,0.23325255112580948
2328,-0.1966045349005466
2329,0.20011971660093586
2330,0.1901717058203411
2331,0.3253740165625159
2332,0.011428070698847896
2333,0.41552606492074257
2334,0.6018322267771697
2335,0.16719398438201385
2336,0.38904089028170485
2337,0.684822945305565
2338,0.5081441417573047
2339,0.38957642337785026
2340,0.23357038872552183
2341,0.48259059423117684
2342,-0.087174868890421
2343,-0.11275665644617769
2344,0.2780423514164384
2345,0.036983085393768864
2346,0.5540432510846973
2347,-0.06603756844282414
2348,0.2822382138190103
2349,0.0087124654427477
2350,0.37724733114367565
2351,-0.22422532791325797
2352,0.2111410530967229
2353,-0.21199228649046986
2354,0.03508643649535444
2355,0.3016149204751718
2356,-0.2882363611429092
2357,0.0004276553635253807
2358,0.12434473770487253
2359,-0.0482891471177152
2360,0.15101013967508975
2361,-0.26308879518177897
2362,0.13998972218768305
2363,0.000172176953057802
2364,0.1611812225844431
2365,-0.2552651399596391
2366,0.1855438949965739
2367,0.3944916053040015
2368,0.25165811493430257
2369,0.22077754627624982
2370,1.1519068129405836
2371,0.21510899042088907
2372,-0.04930164479703025
2373,0.0918166951376487
2374,0.7123117863251635
2375,0.3013413132978624
2376,0.448395484160512
2377,0.2155286723632945
2378,-0.2318478592733672
2379,0.35797038441850104
2380,-0.07719383256551937
2381,0.014464359014821156
2382,0.8240715707740407
2383,0.382238725491191
2384,-0.16425045070066074
2385,-0.1684061170814366
2386,0.10483586372871811
2387,-0.2044284418861263
2388,-0.1725558651593479
2389,-0.11938278527409449
2390,-0.4972649085608459
2391,0.004652224440518826
2392,0.21061583535318645
2393,0.20094719461714375
2394,-0.09567302451394756
2395,0.010619915572230819
2396,0.2616509783938491
2397,1.0555235546528865
2398,0.10263489783778741
2399,0.23954729601424699
2400,-0.21395183827053654
2401,0.05251344827952243
2402,0.10844908462847033
2403,-0.13920810330535113
2404,0.35285383611681925
2405,-0.13502256123339945
2406,0.713091275597318
2407,0.20800861531391457
2408,-0.2209426279853053
2409,0.00455823608878003
2410,-0.24881082330356036
2411,0.34137883414109366
2412,-0.004903149027174509
2413,-0.17850766468519128
2414,0.34061866619805836
2415,0.13563972565528415
2416,0.09981798144195003
2417,0.1042528733601877
2418,0.6413802407963088
2419,-0.13520946439609682
2420,0.17954286054304072
2421,0.10191383162691205
2422,0.07848405321658615
2423,0.882715710870488
2424,0.4554221958393198
2425,0.24613054349997565
2426,0.1607102117607465
2427,0.4692180880855059
2428,0.1354033334535615
2429,0.026374556241292837
2430,0.14475543591524506
2431,-0.23911239923338487
2432,0.1732646988743202
2433,-0.05274339330819605
2434,0.30050060380277777
2435,-0.0647710397574935
2436,0.7870931984313142
2437,0.24458833325357446
2438,-0.47600196041288645
2439,-0.32736025927212703
2440,0.24252730062096378
2441,0.46228173641181464
2442,-0.10955672851799181
2443,0.2665646019498598
2444,0.2616462868783778
2445,0.4266801648038212
2446,0.6236511017808597
2447,1.1838948113555916
2448,0.26633272906088074
2449,0.059933326302266644
2450,-0.32096147069464237
2451,0.7394235048426527
2452,-0.03269362810823303
2453,-0.011487360001216971
2454,0.10955025962842575
2455,0.6526844653898753
2456,0.10658450200167326
2457,-0.17201504889010738
2458,-0.17348379704100578
2459,0.1357370658000318
2460,-0.11866304659371245
2461,0.2297044839342521
2462,-0.3412188479012137
2463,0.10607955683104854
2464,0.4461607251970078
2465,-0.3355006959625903
2466,0.36756728981382103
2467,-0.08380669320677217
2468,0.4177930807974436
2469,-0.17152786919111374
2470,0.08572502149383476
2471,0.3575049181523576
2472,-0.24662607682660734
2473,0.20727622738236967
2474,0.18309774594005646
2475,0.9401843808501913
2476,0.07705325851921539
2477,-0.017271391884551263
2478,-0.11996644590930605
2479,0.3011591359481062
2480,0.36927700337152214
2481,0.0344805732954531
2482,-0.05439297984619446
2483,-0.0064275798703308995
2484,0.5107505890557152
2485,0.3281911080257437
2486,-0.014148228437595127
2487,-0.3208051775979744
2488,0.5191074550649047
2489,0.32548931596721686
2490,0.24789280473259595
2491,0.4147614641796444
2492,-0.06978753861762937
2493,0.12556252912574375
2494,-0.2581370698794846
2495,0.16868541522983022
2496,0.10238050168088135
2497,0.5607341127713263
2498,0.001180347040876774
2499,0.44676183936707164
2500,-0.4213683690158735
2501,0.3646395955047853
2502,0.3267565288783436
2503,0.0377994827103584
2504,-0.11404556773551042
2505,0.3031573959233721
2506,-0.33983595789589405
2507,-0.38087368694653484
2508,-0.04139131341363273
2509,-0.3204313916183624
2510,0.26688423533517364
2511,0.39324115432597156
2512,-0.3443377589297079
2513,-0.05754484665882494
2514,-0.20708757973791964
2515,0.3315302086056425
2516,-0.2844141950706671
2517,-0.22222231248553662
2518,0.8654047427077413
2519,0.295368625995757
2520,-0.13811828112774446
2521,0.3074275996510777
2522,0.06863343965544087
2523,0.5834604146375396
2524,-0.3961431489769739
2525,-0.1807595037957471
2526,0.08967203854438699
2527,0.5239755152007943
2528,0.09317501694624807
2529,0.5609616968554866
2530,-0.12259177693528135
2531,1.04214864082509
2532,-0.09631072128649741
2533,0.06326547033138166
2534,0.5652984505516758
2535,0.27568621299897766
2536,0.11752304505217287
2537,0.11766172386587916
2538,0.020538278951892888
2539,-0.38519279798210726
2540,0.5083183717295205
2541,0.23682103877125427
2542,0.6470979028209181
2543,0.0696080078120808
2544,0.2179703524967351
2545,0.5449155852457803
2546,-0.13060801631351693
2547,-0.3116148204797957
2548,0.27266517064782014
2549,0.4414347892127957
2550,-0.19005475069714775
2551,0.5371480928464519
2552,-0.08453472652155611
2553,0.145761105045271
2554,0.2886840030683222
2555,0.11541173694955345
2556,0.5205870981870513
2557,0.0972682295514163
2558,0.22562253386114528
2559,0.17977586621288463
2560,0.42105426124991163
2561,0.11711204921257251
2562,-0.06197022093576417
2563,-0.1844549905858361
2564,0.27738099462227317
2565,-0.15261551679357466
2566,0.8786468009329766
2567,0.24689279074912918
2568,0.6210775861387858
2569,0.01790420413406671
2570,0.4078315631019072
2571,0.7286541127612771
2572,0.34260339080596675
2573,-0.1937858746510107
2574,0.14184182081932362
2575,-0.3700206115429411
2576,0.06823575927547171
2577,-0.20087561776348953
2578,-0.294012621007023
2579,-0.5233240321128371
2580,-0.04028098485429849
2581,0.11404941256771109
2582,0.06165569637306714
2583,-0.07622179755336699
2584,-0.11646585798799212
2585,0.16168072903853148
2586,0.10476716403447536
2587,0.5595842841095454
2588,0.1069546476578596
2589,-0.23354492991008444
2590,0.8724349808292133
2591,0.40155712433290036
2592,1.0829852645355331
2593,-0.2682675364440145
2594,-0.027994765116803422
2595,-0.32888835558709983
2596,0.6801870649752476
2597,-0.3202400325025279
2598,0.08587436099002148
2599,-0.03589936518633494
2600,0.28984105988183445
2601,0.4908907972732818
2602,0.15339019169023765
2603,0.328732925771225
2604,-0.22436763834069348
2605,0.14711375677051694
2606,0.2098763799469379
2607,-0.4054320509766784
2608,0.12143596311222286
2609,0.08928565200931131
2610,0.05125006685391502
2611,-0.07831167728416343
2612,0.31309227568085773
2613,1.1198210257839785
2614,0.054356737610754054
2615,0.12626295205771013
2616,0.0790072635197887
2617,-0.23940220164655882
2618,0.49825286917811823
2619,1.1769475856112792
2620,-0.2312055496603847
2621,0.3504178178951084
2622,0.03591248399657564
2623,-0.11882920114151217
2624,-0.08942491861085183
2625,-0.4481101992452872
2626,0.22660498774335278
2627,0.3345150420633267
2628,0.010857419638318657
2629,-0.35821481008291245
2630,-0.23197793241547762
2631,0.5475599835487133
2632,0.08458870608963001
2633,0.3334921491701086
2634,0.01396817419393393
2635,0.1415932751017677
2636,0.07840691682560268
2637,0.20895588121901354
2638,0.3623360051320001
2639,-0.3121040212114248
2640,0.1584792886818928
2641,-0.24497511713142994
2642,0.37507327295263276
2643,-0.024974006803149276
2644,-0.13408429112761758
2645,-0.21532237980173421
2646,-0.08191279778023315
2647,0.5630242075144197
2648,0.2540532829951181
2649,0.6460333336923846
2650,0.7653830663598966
2651,1.1302330451883889
2652,-0.23977896078985972
2653,0.2639105302471074
2654,0.026089418464802273
2655,-0.1485377100091402
2656,-0.04259560146526236
2657,0.47224547826465013
2658,-0.11861600501883202
2659,0.3123209052457491
2660,0.08627337332664627
2661,0.8154619419567167
2662,0.3074267614387173
2663,0.6035412362898052
2664,0.2643442514853833
2665,0.45144315543224317
2666,0.188466363708102
2667,-0.21856547228558684
2668,0.41498600385866574
2669,0.17085300208875503
2670,-0.5740551696249055
2671,0.022224036057477015
2672,-0.09467417401803403
2673,-0.5615899429400255
2674,0.3142248793779696
2675,-0.200711289481834
2676,0.11753210359374905
2677,-0.12180461157792194
2678,0.15706534013153298
2679,0.1223646501586753
2680,0.3526411907185352
2681,-0.25513499799835465
2682,0.7670042968972873
2683,0.2680245352026844
2684,-0.2749614441182095
2685,-0.03260286238161715
2686,0.021501168183121692
2687,-0.03810659825838287
2688,0.041799285810870494
2689,0.14865319138223868
2690,-0.13851392639650806
2691,-0.1249808295512054
2692,0.09807664352711426
2693,0.11408078122506375
2694,0.0893210022502749
2695,0.010253400366163436
2696,0.7285435366866949
2697,0.5505654833323964
2698,0.16210867682306535
2699,0.25942884794675003
2700,0.04305644206150783
2701,-0.27367248024654106
2702,-0.04630477730025044
2703,0.05273751929997123
2704,0.30696629867787045
2705,-0.0735411023286586
2706,-0.4829655883665751
2707,0.18851615879108294
2708,0.31232299956808607
2709,0.48480685482667557
2710,-0.45142310833901267
2711,-0.2014718709253727
2712,0.42677829489009583
2713,-0.5514810859377567
2714,-0.05054062257666991
2715,-0.26140678036605897
2716,-0.21296342657645626
2717,0.08649649872638797
2718,0.5913982993411706
2719,-0.264037325596157
2720,0.3731777740035232
2721,0.20240066650597255
2722,-0.19608266748324657
2723,0.8165702116614103
2724,0.09500593912937091
2725,-0.4423688924413137
2726,0.8612071066409431
2727,0.03421955228137122
2728,1.4438460808048756
2729,-0.09400856759225198
2730,0.8118481103594108
2731,-0.3090939804910967
2732,-0.05436535809171997
2733,-0.4224473572853073
2734,0.08080318655788804
2735,-0.16621730815061342
2736,-0.09787195720069483
2737,0.42708643324709294
2738,0.14502767178922116
2739,-0.03305459716906603
2740,0.05993236266486182
2741,-0.03638797757281991
2742,0.9963018824801165
2743,-0.08505038596853666
2744,-0.004849602293498174
2745,0.13568633879581674
2746,0.3018931015395455
2747,0.04330239590897028
2748,0.6292839275472633
2749,0.8477996991410857
2750,0.5434316863699625
2751,0.11260043433476007
2752,-0.012035084251519527
2753,-0.030217910107999034
2754,0.8596981998087576
2755,-0.35430452671198154
2756,0.13792462026842886
2757,0.21294469248207892
2758,0.3678954165021002
2759,-0.0013329178404151078
2760,0.26767080557841927
2761,-0.10077938992606196
2762,0.20470629676472896
2763,-0.3083310014204495
2764,0.5912239562298873
2765,0.0008952820426883517
2766,-0.07515551253966998
2767,-0.3286107306250997
2768,0.4925743893911109
2769,0.048273262616827746
2770,0.08317662545099058
2771,0.24848673482898842
2772,-0.03244372316856348
2773,0.6710425624787386
2774,-0.3312277047219316
2775,-0.3383046344037595
2776,0.32197774768047255
2777,0.5872957534452304
2778,0.029098243596390842
2779,-0.23765945138703976
2780,0.07585406814414943
2781,-0.2742058160504257
2782,0.1274097617644447
2783,-0.017176920975062206
2784,0.9305187500802133
2785,0.11611887179063768
2786,0.11922830239750734
2787,-0.2793749797661663
2788,-0.3368160982317998
2789,0.010888993142289792
2790,0.40068114447601316
2791,0.4107462486354386
2792,-0.1000440523641871
2793,0.5683147363284442
2794,0.3741810823592903
2795,0.05466119214974984
2796,-0.21684374054125627
2797,-0.14820855306948466
2798,-0.1615063213893033
2799,-0.28906629949622453
2800,0.5896627190277064
2801,-0.15635180800249524
2802,0.026009258757926083
2803,0.4920640696384571
2804,-0.1786993566299931
2805,-0.1543679713476443
2806,-0.2013711372102365
2807,1.4435818318073668
2808,0.10261242128888698
2809,-0.3816263176029598
2810,0.20791708752819268
2811,0.13134895244869402
2812,-0.14131603917871138
2813,-0.21344324498034345
2814,-0.22771819911795307
2815,0.42841598471949954
2816,-0.09906763061791159
2817,-0.1929402953148742
2818,-0.08043536118966915
2819,0.2692440079851003
2820,0.33560740154263535
2821,-0.22903429327040833
2822,0.0030889443216333998
2823,-0.02741567132114624
2824,-0.24599546813722428
2825,-0.005645860117261362
2826,-0.4159334675166305
2827,-0.2415050569406599
2828,0.7353981458517781
2829,0.09275214094184887
2830,0.08087595225553465
2831,1.0325228249586775
2832,1.0022323950045293
2833,0.2334629426239963
2834,-0.11936823569802708
2835,0.3633560186454404
2836,0.32311440016354204
2837,-0.041811887680235305
2838,-0.22072441455646524
2839,0.9225588351201595
2840,0.0745990467776723
2841,1.5984863331403123
2842,0.447309689176059
2843,0.2825607226434588
2844,0.03131907865189025
2845,0.15005530833665298
2846,0.16794231335480397
2847,0.28829004649329604
2848,0.7234656576345766
2849,0.8594841763956139
2850,0.1838679917067803
2851,-0.023811966949096416
2852,0.35892120145671946
2853,-0.07296483483896676
2854,-0.2346491664395659
2855,-0.03345254007580259
2856,-0.1818597404917352
2857,0.015330774203689376
2858,-0.048603780085643526
2859,0.2804398224636637
2860,-0.01232057830725021
2861,0.4301918697969319
2862,-0.05140875393274949
2863,-0.20152208253401263
2864,0.4316596174105489
2865,-0.00513387338888252
2866,-0.5060707661073968
2867,0.5531980393534999
2868,-0.14361715594416977
2869,0.08221216211517957
2870,0.13564797201469925
2871,0.0267947151039795
2872,0.37758833874022707
2873,0.13423120323056287
2874,0.4914437556710406
2875,-0.1726563001364202
2876,0.34103249324214113
2877,-0.034453349248613506
2878,-0.06343320414852847
2879,0.4899126354401012
2880,0.12240420327166972
2881,0.810603140639796
2882,0.10314475116007378
2883,-0.36647090291659845
2884,-0.22478959663953346
2885,-0.41005728377986284
2886,0.13264122765469955
2887,-0.07579199110487818
2888,-0.052959897964124425
2889,-0.08271384713868969
2890,-0.17919158971668908
2891,-0.2040129899903005
2892,0.21549930687277347
2893,0.610348178095183
2894,-0.3116648863945859
2895,0.09188147375439618
2896,0.5033956226409622
2897,-0.20167413896229758
2898,-0.3289547057377259
2899,0.5922903132486582
2900,0.07991378543378115
2901,-0.06157043759966087
2902,0.4727128293898758
2903,0.3840466408371347
2904,-0.10271906913172457
2905,0.24986130912019808
2906,-0.1178568120836258
2907,0.607269727944324
2908,0.3356827506070865
2909,0.4597875515940813
2910,0.9825798106458579
2911,-0.394352714072168
2912,0.9217890913382877
2913,0.8540607100223584
2914,0.11120202900363901
2915,0.20214426240473257
2916,0.03933219822369232
2917,-0.16199541491539624
2918,0.6806118804288441
2919,0.213184277210921
2920,0.1955883608884822
2921,0.05330284184939165
2922,0.3081353969282437
2923,0.3777874950426218
2924,0.23493093764885065
2925,-0.02294368938555903
2926,0.29643367952736316
2927,0.2483241104641028
2928,0.24496755369169082
2929,0.15149590562866047
2930,0.059464377730290334
2931,0.5437461207914208
2932,-0.2783662086722242
2933,-0.16899667627803927
2934,-0.04293633068441683
2935,-0.12170602856845934
2936,-0.36722931166015
2937,0.316669441216168
2938,0.4102913902996922
2939,-0.19575951949025353
2940,0.5879734800542132
2941,0.7258113223128253
2942,0.17142336674971653
2943,-0.3871066281812504
2944,-0.3544126199161406
2945,-0.21875504471824253
2946,0.01815771420601416
2947,-0.2065698846136416
2948,0.2633340462163525
2949,0.5617260991228163
2950,-0.3275911232673461
2951,0.47179907420030315
2952,-0.07778852983937214
2953,0.02913360845805698
2954,0.31343540157345545
2955,-0.22080691117108908
2956,0.06100303909572085
2957,-0.30141899063835226
2958,-0.13602768049124786
2959,-0.21775483894722897
2960,0.11038738469402258
2961,0.02176593953978437
2962,0.10449052294106953
2963,-0.05606756905563418
2964,0.31536935613180306
2965,0.26561239477223625
2966,-0.4657883883969724
2967,0.13829082319922417
2968,0.24004760607355624
2969,0.11737416968191446
2970,-0.024654258843787785
2971,0.24523823003399217
2972,-0.08226808242666651
2973,-0.3224542286284501
2974,0.23220734151926248
2975,0.44170700063547097
2976,-0.21471519755225607
2977,-0.26113629242193304
2978,0.3841548659586579
2979,0.42557516254187305
2980,-0.32872188385717227
2981,-0.19994002088759236
2982,0.2507013522648297
2983,-0.009089634432628937
2984,0.5586505123131047
2985,-0.1976017480258009
2986,-0.0005780373971623678
2987,-0.16879080246668468
2988,-0.2841132666990833
2989,0.17373617514729978
2990,0.05014926170159617
2991,0.1379237799937441
2992,0.5972521971274141
2993,-0.06862248705396135
2994,0.36622338271850374
2995,0.4535928183568774
2996,0.40393192815159257
2997,0.2421590063192132
2998,-0.3284147958846333
2999,0.35240763338892633
3000,-0.22702009308357188
3001,0.3221632923050887
3002,0.14433636099751088
3003,0.3644877105330524
3004,0.15264123013071265
3005,0.23670255700825835
3006,0.30235898993377625
3007,0.5707356403108819
3008,-0.06470079100652953
3009,0.28793118285587677
3010,0.6026712068827398
3011,-0.1571666772548636
3012,-0.09737847967350745
3013,0.1830502423832365
3014,-0.10254564829029558
3015,-0.1390266732784078
3016,-0.03570354072410401
3017,-0.39843269731424885
3018,-0.008227572328012103
3019,-0.2287595583193622
3020,-0.21393424928217594
3021,-0.09419502304686687
3022,0.04562007200147325
3023,0.49164730229646286
3024,0.12870692351507107
3025,0.43676989801951427
3026,0.017096815845530827
3027,0.06770117780771812
3028,-0.13118410350818638
3029,-0.11198997269341011
3030,-0.3397855816611753
3031,0.2138577554559398
3032,0.39136042885429956
3033,0.09846161619524132
3034,-0.1605770311522354
3035,0.3550450508194634
3036,-0.1759292900361497
3037,0.18303094519532973
3038,-0.13507427247924386
3039,-0.02592182332961407
3040,-0.06978178942073049
3041,0.3426673004062226
3042,-0.3746277466079203
3043,-0.09229892592787879
3044,0.17734944811406594
3045,-0.32483243492641756
3046,0.4591733244808354
3047,0.022968404330823373
3048,0.6131842849230557
3049,0.7481092751208888
3050,0.1951789637361489
3051,-0.162574249245906
3052,0.23933169934753792
3053,0.025681346770422206
3054,-0.05512773188000223
3055,-0.12132150016538842
3056,-0.41621830719551123
3057,-0.0019021350361313552
3058,0.06658570106053284
3059,0.6617307616412755
3060,-0.35318799281477625
3061,0.5913382663101417
3062,0.3780948362017048
3063,0.14541289514025812
3064,0.17099218407788902
3065,-0.22331586758253344
3066,0.7261231590772913
3067,0.36841759401097773
3068,0.287252023474061
3069,0.2219068594092203
3070,0.42714951089979586
3071,-0.19582595030915037
3072,-0.009391946669177387
3073,0.4716412512476872
3074,0.5738515944148271
3075,-0.2191806039056596
3076,-0.12125192867502967
3077,0.5120877439726018
3078,-0.07225281807577152
3079,-0.18949486809980287
3080,-0.47214074085446245
3081,0.8334623172859422
3082,0.33849293502417754
3083,-0.002828931277789951
3084,0.9797628899084766
3085,1.6919066544080492
3086,0.17088073236528484
3087,-0.10634060819649824
3088,-0.010510877634025341
3089,0.9252355366197859
3090,0.35071766436911367
3091,-0.3553608356408946
3092,-0.04859051567998813
3093,-0.2186212546254477
3094,-0.25250518871445654
3095,0.2655445775701342
3096,0.0400352474015633
3097,-0.04686746279777495
3098,0.26386436016905696
3099,0.5193606337484373
3100,0.23868794591384726
3101,-0.13837245756893068
3102,0.19618561857682218
3103,-0.13358192903119026
3104,-0.10817943969220764
3105,-0.018714899947130388
3106,0.5411914530453529
3107,0.4002292213702957
3108,-0.30514903379458225
3109,0.7626707406115273
3110,-0.361132733555707
3111,0.26836853115732157
3112,-0.26502984453725625
3113,-0.24295883572026286
3114,-0.1421532157616994
3115,-0.507485193275239
3116,0.9224382250969687
3117,0.39080232027221734
3118,-0.203675758364878
3119,0.13846845595745408
3120,-0.1270196838088961
3121,0.28533951528676166
3122,0.4775179378345971
3123,0.3719488905283863
3124,0.5744758568169733
3125,0.7631589272336561
3126,0.611575579404145
3127,-0.009531895882750833
3128,-0.1291043900753781
3129,1.375388414963584
3130,0.5798607840515343
3131,0.5557875027506184
3132,0.32334195416680506
3133,0.051473926399985284
3134,0.4973613531055063
3135,0.17472025741037311
3136,-0.16558878965608592
3137,-0.12704040364609095
3138,-0.025066174646003893
3139,-0.3903272683015442
3140,1.1591457996776537
3141,0.01398127005313644
3142,1.4414444468134662
3143,0.0968026720646856
3144,0.9358668807587717
3145,0.30690015531984627
3146,-0.02075007137832637
3147,0.11460696396933259
3148,0.13697731624262485
3149,0.2234248870366244
3150,-0.011292409809083356
3151,-0.17090024439262474
3152,0.011316745477583979
3153,-0.47462264954227606
3154,-0.30781210138924997
3155,0.034393282875734274
3156,0.19993651603545193
3157,0.4209322044529224
3158,-0.26210089751090054
3159,-0.0437474812417243
3160,0.11329227884947571
3161,0.25707631594104385
3162,-0.023085815938591416
3163,1.0828371827926149
3164,-0.39683445432926806
3165,0.23132165815817654
3166,-0.0885968977150862
3167,0.0254877861214231
3168,0.3506148522392342
3169,0.3057355410046222
3170,0.2757919945225539
3171,0.08279135385372716
3172,0.010275721317226524
3173,-0.18624995547226514
3174,0.2151300632142348
3175,0.4001134705875698
3176,0.05833820139168992
3177,0.27823138012530296
3178,0.28490207338600243
3179,-0.17468036734397416
3180,0.030765813208912956
3181,0.005877628452773781
3182,0.3311545842907819
3183,-0.12915296466367263
3184,0.7074186342574396
3185,-0.21567192856518996
3186,0.03207878479876845
3187,0.44550956532811314
3188,0.3329472542350605
3189,0.28178639957971147
3190,-0.19385533307135883
3191,-0.08682170335833998
3192,-0.1204510235918666
3193,-0.060558173380857235
3194,0.20357203781104888
3195,-0.15655330491883465
3196,0.23070668768821892
3197,0.17938260622387156
3198,0.0784406692604678
3199,0.15660802317316178
3200,-0.15560233167965293
3201,-0.08909642350555166
3202,0.13715434461841322
3203,0.7236459712311479
3204,0.062184824967710155
3205,0.23243413247779893
3206,-0.20123131978934874
3207,0.4480021413248028
3208,-0.2581249637952387
3209,-0.04049337868066999
3210,-0.32578465385471045
3211,0.031187146659371574
3212,0.9483606220469464
3213,0.299609573059257
3214,0.010664312348813548
3215,0.2538324552033694
3216,0.195534620966556
3217,-0.4234167675207472
3218,0.36057330215326433
3219,0.8460344550455703
3220,0.3567926355984633
3221,0.09077363260722743
3222,0.2830900851067891
3223,0.537037553448588
3224,-0.4225075702254533
3225,0.7209318431865883
3226,-0.341129894839989
3227,-0.30352494034596755
3228,0.26856036167429526
3229,-0.0308876125123585
3230,-0.16403531758269776
3231,-0.13706865938882778
3232,-0.0263114450443134
3233,-0.07698982054427307
3234,-0.04233587200940114
3235,-0.35400200900501033
3236,0.36645415691154365
3237,-0.11075901316247787
3238,0.06292428471884463
3239,-0.030719207945647135
3240,0.12640352865889068
3241,-0.3129237477217422
3242,0.3617381708230918
3243,-0.015577702705805756
3244,0.17122804808378847
3245,-0.049470613738001205
3246,0.09667113574663405
3247,-0.2986582832250625
3248,1.903124799408309
3249,0.22646183379158916
3250,0.6898365163443484
3251,0.12573014092039517
3252,0.11466838623157914
3253,-0.007661674714574974
3254,0.05913874379597194
3255,0.21624306689376008
3256,0.7314822669883224
3257,0.1739775874827327
3258,-0.22248942137474734
3259,-0.13878366755597
3260,-0.22651854486843295
3261,0.267748146618719
3262,0.5632725463006133
3263,0.2404619222629581
3264,0.32159223716232876
3265,-0.32090089708114133
3266,-0.06160216544725965
3267,0.7662740435554295
3268,-0.027451688008750398
3269,-0.10646884499819503
3270,0.562736460869008
3271,0.170463525999786
3272,0.03659884704480598
3273,-0.04222834185546497
3274,0.05841482703247243
3275,0.09620920191699495
3276,0.4167504309055147
3277,-0.17405376214135826
3278,-0.312412159676823
3279,0.058811125468596154
3280,-0.09558069507380643
3281,0.3080426519005186
3282,0.22302655776293057
3283,0.6116330231817639
3284,0.5771582266516141
3285,-0.1950476586908924
3286,0.05326826941774113
3287,0.4217290447259941
3288,-0.05621202746193697
3289,1.6161291305502838
3290,0.33736978557667296
3291,0.03185975535371116
3292,0.20311978437287975
3293,0.16865649681845904
3294,-0.0034560853633014746
3295,0.34544621068380416
3296,-0.06162544919659118
3297,-0.06443938528711124
3298,-0.1528983349892942
3299,1.0767681319629083
3300,0.0673603725587353
3301,-0.09835629680584718
3302,-0.06183672367399574
3303,-0.1025899337031834
3304,0.3210581547095152
3305,0.3550243660455819
3306,-0.214450444263871
3307,0.24241596674870527
3308,0.35303905802811764
3309,-0.3392579464344163
3310,0.05117448146267946
3311,-0.1859983880595484
3312,0.2829855989322442
3313,-0.11629264305633467
3314,0.18961643653657265
3315,0.01116028397758484
3316,1.029876046998216
3317,-0.3418334231811895
3318,0.49313037468955306
3319,0.12276925306130579
3320,0.017889920284859525
3321,0.01799151395232974
3322,0.184214058909362
3323,0.26711763643654907
3324,0.345663004313545
3325,-0.1534152922910541
3326,-0.35567879329186797
3327,-0.30702802584145394
3328,0.5008019690734852
3329,0.28126037183444946
3330,0.4765728126760127
3331,0.5814013011568671
3332,0.3594232824173691
3333,0.015940468719950546
3334,0.07022929501001911
3335,0.07927531971128673
3336,-0.2666457866420283
3337,0.22090610379709963
3338,0.6322923457608142
3339,1.4972467203806668
3340,-0.24943249915566582
3341,0.3424764962121904
3342,-0.04556063149071259
3343,-0.16180769618324634
3344,0.18304161773816666
3345,0.15741846159269088
3346,-0.10556167638480064
3347,-0.014913133398675614
3348,0.3028085924290461
3349,-0.008046259522643082
3350,-0.03935056992669187
3351,-0.11094022656187065
3352,0.16324103515563515
3353,0.13720808044664753
3354,-0.16801333606420807
3355,-0.19607571338898033
3356,-0.4685587278100976
3357,0.20932174452664284
3358,-0.06745621096988591
3359,-0.07335992666194525
3360,-0.06726089846172993
3361,0.6104239253146508
3362,0.12731789848873942
3363,-0.09786611988416986
3364,0.34919290204427017
3365,-0.14029389860876898
3366,0.36822622041561565
3367,0.36490246110424135
3368,-0.22914314779401132
3369,0.4156050731258472
3370,0.21913472162962494
3371,0.4994218119121457
3372,-0.1190066890366347
3373,-0.3239839731111086
3374,-0.09998160371175151
3375,0.015460977149509865
3376,0.7680942234407656
3377,0.13500999647240958
3378,0.08384060300268611
3379,0.1359718637786467
3380,1.258714156173777
3381,-0.22260838721615608
3382,-0.2761782610287025
3383,0.3964546959430675
3384,-0.10456629090040653
3385,0.5387799058760264
3386,0.8873810409212025
3387,-0.2404964654972403
3388,-0.3806914981202068
3389,-0.06478157973326898
3390,0.6089557230221186
3391,0.35334244053050873
3392,0.11692906223791402
3393,0.1204642796688861
3394,1.0578446070001086
3395,-0.3917966663539444
3396,-0.12916918304342087
3397,0.17085030809191942
3398,0.00037804005411684355
3399,0.20501894951384317
3400,0.33315242470977063
3401,-0.26907097238106864
3402,-0.4926820144299207
3403,0.04416887119512486
3404,-0.3596367045996122
3405,-0.2142463470368474
3406,0.3687007585795638
3407,0.03938226019532256
3408,0.011295192573782472
3409,0.2776631925756899
3410,-0.42060663481910954
3411,0.409992566323615
3412,0.41638159337790964
3413,0.017496370457900708
3414,0.10309278907827565
3415,-0.017603813687361608
3416,0.06306482539324453
3417,0.9063735154468582
3418,0.9236380182382313
3419,-0.10907950531400716
3420,-0.10563283934848441
3421,1.0128023870089295
3422,1.0114295969957898
3423,0.08160021397312693
3424,0.38457121685130957
3425,-0.050242401574181285
3426,-0.186572778760461
3427,0.26746357053273745
3428,-0.13302437837549747
3429,0.18100301242223973
3430,-0.009424096505970184
3431,0.7812053267412684
3432,0.28599576754632594
3433,0.16905761642329034
3434,0.6787572568311633
3435,-0.10641759748038568
3436,0.8572664328769106
3437,0.1547110052442058
3438,-0.08003695610228617
3439,0.46828008997558834
3440,-0.0026105133465967314
3441,0.25805885856615784
3442,-0.007070236317152513
3443,0.19544096743673336
3444,-0.2519536468304861
3445,0.7387064564918174
3446,-0.08667786377487317
3447,0.14654578554675018
3448,0.020541794440856437
3449,0.10253392256656535
3450,0.4333939206729302
3451,0.36476880936081685
3452,0.21723824703906605
3453,-0.08697344310241116
3454,0.7269488759302383
3455,-0.3092021682504539
3456,0.5903578257969502
3457,0.19706753993874201
3458,0.2767053859165464
3459,0.14109399402231593
3460,-0.05906621664051812
3461,0.6198290476042954
3462,0.5709275270347911
3463,-0.21033544260016854
3464,-0.05104675569498046
3465,-0.11858129546525421
3466,-0.003016320698114258
3467,1.011341543793561
3468,-0.35008504132614665
3469,-0.022453518610623682
3470,0.14692560544557207
3471,0.40425459085817894
3472,-0.10587533588673338
3473,-0.23357978427784892
3474,0.386324033293185
3475,-0.05097014035358957
3476,0.25279658014413026
3477,0.13794658095279175
3478,-0.3295035972320531
3479,-0.32832851756346987
3480,0.18689298313747515
3481,0.011365740426135416
3482,0.01898624500590938
3483,0.40572712299529184
3484,0.019748527251679283
3485,0.30704208054264315
3486,-0.11655841761096569
3487,0.2689048287383036
3488,0.6413355596140999
3489,0.669904277566978
3490,0.364884036634039
3491,-0.15605452129552616
3492,0.12032382216771871
3493,0.21104544329127084
3494,0.3992166777979151
3495,0.3246243410720791
3496,0.8577228409967047
3497,-0.2801761514174177
3498,0.2602787509459861
3499,0.2902292587350559
3500,0.0891216094426583
3501,1.1437009815277994
3502,0.4750928288183329
3503,0.7813322852428765
3504,0.17421514625246928
3505,0.25673029937628966
3506,0.009103475511065945
3507,0.43141777613396526
3508,0.07148718434931
3509,0.1438201239792616
3510,-0.13811095209012297
3511,0.4780796773279457
3512,-0.5037598395009039
3513,0.22620831847848855
3514,-0.11584633779678856
3515,-0.1414711838582839
3516,-0.006259703425364599
3517,-0.10983363754888416
3518,0.4602201107338873
3519,0.13357144226666715
3520,-0.22938436530367665
3521,0.08801060872697491
3522,0.5335911623162185
3523,0.21926990928506584
3524,0.10659328103493408
3525,0.5192487461889352
3526,0.008238742842831718
3527,0.009710694711954921
3528,0.13501672086057823
3529,0.26380122310242893
3530,-0.17104571574314714
3531,0.3909391721334543
3532,0.22951601453773715
3533,0.2850882770385062
3534,0.2144451030974481
3535,0.3398881609008231
3536,-0.3040524679932661
3537,0.4810974334722953
3538,0.12840944497955833
3539,-0.04346816447665043
3540,-0.12375221631569044
3541,-0.21075449085524217
3542,-0.09691314386801532
3543,0.5815272604480664
3544,-0.04168944579733061
3545,-0.07640878720303873
3546,0.2188213967286293
3547,-0.2602786845005169
3548,0.15072102794924933
3549,-0.24317632816647428
3550,-0.08739534470035114
3551,0.025962298388796084
3552,0.37559002902242966
3553,0.6107476510018934
3554,0.17889881535432026
3555,0.054288921856101416
3556,-0.025355260200966106
3557,0.12059295030620139
3558,0.3267280296744804
3559,0.8650471738151523
3560,-0.34468273953006606
3561,0.11776923609162289
3562,-0.3474959837151451
3563,0.3156398945429512
3564,0.4330022271733143
3565,0.0054021587136973866
3566,1.6000337209238886
3567,0.6929130766094224
3568,0.06398499188371684
3569,-0.10637612616701084
3570,0.28288252533536207
3571,-0.21292137890998625
3572,0.11254653446304898
3573,0.2813589238142261
3574,0.03212447176015871
3575,0.29974111503359674
3576,-0.1621422817548689
3577,0.17928581067313373
3578,0.6194665297221419
3579,0.06273253051100638
3580,-0.23713855369116973
3581,0.14601295733945693
3582,0.7277166158142022
3583,0.4058419370540771
3584,0.45031467864249614
3585,0.5301391666280965
3586,-0.1193906258860408
3587,0.03626886570835957
3588,-0.24534326845635768
3589,0.18605336028150027
3590,0.3965953077802168
3591,0.6992315121216452
3592,-0.23598490214556445
3593,0.3621584929824578
3594,0.5277139276586715
3595,0.19501228674418372
3596,0.02229563243782835
3597,1.3242088984769806
3598,0.35459768768205335
3599,0.18198047225318317
3600,-0.1329350557587937
3601,0.3187293968364147
3602,0.6053494277583898
3603,-0.11243078136180955
3604,0.5274422099434523
3605,0.18481700942051354
3606,0.7864213303778996
3607,-0.18753723573533881
3608,0.7828901880576067
3609,0.1390243802904119
3610,-0.01406464066384645
3611,-0.22851325183106982
3612,-0.3720363980710914
3613,0.3664391072739214
3614,0.28276393038943687
3615,0.12767032932374195
3616,0.23758171920828475
3617,-0.01287597887134189
3618,0.36412312362140814
3619,0.16565226118742343
3620,0.8568000915143991
3621,0.18278793762624557
3622,-0.23917468451185767
3623,0.4047423100128625
3624,-0.115094866957316
3625,0.20738000568105558
3626,0.01765537816352381
3627,-0.3384090938106595
3628,0.05529282114029117
3629,0.06050938334827223
3630,0.09318910586821533
3631,-0.15434935726752572
3632,0.017585309281442377
3633,0.14954667082805215
3634,0.062194330659408346
3635,-0.04002667819352408
3636,-0.04574889232929869
3637,0.44203208964632035
3638,0.04435193981306881
3639,0.11569579919672393
3640,-0.3307364870088756
3641,0.08941938415760023
3642,0.3748324898984548
3643,0.039675274489964475
3644,0.6885269604998944
3645,0.37230019952346566
3646,0.6258649050559498
3647,0.64187848843226
3648,-0.21761054412988975
3649,-0.28361986960800106
3650,-0.25327322050761825
3651,-0.015342002547128895
3652,0.325872582623046
3653,0.33331744189091816
3654,-0.19371021924786067
3655,0.1181400784216421
3656,-0.127132757637245
3657,0.40984956160518327
3658,-0.2652560410414185
3659,-0.04838288791172681
3660,-0.022896978257817547
3661,0.7670143444659328
3662,0.14079674384735336
3663,-0.37178143971212996
3664,0.5082611069382659
3665,0.16260675585408196
3666,-0.0733133520564448
3667,-0.1345570687432118
3668,0.3066845919486507
3669,0.6410999617850985
3670,0.7900309725063746
3671,0.8374629595059634
3672,0.1262908191767803
3673,0.5345452454856683
3674,0.28391846665178516
3675,0.2822702405131235
3676,0.404443108605301
3677,0.0951588389603551
3678,0.22947010474384932
3679,0.3664337689902616
3680,-0.011415742398248127
3681,0.49513628997883874
3682,-0.3231103771474371
3683,-0.04729288008175264
3684,-0.2773546244397368
3685,0.16755714331383986
3686,0.7508451765550644
3687,0.07425809531293438
3688,0.19040284677401959
3689,0.31418580920309336
3690,-0.34623626902518034
3691,0.14586190383683081
3692,0.06984181367332679
3693,0.12458089366362411
3694,0.24519138612675456
3695,0.07305395526134272
3696,-0.14257000594593963
3697,-0.07737480158940079
3698,0.11879813699405807
3699,0.5241331929275777
3700,-0.32051096632172593
3701,0.8316252697854029
3702,0.3837382578178205
3703,0.13316957242380564
3704,0.31153274054174773
3705,0.13971490757494973
3706,0.17556114663715483
3707,-0.11456112870063477
3708,0.20999724717305382
3709,-0.23087692942617652
3710,-0.3456798088596528
3711,-0.11484345541244968
3712,0.2814213976973875
3713,-0.13651446919570293
3714,-0.17061415070623673
3715,0.21471978694130756
3716,-0.040136387565698525
3717,-0.18452630161252034
3718,-0.26344640775857003
3719,0.17029842936229314
3720,0.1429450176196836
3721,0.14946254856457572
3722,-0.2129468165039102
3723,-0.07560645012087279
3724,-0.11287147081596648
3725,-0.0097965918899068
3726,0.2681709895125674
3727,1.2075113560933943
3728,0.28253071066329566
3729,-0.1660867891776839
3730,0.038793116308222096
3731,-0.18616684557347532
3732,0.10575297087128441
3733,0.38514230539818745
3734,1.0194016094824752
3735,0.17834234580006247
3736,-0.30629452986103833
3737,0.11481928665300613
3738,0.022864777654887595
3739,-0.18059919752391243
3740,-0.315874970149277
3741,0.10576610942427005
3742,0.3333427850440192
3743,0.8503174109259685
3744,-0.1610174115232462
3745,-0.4963337895113178
3746,0.0029455121836838485
3747,-0.19404115574688455
3748,0.6585261371576632
3749,-0.08460879901310636
3750,-0.16540049285229824
3751,0.048784309231016704
3752,0.24415656478182293
3753,0.23715347504470063
3754,0.0038552251913328587
3755,-0.06422739869144671
3756,0.5753859288839213
3757,-0.007621010221779853
3758,0.12693913145177552
3759,0.1172318085556848
3760,0.18564642370079418
3761,-0.23640014087312888
3762,-0.02731256841321736
3763,0.6314410730702315
3764,0.6681842171400992
3765,-0.07860552446458303
3766,-0.02234927256367438
3767,-0.20632543393620573
3768,0.22564196840235964
3769,-0.30947967615488187
3770,0.7198490707632397
3771,-0.20219631217029008
3772,0.5286147089923084
3773,-0.38434329725807265
3774,-0.19653777945275427
3775,0.958191040481989
3776,-0.11463546051543592
3777,-0.10633616663647905
3778,0.006223790200808129
3779,-0.14837295040115145
3780,0.5264955891517925
3781,-0.16852052844970483
3782,0.3653724047910914
3783,-0.3985993327108606
3784,-0.1354909182866632
3785,0.1745904963680518
3786,0.38217420080718495
3787,0.11852836608523297
3788,0.45899664412700264
3789,0.09586049642462822
3790,-0.12492338516740435
3791,0.48391125282844416
3792,0.6858265338568185
3793,0.5132727406016436
3794,0.6159191661151674
3795,0.11501016776294601
3796,0.33751176530000937
3797,0.6263106270466985
3798,0.4461868599879663
3799,0.3104799001085036
3800,0.1376696599814035
3801,0.9056216782420009
3802,-0.13658878555842827
3803,-0.009679257611291797
3804,-0.18445680582651122
3805,-0.01429573018433132
3806,0.035390217362375416
3807,0.23787898118262682
3808,0.7277809104045085
3809,0.07517097588703538
3810,0.1151619763964831
3811,-0.2680238063372936
3812,-0.12994708424247062
3813,0.15737832811378738
3814,0.2740405829811472
3815,0.29734288904914086
3816,-0.3192336103062542
3817,0.4282299038967001
3818,-0.14648255668586727
3819,0.2477579662618317
3820,0.2956085127132878
3821,-0.3704631581563638
3822,0.20713191318839616
3823,0.3715820456860174
3824,0.209588186541416
3825,0.07523160575897801
3826,-0.06853697347536501
3827,-0.27664154975712646
3828,-0.2004726765318641
3829,1.4249614700500979
3830,-0.15521994012465531
3831,0.059007836867077806
3832,0.07424240251572561
3833,0.16606895757195242
3834,0.07803627418371661
3835,-0.08008872919254742
3836,0.09298517717845041
3837,0.41989620017885876
3838,0.3797517984900072
3839,0.592692996628483
3840,0.025010899720150064
3841,-0.08358745789973641
3842,-0.20841956803938064
3843,0.9846170412251538
3844,0.013102375341242877
3845,0.1704088947516045
3846,0.302807661514843
3847,-0.052132118578778364
3848,-0.003068399629631012
3849,0.37818117210931496
3850,0.05690554176078558
3851,0.032866297748907064
3852,0.3178068737554132
3853,-0.23042493605459394
3854,-0.5443786511660896
3855,0.7473926773417146
3856,1.1572908196780232
3857,1.0033279767222485
3858,0.8342769973075254
3859,-0.1945693375493622
3860,0.8857153960898241
3861,0.21958204528983874
3862,-0.027259060836907024
3863,-0.2122511078672859
3864,-0.12657558729942503
3865,-0.057720917368675115
3866,0.014214586572529645
3867,0.19999954570870168
3868,-0.18138590101577537
3869,-0.06365097659871921
3870,-0.13478266811259523
3871,0.15646014413434392
3872,-0.46312078779173277
3873,0.053045933384524416
3874,0.395526890849743
3875,-0.31550384873043774
3876,-0.1530701090992607
3877,0.9805111777533063
3878,-0.026647804208828483
3879,-0.2047834056511711
3880,0.7817853165577402
3881,0.34963371805332527
3882,0.09199616557807358
3883,0.3388232130516521
3884,0.11783594180408095
3885,0.6040735480002957
3886,0.4287687632590281
3887,0.22060296659683293
3888,0.61559344206829
3889,-0.059751447543792344
3890,0.05748382185536859
3891,0.09315520809816079
3892,0.6113873274044399
3893,0.54390929512546
3894,-0.004608272101971412
3895,0.10137926258690437
3896,0.019348916669553635
3897,-0.10185664602663187
3898,-0.450093301657832
3899,0.11318639120023168
3900,0.08156145999798499
3901,0.06912371172193149
3902,-0.10269869061452788
3903,0.27999991932518997
3904,0.4796624345803241
3905,-0.1728914933898198
3906,0.4232548935638904
3907,0.3883468863115276
3908,0.266969821418987
3909,-0.16813337930329889
3910,0.056055054385024
3911,-0.0039012351454284187
3912,0.3361352641140275
3913,0.32554657433030904
3914,0.6288442578796964
3915,-0.111760749110469
3916,-0.04316279072216945
3917,-0.13071539757314007
3918,0.4351498716179365
3919,-0.16654841159692538
3920,-0.00011197734305726093
3921,1.9386877371222877
3922,0.07507395559459555
3923,0.07916471563421902
3924,0.17628646442178253
3925,0.39616434554438884
3926,0.7536339099717784
3927,0.4421553823094961
3928,0.3461083184214675
3929,-0.1602617107137737
3930,0.39870122104175876
3931,-0.22632928022453286
3932,0.4072755278866435
3933,0.029977724667268255
3934,0.40038439552971733
3935,0.11186145396228533
3936,-0.06240139600571876
3937,-0.12118711450005383
3938,0.10372903448692489
3939,0.23599778505088528
3940,-0.21642504693441564
3941,-0.3589769650206541
3942,0.00960176163933227
3943,0.8789862151755841
3944,0.7165826252131509
3945,0.4318153707678418
3946,0.256633302486938
3947,0.749559258534997
3948,-0.011071746820991957
3949,0.8385522830361127
3950,0.016587922733534842
3951,0.1201611707708861
3952,0.13469144118198795
3953,0.4406549088594229
3954,0.18131046898440512
3955,0.24466846496302005
3956,-0.052770313583889915
3957,-0.40593861570684464
3958,-0.3064866920395481
3959,0.479802891427083
3960,0.207519459611417
3961,0.1223471388080288
3962,0.16428082608867856
3963,0.14483686955322936
3964,0.682203581501656
3965,0.5101400058920286
3966,-0.3015800992717993
3967,-0.07421377867591304
3968,0.22626322186660416
3969,0.3069752978920826
3970,-0.22068826908917558
3971,0.1282215996738321
3972,0.014846996286990538
3973,1.1387867485660954
3974,-0.3434794444924769
3975,0.3597423871520359
3976,-0.46937339760711944
3977,0.29798740574356775
3978,-0.21093366641042055
3979,0.4587635001106927
3980,-0.24939297950746767
3981,-0.20745205579244874
3982,0.04728273541973707
3983,0.39857306695515554
3984,0.3006967681779296
3985,-0.31724705605522496
3986,0.29927682232174285
3987,0.021675102553031938
3988,0.24182220178529362
3989,-0.21418080468809617
3990,0.03409751707738201
3991,0.023643978595853998
3992,0.6983673696828987
3993,-0.04744785789510041
3994,-0.16741145054672635
3995,0.012390720408830172
3996,-0.21385910230197208
3997,0.18510021909284835
3998,-0.09772394336832681
3999,-0.3325779040115231
4000,0.00043341755173121574
4001,-0.14281616284149645
4002,0.09154186383177619
4003,0.4611585590322878
4004,-0.05025847248106452
4005,0.734579855130191
4006,0.6204774931020346
4007,0.4267636823082812
4008,0.2641727472849641
4009,-0.41746724272480024
4010,-0.34726424871279915
4011,0.3536964532794123
4012,-0.1684907568286566
4013,0.24696037740356042
4014,0.6525579514282495
4015,0.3613198362427719
4016,0.37577730765589856
4017,0.5033517797419043
4018,0.0894548473235918
4019,0.5034493840002735
4020,-0.03932106251467393
4021,-0.17757411597269884
4022,0.15478699418640995
4023,-0.1515288480330629
4024,0.17717630915212698
4025,0.3379213103515933
4026,0.4992808344776552
4027,0.5169390434200172
4028,0.14919363842960048
4029,-0.10645881124387843
4030,-0.3280187963245449
4031,-0.06048004584337509
4032,0.5017003743008428
4033,0.4377819443787144
4034,0.9190700187061127
4035,0.666833232932398
4036,0.17822820391462613
4037,0.04771131749321349
4038,0.1248918391422577
4039,-0.07192991255358466
4040,0.2454255052884328
4041,0.469396025668724
4042,0.002538824022890616
4043,-0.3319832981534364
4044,0.4065176397376506
4045,-0.004360265565907421
4046,0.07489802758743971
4047,-0.11350158438205359
4048,0.8782944342872424
4049,0.30215707319088125
4050,-0.0391458893324702
4051,-0.011378781245181418
4052,-0.14738351412675157
4053,0.005528831029340067
4054,0.27173193681746843
4055,0.8084329595858429
4056,-0.04580394126361902
4057,0.3783851599407144
4058,0.009119479054589716
4059,-0.18729767946966186
4060,-0.17146228354706805
4061,0.2582611011976217
4062,0.7903791605783274
4063,-0.050458724670706126
4064,0.26188541241268337
4065,0.47668285309710173
4066,-0.08587671949663932
4067,0.33139368318657497
4068,0.45438227892229816
4069,-0.08095676169797224
4070,0.23897132160256124
4071,-0.15951809434700664
4072,-0.03365078890698099
4073,0.20967470147578443
4074,0.16791753743180537
4075,0.38438104927180555
4076,0.5792475924572763
4077,0.00674067387795035
4078,-0.06843073083337484
4079,-0.37041307257493317
4080,-0.09844267022054598
4081,0.11121201668908054
4082,0.14543927540975457
4083,0.5606888530213068
4084,-0.09955005622246728
4085,0.13500885670351775
4086,-0.1431523688178242
4087,0.41758237719733377
4088,-0.14251712865139518
4089,0.9530088437996111
4090,0.5119429182610261
4091,-0.1403352959695739
4092,-0.2330193199596786
4093,0.0587566574855237
4094,-0.11891869981732853
4095,0.5738022306259883
4096,0.314427385885196
4097,-0.07401607279593733
4098,-0.2733605236569353
4099,-0.014358353441447482
4100,-0.14828159731389462
4101,-0.2702944903455257
4102,-0.02329384361184095
4103,0.2041706385232944
4104,-0.22079199961201018
4105,0.22749004525762231
4106,-0.3072352408987458
4107,0.23458768871650865
4108,0.20143828481855033
4109,0.11226470715686608
4110,0.003512946168028663
4111,0.49821512913128485
4112,-0.09203756464501597
4113,0.5612148404626816
4114,-0.07404526750914857
4115,-0.036324314903281224
4116,-0.08882967250246844
4117,0.04429904892998431
4118,-0.15624787852978422
4119,0.15574604431124225
4120,-0.042699726288046594
4121,0.03237162812746678
4122,0.3207469865381139
4123,-0.07479114968933652
4124,0.25938668755345773
4125,0.16863883886503045
4126,0.27484417345281387
4127,0.24986477272863178
4128,-0.05988017944341506
4129,0.1446396579922476
4130,-0.0055383801836860385
4131,0.0948918583119903
4132,0.01006319681259799
4133,0.33288313842734407
4134,0.13066367675788124
4135,0.39156139147424773
4136,-0.2610788661920609
4137,0.11852952018438107
4138,0.4392530001736331
4139,0.2587800259983393
4140,-0.16595619439245204
4141,0.06525733504791255
4142,0.32257122658542503
4143,-0.335398852728936
4144,0.3683880030751461
4145,0.030483267897970113
4146,0.3743280686309671
4147,-0.08674796122762073
4148,0.277672711339517
4149,-0.15830717205876735
4150,0.7489553503276083
4151,0.6634886376422541
4152,0.18016344385655408
4153,0.09978529853650894
4154,0.5217534488328835
4155,-0.006475947769996127
4156,0.40008345801598105
4157,0.5630999060404602
4158,0.009245028927157884
4159,0.08435650791358747
4160,0.21908921754325938
4161,-0.14416190464408704
4162,0.11354460190266949
4163,0.6582559425467976
4164,0.3253205022052712
4165,-0.005240503473492563
4166,0.15423490377339977
4167,-0.02686672675968619
4168,-0.2760246787185975
4169,-0.1207735575392352
4170,0.5657830177235182
4171,-0.29743048360719393
4172,-0.1126801871825815
4173,-0.14774376541919607
4174,0.2946002616147505
4175,-0.25906734563530087
4176,0.1939893027507978
4177,0.34520394035776975
4178,-0.07203296673708204
4179,-0.07739729367455177
4180,0.2671678108966161
4181,0.431006100338803
4182,0.4362669552872531
4183,0.04635541239680313
4184,-0.14603818619691628
4185,0.6649531165923696
4186,-0.15346188909045097
4187,0.34410263386152135
4188,0.6737788480518022
4189,0.9009224194071092
4190,0.03316401005201305
4191,0.01593642660363562
4192,0.04160305732547526
4193,0.5070461452448497
4194,-0.20044873476811836
4195,-0.059213288175286975
4196,-0.08149141145991452
4197,0.3353719297838203
4198,0.17086744134053516
4199,0.1742172317486648
4200,-0.33774505902185054
4201,-0.46756595436501464
4202,0.3745432813292091
4203,-0.21885462959058655
4204,-0.19595513604905945
4205,0.22290585174328117
4206,-0.3593588670256422
4207,0.44784401899348797
4208,0.29304751585956085
4209,0.32582577850281924
4210,-0.027759800863375147
4211,0.0010802617245014307
4212,-0.06596056587313923
4213,0.49009284689594196
4214,0.21201971508429454
4215,0.3311040411352873
4216,0.006133193991797224
4217,0.21737895597963278
4218,0.0463649092848187
4219,-0.14426818292518737
4220,-0.23387791362144414
4221,0.2609464515662727
4222,-0.006654732816671348
4223,0.343426628401836
4224,0.3278757726767106
4225,0.453398951672406
4226,0.09079892270343085
4227,-0.32655989756597176
4228,-0.33243404398177157
4229,-0.03767927420709022
4230,-0.07697301455107902
4231,0.3768965822181639
4232,0.08044735778847911
4233,-0.046091433297076455
4234,0.32154538071622607
4235,0.1709792886108599
4236,0.5633662291788873
4237,-0.025200566930896052
4238,0.4721715566559513
4239,-0.0983573381907913
4240,0.5307963561874927
4241,0.4989980777013388
4242,0.19216883584338548
4243,-0.18711837747781737
4244,-0.016862356433971815
4245,0.15084601055126434
4246,0.0166640725446783
4247,0.21904127080828645
4248,0.07134861887634085
4249,0.1067302990555225
4250,0.9807841084135427
4251,0.07933290706751762
4252,0.00739713392942948
4253,-0.34748885640440536
4254,0.28016342620414364
4255,0.5562602836185072
4256,-0.25685531827464014
4257,0.020128576678736843
4258,0.02072948632366261
4259,-0.0894396755554041
4260,0.12573125803905377
4261,-0.012601690718086176
4262,-0.04458795604801485
4263,0.15244378114616147
4264,0.3904549670282402
4265,0.05389560148325272
4266,0.7686802301439793
4267,-0.04985377480701426
4268,-0.01989560414943256
4269,0.1485355985711136
4270,-0.027049978507266027
4271,-0.10437942175891124
4272,-0.028505131020923585
4273,0.11183765774924657
4274,0.03769786535904707
4275,0.5010970847574893
4276,0.12346858174355028
4277,-0.1442581179628274
4278,0.7784566795999646
4279,-0.015984530787883533
4280,-0.1946544565453537
4281,0.05922790162014117
4282,-0.11361937381115013
4283,0.6759692045685197
4284,0.11215726962785894
4285,-0.2903845846004965
4286,-0.4005386146341839
4287,0.18071620544512182
4288,0.28511946595122833
4289,0.22485991026420873
4290,0.07509503023411707
4291,0.12833880707562526
4292,0.20255974676136726
4293,-0.23769618831936415
4294,0.18441075398369203
4295,0.11165816059869298
4296,0.3390596928136924
4297,0.3688946091582731
4298,0.38308251422491796
4299,-0.33154807923902635
4300,0.24633121762833693
4301,-0.22324275221190057
4302,0.4187840760320155
4303,0.9999245896247012
4304,0.35765013466222406
4305,0.10344468775465014
4306,-0.007846935673000382
4307,-0.35381747970495747
4308,0.3792587684159949
4309,-0.05485043809157678
4310,0.6769338654124
4311,0.021681375843693833
4312,-0.29779417761946236
4313,0.5847454803040638
4314,0.8628845885931233
4315,0.6856714037825107
4316,0.844387004076911
4317,-0.17891911019948983
4318,0.06360590566064829
4319,-0.10296508023150064
4320,-0.3244044780262901
4321,-0.06864536384801705
4322,-0.1867115873962214
4323,0.9966486594201731
4324,0.3333834736877123
4325,0.06586934959131964
4326,0.057769366147982656
4327,-0.08826146493754823
4328,0.6142479151836979
4329,-0.16374119184106195
4330,0.4470007919236798
4331,0.14882732373833887
4332,0.8849645080485237
4333,0.016054824268961747
4334,0.03369538912984252
4335,-0.1715950439291394
4336,0.013788507874526821
4337,0.3449814397233957
4338,0.9688609461072614
4339,0.0006267303613176036
4340,0.3919210760791936
4341,-0.07368765769330467
4342,0.22836138944320986
4343,0.6341565333587487
4344,0.16651455530560935
4345,0.015170818983288372
4346,0.06303993945225826
4347,-0.3553387067749827
4348,-0.018326391676374718
4349,0.30838026270618174
4350,0.27733122667503496
4351,-0.42348256976635146
4352,-0.15852045059061912
4353,0.06377231592202537
4354,-0.12758276826838444
4355,-0.20171116650621101
4356,0.2790800618181953
4357,0.4844495752528013
4358,-0.07174338987646503
4359,-0.16903289695601253
4360,0.20416840951320123
4361,-0.10829467197721022
4362,0.4005029096847761
4363,-0.24181063395823693
4364,0.08425183056388102
4365,0.3106890510818777
4366,-0.0008728464690071767
4367,0.03642318768209937
4368,0.02504764347483923
4369,0.698270300688542
4370,0.23083152778546903
4371,0.7362246612277108
4372,0.14561702115167854
4373,0.3803781073919229
4374,1.0279950789042862
4375,1.4665293824618937
4376,0.48539768750699436
4377,0.526961926384929
4378,-0.06569584313965406
4379,-0.2776819545691205
4380,-0.2588321743680143
4381,0.022345632570641205
4382,-0.12499475381466688
4383,0.33605056470433203
4384,-0.005845864880433756
4385,-0.11085515539598761
4386,0.9033317869462315
4387,-0.026781356637934545
4388,0.06653467761524048
4389,-0.20063338968213074
4390,-0.06824742360741179
4391,0.10858111376560294
4392,0.741583890338648
4393,1.184685706902648
4394,0.008052641740402598
4395,0.20366429738259156
4396,0.31091710057966593
4397,0.5512018930862811
4398,0.24639218622520895
4399,-0.2951618940338225
4400,-0.01032417937917827
4401,-0.021270005108013856
4402,0.016217827710427114
4403,0.2555606465639261
4404,0.3598332040830331
4405,-0.2180183510792085
4406,0.21566624451650676
4407,0.0442653118899558
4408,0.43544399266775485
4409,-0.24219652262448096
4410,-0.13453163429997125
4411,0.5216931667714447
4412,-0.059898683929256236
4413,0.4826339000099994
4414,-0.0967333838184142
4415,-0.10055973257666656
4416,0.09467043135490887
4417,-0.07620305102285277
4418,0.2306945588631438
4419,-0.24932609066802644
4420,0.6105911670792435
4421,0.5114925185249484
4422,-0.15571372613096465
4423,0.49823461886686476
4424,-0.11164829074963867
4425,-0.15164818173113753
4426,0.06243132422728185
4427,0.7351287803895782
4428,-0.31355567037326765
4429,0.5447498478911134
4430,0.7279596090541135
4431,0.2623932404620804
4432,0.02490368279850898
4433,0.0035411860680626514
4434,0.9524991926149838
4435,0.3855543913199879
4436,-0.34015488813176664
4437,-0.09079654825310453
4438,0.4473790562540629
4439,0.22107618633521897
4440,0.9600735530074345
4441,-0.09919722114350195
4442,0.30055549324693387
4443,-0.41448490845344604
4444,-0.07782864058709309
4445,0.05475603561880403
4446,-0.3733414928803351
4447,0.6865795336365529
4448,0.03526916155224011
4449,0.27131911794610575
4450,0.11578736463556763
4451,0.1802296151396668
4452,0.08890061424436356
4453,0.1495930444692077
4454,-0.08747316332606875
4455,0.4925679035287184
4456,0.2331877390705304
4457,0.5263786161618849
4458,0.4373172236969491
4459,0.14285145086263917
4460,0.28764131326204667
4461,0.16626218387173644
4462,0.01723894065697424
4463,0.1982581099074411
4464,-0.11083683567134178
4465,-0.1488766482326984
4466,0.05353049816235073
4467,1.7336638007607754
4468,-0.19800222411209958
4469,-0.031116410073879386
4470,-0.3681908385802507
4471,0.13351059967395262
4472,0.4712236754908348
4473,-0.06807113350330271
4474,1.05756016303267
4475,-0.04281207506026214
4476,-0.2505830802992784
4477,0.3415497119360324
4478,0.18436980491523197
4479,0.47944192244298867
4480,0.03631516963638162
4481,0.09559709052729089
4482,-0.22803951632148967
4483,-0.08709009829381922
4484,-0.26698758825241287
4485,0.04056938023314647
4486,0.032344586195490216
4487,0.40666734802323096
4488,0.6012100970456375
4489,0.4972696515166726
4490,0.14728248958306556
4491,0.2720860276293172
4492,0.05023565493143415
4493,0.4912908399748683
4494,-0.16629752383162313
4495,0.8704399898306142
4496,0.80113007478932
4497,-0.15140954355096248
4498,-0.3432170249047009
4499,0.5169750535132441
4500,-0.15873370816843912
4501,0.10816844847110636
4502,0.007812769892746124
4503,0.09576593001091008
4504,0.9158876696668361
4505,-0.18982418945697702
4506,-0.15653820768008786
4507,0.10970816827454001
4508,0.5490582333427627
4509,-0.10970553442729068
4510,0.007211264336433766
4511,0.2585002347882166
4512,0.01161836266465144
4513,-0.4332114114494532
4514,0.3778547368962186
4515,-0.05001886897344483
4516,0.2097683761817719
4517,-0.26779376194167165
4518,0.08448688262221955
4519,-0.16109298560910096
4520,-0.26430323385692883
4521,0.5194773058422822
4522,0.11745690831638335
4523,0.07481254094120002
4524,0.8000556581359571
4525,0.5883120366850566
4526,0.4802173185087786
4527,-0.0008629344679697274
4528,0.12390580457743704
4529,0.2067720670278415
4530,-0.251168286683221
4531,-0.038279454655414644
4532,0.07719530440753421
4533,-0.47138862791943864
4534,-0.12312217357600794
4535,0.05194580488775479
4536,0.2275265682296879
4537,0.10710275057907688
4538,0.2199824493748569
4539,0.2962970006591315
4540,-0.14879917596178613
4541,0.5494602106335734
4542,-0.08415188876177762
4543,0.1533749612174732
4544,-0.12463675444413569
4545,0.98103367169817
4546,0.3383956766612247
4547,-0.19252613478374694
4548,0.16314414098886043
4549,-0.23524943301755535
4550,0.3385195115899017
4551,0.8734157011023966
4552,0.6188773509394689
4553,-0.24277880552343814
4554,-0.19793353748184234
4555,-0.06893738091679598
4556,-0.2395295586528921
4557,0.009733233283785432
4558,-0.14847925245316504
4559,0.012140557827908098
4560,0.17166900586878275
4561,-0.27774720978202094
4562,0.7344401628464249
4563,0.4151063964737295
4564,-0.2614717295022409
4565,-0.18804678753500723
4566,0.09843132446087159
4567,-0.12191428629979896
4568,0.7438310584505219
4569,-0.484442539359161
4570,0.8360706723307689
4571,-0.1137089810314025
4572,-0.012014210230569658
4573,0.3781555827098382
4574,0.014513762409666205
4575,0.07209527780160103
4576,0.10274649163254931
4577,-0.011256009437776745
4578,-0.08542794188576523
4579,0.17379407187949866
4580,-0.1659408696551536
4581,-0.2246746015745697
4582,0.46036183278361087
4583,0.08917292690022031
4584,-0.06134892733350201
4585,0.523451863340598
4586,0.3864995657728796
4587,0.37123287669091065
4588,-0.28004366957268906
4589,0.200576231506947
4590,0.2222080408394275
4591,0.5898083483486883
4592,0.2855688725436906
4593,0.16138387211581334
4594,0.06553832472955887
4595,0.5031481298306875
4596,0.4240087117712542
4597,-0.13596856148130781
4598,0.2274462723178979
4599,0.3279512871743626
4600,0.01601202861925959
4601,0.4140284011841021
4602,0.13200149774078657
4603,-0.19359502402520615
4604,0.019735980407928923
4605,0.7390833889215086
4606,0.1648131603221612
4607,0.3139971762214031
4608,-0.22770444378042295
4609,-0.23395011929732035
4610,-0.3091332103095976
4611,-0.11896774629110601
4612,0.33313474085296174
4613,-0.13036565427653787
4614,-0.04239812708510728
4615,0.04750971188704074
4616,0.16313698930224965
4617,-0.2899101535363475
4618,0.1655704492021992
4619,0.11150890630741093
4620,-0.1694099217906548
4621,-0.21551579168466867
4622,-0.16639132747846458
4623,0.3429700667245615
4624,0.5585453028642416
4625,0.35509489248586634
4626,0.3162469573144458
4627,1.0465809235530816
4628,0.44941783772898136
4629,-0.18337357203789365
4630,0.09494145864373116
4631,0.004666377662544292
4632,0.12257747647263778
4633,0.6873104508061254
4634,0.17552894056533985
4635,0.29291300409005755
4636,0.20191401089269786
4637,-0.3636674495570742
4638,0.2411069136789226
4639,0.08783304933034644
4640,0.1444008171763802
4641,0.5741912152653605
4642,0.18701529771883638
4643,-0.06126862556630606
4644,0.040801867126406925
4645,0.05252493572709613
4646,0.230872232515525
4647,-0.15919703931906234
4648,0.11227801614514153
4649,0.17226058325565027
4650,-0.353870946512359
4651,0.5867813709399639
4652,0.19998907432384874
4653,0.29441026354275524
4654,0.108044015562661
4655,0.49085994150563933
4656,-0.28521244763389514
4657,-0.15843044949402124
4658,1.0855784377048225
4659,0.37205853282954354
4660,0.9859962751765406
4661,0.2813838864464632
4662,0.2289441593892339
4663,0.4177585249963319
4664,0.19084500040485533
4665,0.22992184037711427
4666,0.557827779163481
4667,1.1061184052399793
4668,0.49905881857036105
4669,0.11183358099676248
4670,0.08193777734699764
4671,0.259804094553723
4672,-0.16639850103403328
4673,0.1959133952719906
4674,0.66537218476593
4675,0.02899800557307258
4676,-0.15345467904665616
4677,0.45162187674849397
4678,0.17655009812233668
4679,0.5136878777578308
4680,0.2330303282152013
4681,0.16740985095344252
4682,0.09587627945933791
4683,0.0009107129300212375
4684,0.5119432648750961
4685,0.16139910944468952
4686,0.40992003417113987
4687,-0.31672163183323815
4688,-0.21799642900258945
4689,0.315570592594542
4690,-0.07711476148580569
4691,0.48962275458838417
4692,0.10876625550595642
4693,1.2225715325807538
4694,0.024493689258252283
4695,0.007591324816459732
4696,0.04471394249925628
4697,0.31851845844924587
4698,0.4509510544093093
4699,0.257476881057826
4700,-0.024936988760892762
4701,0.14169884714071707
4702,-0.13780928238174042
4703,0.2997850729686578
4704,0.26082734930752177
4705,0.10531953801783071
4706,0.46203699305313634
4707,0.5190971735111907
4708,0.5933046979561303
4709,-0.3150198704832217
4710,0.40008648681783543
4711,0.171472149060577
4712,0.7896868731964467
4713,0.2591225746787881
4714,0.6831292746284225
4715,0.37170753533192585
4716,0.4561763330955432
4717,0.19442769458821083
4718,0.252372508964626
4719,0.06650069414076941
4720,0.23043186903796567
4721,0.1465572408984644
4722,0.4098467369545945
4723,-0.10817553053336763
4724,0.005419726910264701
4725,-0.17922953828626348
4726,0.3721809601668662
4727,0.38514621494164797
4728,-0.0056768447563236716
4729,0.49531416344760243
4730,0.2108238492727872
4731,-0.12460694443021231
4732,0.15843934710934787
4733,0.30734523982056344
4734,0.6829390568252879
4735,0.083385988497348
4736,-0.08708325864316474
4737,0.24625907544663606
4738,0.017627857941213305
4739,-0.08488428651689389
4740,0.823380005193368
4741,0.2694965341266766
4742,0.13868581147048328
4743,-0.34764881348505583
4744,0.4239781558114411
4745,-0.32906774015420304
4746,-0.011438889621724173
4747,0.24033804881911483
4748,0.0586866198154925
4749,-0.03996059680704698
4750,0.6213757082184187
4751,0.0871524304334977
4752,0.23310908565283806
4753,-0.15383707489503728
4754,-0.35978033677437066
4755,0.6485513464208774
4756,0.5076475342685259
4757,-0.4243746237928773
4758,0.46739154579931286
4759,0.12040311374980756
4760,0.00033736020954642186
4761,0.21233271674139784
4762,1.1654507786650903
4763,0.5320639364458103
4764,-0.25474746826725836
4765,-0.08661883899137565
4766,0.06429150663897017
4767,0.3069407558848489
4768,0.04435545110154746
4769,0.8931796334047944
4770,0.8007053751078375
4771,0.19376463685061665
4772,-0.28402136167269637
4773,0.3883065487308965
4774,0.33486604473273757
4775,0.5999459297683636
4776,0.1394724081416295
4777,0.3100672116998016
4778,-0.34201602869641
4779,-0.08900703760879783
4780,0.20576039371370364
4781,0.22313190999557067
4782,0.25983760891566443
4783,0.4968033338597205
4784,0.1158792051881213
4785,0.5366414578411691
4786,-0.20387121270142575
4787,0.7150236300607622
4788,-0.12973964364404603
4789,0.5406659425758775
4790,-0.24772370186698545
4791,0.1356493293803237
4792,0.08798498104926614
4793,-0.6717729099055647
4794,-0.33731631503923487
4795,-0.18786100892145594
4796,-0.28027673170943923
4797,1.0614311590368304
4798,0.08849882709348927
4799,-0.2520176392146499
4800,0.35547035878505967
4801,0.16918979336828285
4802,-0.4696963292927203
4803,-0.05998736791331474
4804,-0.2061091076243011
4805,0.3392401380433361
4806,-0.12324915466339059
4807,0.5461289595288796
4808,0.4030339277040149
4809,0.2216450122840543
4810,0.1867986283179461
4811,0.1137619889233835
4812,0.2249357473726765
4813,0.16130579958016522
4814,0.28739153703898956
4815,-0.006334439164165003
4816,0.6411117051242954
4817,0.06332191217253756
4818,0.2221097142915592
4819,0.34984174469263185
4820,0.5999495843355083
4821,0.823398511885168
4822,-0.0034578090778905296
4823,-0.1744423972709422
4824,0.35160254703002786
4825,0.1311729119629491
4826,0.3603527141461886
4827,0.29715297521780953
4828,0.0009759033951581336
4829,-0.01945274077764589
4830,-0.164515781392161
4831,0.034477367873227145
4832,0.6993923098192283
4833,-0.283716495875942
4834,0.7176455389494302
4835,0.46670187357473364
4836,0.3387660893514889
4837,-0.027273990353293386
4838,0.26329963956692753
4839,0.17684400101657133
4840,-0.43425762012272795
4841,0.0852571452891133
4842,0.43509777515919096
4843,-0.21184347286816746
4844,0.7554811238381377
4845,0.20464596838438623
4846,-0.11601321307146395
4847,-0.08551442822431973
4848,-0.31730344358064916
4849,0.6602089084655957
4850,-0.08680454929751917
4851,0.236464373976359
4852,0.7276069031343091
4853,0.2205845548938599
4854,1.156084294655595
4855,0.06641058114202865
4856,0.3445713981739916
4857,0.335231463214388
4858,-0.05536225514173683
4859,0.37604984801973096
4860,0.48853723856912284
4861,0.206870865288
4862,0.25750060002813874
4863,0.29222471323382215
4864,-0.027679229080575914
4865,-0.05378893882683314
4866,-0.04674938992465208
4867,-0.4040495181184104
4868,0.29328550277223614
4869,0.07258484295386461
4870,0.054159020077670025
4871,0.9126564397613555
4872,-0.07049627855726254
4873,0.10323725312961127
4874,0.26520280193643575
4875,-0.04512183239641707
4876,0.0015252103227406588
4877,0.028838969152776704
4878,0.10491533578641338
4879,-0.32040252533866626
4880,-0.13232982303318305
4881,0.19242270493329455
4882,-0.338339618540242
4883,0.36968301386623187
4884,-0.12729261638509232
4885,0.39153011545526406
4886,0.4073417917847373
4887,-0.07436036755415218
4888,-0.05704997079897864
4889,0.5808763046346521
4890,-0.15263719020903155
4891,0.07801905712023198
4892,0.47274868935380704
4893,-0.1333967923630007
4894,0.0637899682333367
4895,0.7058027100412554
4896,0.7961691707169536
4897,0.3095554637937254
4898,0.9704042271331526
4899,0.09914788360545651
4900,0.043786696305200296
4901,0.030416232886688162
4902,1.2068554200714445
4903,0.30819699680796764
4904,-0.16536625441924158
4905,0.8185298095597792
4906,0.5603804203435946
4907,-0.028936037206626748
4908,-0.2543660801386153
4909,-0.18186275731087784
4910,-0.17475764698224283
4911,0.2284048946098812
4912,1.2854446957295746
4913,0.4863740947089752
4914,0.4106166116083478
4915,-0.1084033789463758
4916,0.11289198442753305
4917,-0.09978852514742854
4918,0.5426978189523315
4919,0.26913210170724555
4920,-0.10554744965253995
4921,0.667804027678565
4922,-0.10898244162139455
4923,-0.00039739171308145026
4924,0.502500300556519
4925,-0.19663633043405362
4926,0.46226449782673024
4927,0.06239232967942999
4928,0.05992484006005235
4929,-0.4220762109214078
4930,0.306570994386464
4931,0.3842184557656801
4932,0.029208381274962156
4933,-0.38324064641772965
4934,0.10498096913337183
4935,0.563993735309797
4936,-0.27033244355490027
4937,-0.12155080400675024
4938,0.052873771275525845
4939,-0.39094440946944997
4940,0.796184683850922
4941,-0.3529114000065468
4942,-0.25019207812021554
4943,0.3458237795905406
4944,0.5287041949616547
4945,0.09564719712558276
4946,-0.06876782007878131
4947,0.17467403821590402
4948,-0.08990140910871118
4949,-0.22465739494616685
4950,0.14104960723052273
4951,-0.4412343937777669
4952,0.026704939763061684
4953,-0.31681720730028307
4954,1.2303541517717675
4955,-0.08084384165230678
4956,-0.2923135284866718
4957,0.30861432433748076
4958,-0.23831945195826026
4959,0.5586075372644682
4960,0.5001911455089397
4961,-0.18338492550667376
4962,0.38243209590599797
4963,-0.045822633234409695
4964,0.197693703218652
4965,-0.004530196432430757
4966,0.16636938193854078
4967,1.0086957602203321
4968,0.01860640051465169
4969,-0.2271403958511308
4970,0.43584309393882603
4971,-0.2581534374316362
4972,-0.3644257772590762
4973,0.10307835096698521
4974,0.39313385188730504
4975,-0.050103930268129974
4976,-0.1378649331754791
4977,0.8924970809693794
4978,0.04053807844117912
4979,0.0624918606831581
4980,0.39064913785559197
4981,-0.20480626798840637
4982,0.6007991415423445
4983,-0.1666430115667217
4984,0.32447893724726096
4985,-0.3348396188802502
4986,-0.3292978278183429
4987,0.27700106154312937
4988,0.3980875600535982
4989,0.43170621754216887
4990,0.42154107759230663
4991,0.2340237545773566
4992,0.07373326754719992
4993,0.057514269138084044
4994,-0.07208157594796673
4995,0.07366088728511208
4996,0.6111314163040577
4997,-0.1445024802564878
4998,-0.18411293676949667
4999,0.04074035533621731
5000,0.6012113589647956
