Date,Open,High,Low,Close,Volume,data_interval,timeframe_label,data_source,source_period_requested,downloaded_at_utc,bar_return,daily_return,ema_20,sma_20,sma_50,sma_100,sma_200,ma_20,ma_50,ma_100,ma_200,std_20,price_std_20,avg_volume_20,volume_ratio_20,rsi_14,true_range,atr_14,atr_percent,adx_14,plus_di_14,minus_di_14,bollinger_mid,bollinger_std,bollinger_upper,bollinger_lower,bollinger_width,macd_line,macd_signal,macd_hist,rolling_high_20_prev,rolling_low_10_prev,rolling_low_5_prev,trailing_return_12,trailing_return_60,trailing_return_5,trailing_return_20,atr_percent_median_60,atr_percent_ratio_60,bollinger_width_median_60,bollinger_width_ratio_60,distance_from_ma_20,distance_from_ma_50,ma_50_over_ma_200,zscore_20,bars_per_year
2025-03-06 19:30:00,9.239999771118164,9.399999618530272,8.920000076293945,9.274999618530272,3768983,1h,1H,yfinance,730d,2026-04-02T03:04:46Z,0.0036249221524564668,0.0036249221524564668,12.224579632916948,12.78457989692688,13.784167957305907,14.846423988342286,17.01160098075867,12.224579632916948,13.784167957305907,14.846423988342286,17.01160098075867,0.05383298579498413,1.8456684912667227,2224987.8,1.693934231909047,16.751598500281347,0.47999954223632635,0.6476570094301716,0.06982825186711977,30.270299777940398,11.535338841245318,53.211178740593645,12.78457989692688,1.8456684912667227,16.475916879460325,9.093242914393436,0.5774670755385176,-1.2156965184197546,-0.7299666514247835,-0.4857298669949711,14.460000038146973,9.239999771118164,9.239999771118164,-0.33915213969592783,-0.4107369915246588,-0.15528233103721922,-0.3346485008807122,0.032682966627760754,2.1365334629019874,0.14142360476403945,4.083243928776969,-0.2412827355179057,-0.32712662474383725,-0.1897195347517978,-1.9015225621519425,1750.157717150294
2025-03-06 20:30:00,9.274999618530272,9.40999984741211,8.720000267028809,9.100000381469728,4210364,1h,1H,yfinance,730d,2026-04-02T03:04:46Z,-0.018867843046690536,-0.018867843046690536,11.92700065658864,12.560579919815064,13.674567966461181,14.785355987548828,16.932100982666014,11.92700065658864,13.674567966461181,14.785355987548828,16.932100982666014,0.053807024046323176,2.000871772314492,2391068.85,1.7608710849125067,16.19619403628228,0.6899995803833008,0.6506814787839665,0.07150345620962226,32.7959004599822,10.661597867955786,51.37621135626254,12.560579919815064,2.000871772314492,16.56232346444405,8.558836375186079,0.6371908893021724,-1.309007395127404,-0.8457748001653076,-0.46323259496209634,14.460000038146973,8.920000076293945,8.920000076293945,-0.33576638626553024,-0.4185229072142268,-0.13907278673568002,-0.3298968753612269,0.032682966627760754,2.187789652757151,0.14209799020497738,4.484165387441581,-0.23702524687606508,-0.33453105035648867,-0.19238799836710663,-1.729535888420445,1750.157717150294
2025-03-07 14:30:00,9.229999542236328,9.850000381469728,8.619999885559082,9.630000114440918,4880190,1h,1H,yfinance,730d,2026-04-02T03:04:46Z,0.05824172645645431,0.05824172645645431,11.70823870019362,12.35807991027832,13.584767971038819,14.728305988311767,16.85645098209381,11.70823870019362,13.584767971038819,14.728305988311767,16.85645098209381,0.0561069547666679,2.080682915585129,2610028.05,1.8697845028906874,24.374197424210152,1.2300004959106463,0.6920614085787294,0.07186515060793516,34.22588266834453,13.849411876336386,44.854002626673605,12.35807991027832,2.080682915585129,16.51944574144858,8.196714079108062,0.6734647876340749,-1.3249175631926473,-0.9416033527707756,-0.38331421042187175,14.460000038146973,8.720000267028809,8.720000267028809,-0.2957952482541484,-0.37710219335839246,-0.05217467049046254,-0.29605263891716127,0.032682966627760754,2.1988564081846,0.1427349395344375,4.718289648145952,-0.1775022391470661,-0.29111780672507737,-0.1940908566417937,-1.3111463430602603,1750.157717150294
2025-03-07 15:30:00,9.619999885559082,9.920000076293944,9.300000190734863,9.324999809265137,1559674,1h,1H,yfinance,730d,2026-04-02T03:04:46Z,-0.03167189008839266,-0.03167189008839266,11.481263567724241,12.11382989883423,13.477267971038819,14.668855981826782,16.77935097694397,11.481263567724241,13.477267971038819,14.668855981826782,16.77935097694397,0.05477929298850771,2.134966431603843,2655499.55,0.5873373241580855,22.98417511108309,0.6199998855590803,0.6869141569344688,0.0736637180680652,35.410943644063494,13.684423044975766,41.96224219607199,12.11382989883423,2.134966431603843,16.383762762041915,7.843897035626544,0.7049682716146776,-1.3466145276088692,-1.0226055877383944,-0.32400893987047485,14.460000038146973,8.619999885559082,8.619999885559082,-0.33106168651629675,-0.39644013434401004,-0.06328479349765603,-0.3437720067394775,0.032682966627760754,2.253887136594742,0.14463466919895668,4.8741306321580256,-0.18780718217468018,-0.3080942050493063,-0.1967944415992281,-1.3062641399350012,1750.157717150294
2025-03-07 16:30:00,9.329999923706056,9.390000343322754,9.0,9.380000114440918,1788334,1h,1H,yfinance,730d,2026-04-02T03:04:46Z,0.005898156171663782,0.005898156171663782,11.281143238840116,11.87482991218567,13.365767974853515,14.603705978393554,16.705925974845886,11.281143238840116,13.365767974853515,14.603705978393554,16.705925974845886,0.054951672781582896,2.1599331846230494,2717064.3,0.6581861165376175,23.8277770819748,0.3900003433227539,0.6657060273907749,0.07097079096682435,36.71137471066392,13.111784000742599,43.4252142297817,11.87482991218567,2.1599331846230494,16.194696281431767,7.5549635429395705,0.7275668622104899,-1.3438800505692772,-1.086860480304571,-0.25701957026470623,14.460000038146973,8.619999885559082,8.619999885559082,-0.3356940375024998,-0.3889250891638868,0.014986767852563476,-0.33757060624861424,0.04669628703991589,1.519837988535548,0.17736672557789,4.102048227140448,-0.16852397706056133,-0.29820717132838603,-0.19993851313729316,-1.1550495244509833,1750.157717150294
2025-03-07 17:30:00,9.380000114440918,9.800000190734863,9.329999923706056,9.760000228881836,1847975,1h,1H,yfinance,730d,2026-04-02T03:04:46Z,0.04051173878515102,0.04051173878515102,11.136272475986946,11.656829929351806,13.270067977905274,14.54105598449707,16.634900975227357,11.136272475986946,13.270067977905274,14.54105598449707,16.634900975227357,0.056369544357238455,2.1422822382969455,2790339.75,0.6622759827006729,29.568026746208943,0.4700002670288068,0.6517270445077772,0.06677531037132393,37.07054139087156,16.929929633205866,41.188315641224,11.656829929351806,2.1422822382969455,15.941394405945697,7.372265452757915,0.7351165801613682,-1.2961093822145457,-1.128710260686566,-0.16739912152797976,14.460000038146973,8.619999885559082,8.619999885559082,-0.3112208767584925,-0.3583168833396734,0.05229117307806619,-0.30878184787638274,0.06143726973416475,1.0868860328633834,0.2500169603821874,2.9402668484475423,-0.12358464199513386,-0.2645101558535885,-0.20227550511620007,-0.885424743089826,1750.157717150294
2025-03-07 18:30:00,9.755000114440918,9.8100004196167,9.515000343322754,9.515000343322754,1370392,1h,1H,yfinance,730d,2026-04-02T03:04:46Z,-0.025102446702211845,-0.025102446702211845,10.981865606209404,11.427579927444459,13.174367980957031,14.474805994033813,16.57202597618103,10.981865606209404,13.174367980957031,14.474805994033813,16.57202597618103,0.056289071323518944,2.113701783843315,2820707.7,0.4858326865984731,28.097835427183185,0.2950000762939453,0.6262465467782178,0.06581676554722277,37.38353362100982,16.474345981024204,39.80244472515271,11.427579927444459,2.113701783843315,15.654983495131088,7.200176359757829,0.7398598118809221,-1.263455893522936,-1.15565938725384,-0.10779650626909598,14.460000038146973,8.619999885559082,8.619999885559082,-0.3313421890787064,-0.3327489347404554,0.045604389500695675,-0.3251772988724595,0.06316868183740657,1.0419208321717437,0.33043583800877513,2.239042279249608,-0.13357159115635597,-0.27776418898604716,-0.2050236947556957,-0.9048483559701064,1750.157717150294
2025-03-07 19:30:00,9.515000343322754,9.520000457763672,9.210000038146973,9.229999542236328,1762503,1h,1H,yfinance,730d,2026-04-02T03:04:46Z,-0.0299527893644721,-0.0299527893644721,10.815021219164349,11.199579906463622,13.073167972564697,14.405905981063842,16.514325971603395,10.815021219164349,13.073167972564697,14.405905981063842,16.514325971603395,0.056346300795783316,2.0924071730853373,2864058.9,0.6153864363613472,26.450256308590255,0.3100004196166992,0.6036575376952522,0.0654016866342111,37.93518907933969,15.870047085408794,41.95139920169599,11.199579906463622,2.0924071730853373,15.384394252634298,7.014765560292948,0.7473163067045917,-1.246209424765489,-1.1737693947561698,-0.07244003000931909,14.460000038146973,8.619999885559082,8.619999885559082,-0.15938069881226724,-0.3444602562322414,-0.04153692289211486,-0.3306744330841862,0.06475864207226113,1.0099298648237933,0.402476792630599,1.8567935353989296,-0.1465574264541749,-0.29397376660298624,-0.20837411135978634,-0.9412988014770901,1750.157717150294
2025-03-07 20:30:00,9.234999656677246,9.28499984741211,9.140000343322754,9.225000381469728,2886983,1h,1H,yfinance,730d,2026-04-02T03:04:46Z,-0.0005416209116505533,-0.0005416209116505533,10.663590663193432,10.959079933166503,12.974267978668212,14.338390989303589,16.45895097732544,10.663590663193432,12.974267978668212,14.338390989303589,16.45895097732544,0.055903519176200504,2.028126091684857,2980927.15,0.9684849225516967,26.420990655647472,0.14499950408935547,0.5708962495805453,0.061885769753170464,38.5070089659498,15.58213525767806,42.066135761346736,10.959079933166503,2.028126091684857,15.015332116536218,6.902827749796789,0.740254146900397,-1.2188942107885783,-1.1827943579626516,-0.03609985282592665,14.460000038146973,8.619999885559082,9.0,-0.12724686397229457,-0.34897668794632375,-0.010723799446735738,-0.342714607640647,0.06475864207226113,0.9556372365577869,0.4750588245183829,1.5582368092011984,-0.1349067426874475,-0.28897719727717075,-0.21171962924355736,-0.8550156515447201,1750.157717150294
2025-03-10 13:30:00,9.130000114440918,9.489999771118164,9.130000114440918,9.31999969482422,1252735,1h,1H,yfinance,730d,2026-04-02T03:04:46Z,0.010298028122071035,0.010298028122071035,10.53562961858684,10.740079927444459,12.876867980957032,14.274091987609863,16.405450973510742,10.53562961858684,12.876867980957032,14.274091987609863,16.405450973510742,0.056249392127034045,1.9555131179036402,3014200.2,0.4156110798479809,28.050159936088036,0.3599996566772461,0.5558322072303097,0.05963865079727269,38.56134585713899,17.495666103067197,40.12004557765055,10.740079927444459,1.9555131179036402,14.65110616325174,6.829053691637178,0.7283048659281044,-1.1760245769973245,-1.1814404017695863,0.005415824772261768,14.460000038146973,8.619999885559082,9.0,-0.08268622255479496,-0.3487072381879174,-0.006396633143354036,-0.31970804200148806,0.06475864207226113,0.9209373280360745,0.5459515035935387,1.3340101843007797,-0.11538275051146629,-0.27622153860650656,-0.21508601002503247,-0.7261931508506577,1750.157717150294
2025-03-10 14:30:00,9.31999969482422,9.619999885559082,9.109999656677246,9.609999656677246,1314136,1h,1H,yfinance,730d,2026-04-02T03:04:46Z,0.03111587675416705,0.03111587675416705,10.44747438411926,10.536829900741576,12.783067970275878,14.210791988372803,16.34917597293854,10.44747438411926,12.783067970275878,14.210791988372803,16.34917597293854,0.057152963332461004,1.8482118937675205,3057374.35,0.4298250228991422,32.93206541052794,0.5100002288818359,0.552558494491133,0.05749828451941753,38.310581159893616,18.022723130608323,37.47504669242007,10.536829900741576,1.8482118937675205,14.233253688276617,6.8404061132065355,0.7016197133968897,-1.1059013675031117,-1.1663325949162915,0.060431227413179744,14.460000038146973,8.619999885559082,9.130000114440918,-0.03465597887221006,-0.3363214236506008,-0.015368910726119345,-0.29725780456016015,0.06475864207226113,0.8878858895042593,0.6073289824203449,1.1552547856365665,-0.08016049589123875,-0.24822431680539303,-0.2181215743573468,-0.5014740177734798,1750.157717150294
2025-03-10 15:30:00,9.609999656677246,9.729999542236328,9.460000038146973,9.494999885559082,658235,1h,1H,yfinance,730d,2026-04-02T03:04:46Z,-0.01196667796322548,-0.01196667796322548,10.35676252711353,10.314579916000366,12.685867977142333,14.14118899345398,16.295050973892213,10.35676252711353,12.685867977142333,14.14118899345398,16.295050973892213,0.056598348561966,1.6857296474083183,3060779.1,0.2150547225051295,32.00468730123656,0.26999950408935547,0.5323757094624346,0.0560690590709878,37.81870316402741,18.845697160186344,36.11748716620614,10.314579916000366,1.6857296474083183,13.686039210817002,6.943120621183729,0.6537269229135938,-1.047532437333274,-1.142572563399688,0.09504012606641399,14.460000038146973,8.619999885559082,9.109999656677246,0.027430610556926416,-0.3487654365401691,-0.0021019923323184475,-0.3188665587249606,0.06475864207226113,0.865815855255627,0.645458906107883,1.0128095169614544,-0.08320772435385981,-0.2515293472494452,-0.221489518660143,-0.4861871129224818,1750.157717150294
2025-03-10 16:30:00,9.494999885559082,9.59000015258789,9.390000343322754,9.43000030517578,755350,1h,1H,yfinance,730d,2026-04-02T03:04:46Z,-0.006845664156579945,-0.006845664156579945,10.268499458357553,10.080079936981202,12.584567985534669,14.069191999435425,16.24255097389221,10.268499458357553,12.584567985534669,14.069191999435425,16.24255097389221,0.05623531062413583,1.4497438398385754,3055575.5,0.24720384097856524,31.465339938791374,0.19999980926513672,0.5086345737340562,0.05393791699613047,37.45046796906758,18.316389869066104,36.08609765600737,10.080079936981202,1.4497438398385754,12.979567616658352,7.180592257304051,0.5752906123372458,-0.9950492541557647,-1.1130679015509033,0.11801864739513857,14.460000038146973,8.619999885559082,9.109999656677246,0.01671166501568755,-0.33215294747841295,0.021668556106016146,-0.33215294747841295,0.06475864207226113,0.8329068564461818,0.645458906107883,0.8912892933901059,-0.08165741806601712,-0.25066952508698803,-0.22520988200912984,-0.44840999764331224,1750.157717150294
2025-03-10 17:30:00,9.4399995803833,9.49209976196289,9.279199600219728,9.279999732971191,610248,1h,1H,yfinance,730d,2026-04-02T03:04:46Z,-0.01590674097033251,-0.01590674097033251,10.174356627368375,9.835579919815064,12.48276798248291,13.990641994476318,16.192300972938536,10.174356627368375,12.48276798248291,13.990641994476318,16.192300972938536,0.0560188189576094,1.1124796726683541,3041408.15,0.20064653275818967,30.20049837930044,0.2129001617431623,0.48751068716327806,0.052533480731813666,37.25225708553389,17.745037945280494,36.58386524670771,9.835579919815064,1.1124796726683541,12.060539265151773,7.6106205744783555,0.45243073890421787,-0.9545562160682728,-1.0813655644543771,0.12680934838610436,14.460000038146973,9.0,9.109999656677246,0.0197801476874655,-0.36870749296730054,0.005961989076113339,-0.3450952940715647,0.06475864207226113,0.8112196156490437,0.645458906107883,0.7009442965662602,-0.08790304165193308,-0.256575164579376,-0.22909239376511104,-0.49940704580361267,1750.157717150294
2025-03-10 18:30:00,9.279999732971191,9.390000343322754,9.140000343322754,9.244999885559082,934142,1h,1H,yfinance,730d,2026-04-02T03:04:46Z,-0.0037715353900019677,-0.0037715353900019677,10.085846461481776,9.586329936981201,12.382267971038818,13.914191999435424,16.141025972366332,10.085846461481776,12.382267971038818,13.914191999435424,16.141025972366332,0.05587861368190293,0.4768422339774876,2983890.15,0.31306179284113395,29.898495590163634,0.25,0.4705456380801868,0.050897311401289544,37.24951111576818,17.071616172873593,37.30854967863932,9.586329936981201,0.4768422339774876,10.540014404936176,8.632645469026226,0.198967587016997,-0.9147447784306824,-1.0480414072496382,0.13329662881895588,14.460000038146973,9.0,9.109999656677246,-0.039979254860495694,-0.3818121074742177,-0.008047190098813939,-0.35031622045251476,0.06475864207226113,0.7859539634029945,0.645458906107883,0.30825755928719223,-0.08336896453202203,-0.25336780732072406,-0.23286983168000364,-0.7158133804025292,1750.157717150294
2025-03-10 19:30:00,9.239999771118164,9.289999961853027,8.90999984741211,9.020000457763672,2550132,1h,1H,yfinance,730d,2026-04-02T03:04:46Z,-0.02433741812662049,-0.02433741812662049,9.984337318270528,9.488329982757568,12.284067974090576,13.832592000961304,16.08982597351074,9.984337318270528,12.284067974090576,13.832592000961304,16.08982597351074,0.02896656179312848,0.36972318103920165,2424980.65,1.0516092159333312,27.962631643152235,0.38000011444091797,0.46407810067738187,0.051449897685752526,37.5369918339198,16.073136438856768,38.66651021383477,9.488329982757568,0.36972318103920165,10.227776344835972,8.748883620679164,0.1558643857079474,-0.8910777115196034,-1.0166486681036313,0.12557095658402795,11.729999542236328,9.109999656677246,9.109999656677246,-0.032707705923856745,-0.37985559226879273,-0.061394299686954645,-0.1785062992883748,0.06475864207226113,0.7944869756277779,0.645458906107883,0.24147840278137855,-0.0965849640057932,-0.2657155205597559,-0.23653195539129646,-1.2667031687803185,1750.157717150294
2025-03-11 13:30:00,8.920000076293945,9.890000343322754,8.789999961853027,9.789999961853027,3227531,1h,1H,yfinance,730d,2026-04-02T03:04:46Z,0.08536579434722791,0.08536579434722791,9.965828998611718,9.44932999610901,12.201067981719971,13.76034200668335,16.04237596988678,9.965828998611718,12.201067981719971,13.76034200668335,16.04237596988678,0.034798786823306546,0.2849982493865758,2380124.2,1.3560346976851039,41.840941456513946,1.1000003814697266,0.5095011207339779,0.05204301559951598,36.25244834725942,22.006052300868507,32.70364992694292,9.44932999610901,0.2849982493865758,10.019326494882161,8.879333497335857,0.12064273319015469,-0.8009559441089849,-0.9735101233047021,0.17255417919571725,11.050000190734863,8.90999984741211,8.90999984741211,0.04371000452131102,-0.31538462718370575,0.031068992085256486,-0.0737937327806294,0.06475864207226113,0.8036458754253002,0.645458906107883,0.1869100140203043,-0.01764319223048927,-0.19761122743347403,-0.23944757281448503,1.1953405555201444,1750.157717150294
2025-03-11 14:30:00,9.795000076293944,9.949999809265137,9.550000190734863,9.829999923706056,1538006,1h,1H,yfinance,730d,2026-04-02T03:04:46Z,0.00408579795800712,0.00408579795800712,9.95289289623975,9.432824993133545,12.114067974090576,13.689642009735108,15.991875967979432,9.95289289623975,12.114067974090576,13.689642009735108,15.991875967979432,0.033850232342741204,0.25087321098609455,2255162.55,0.6819934110736275,42.46108781993479,0.39999961853027344,0.5016795848622847,0.05103556345432239,34.9205678003487,21.607040373730126,30.841128239787945,9.432824993133545,0.25087321098609455,9.934571415105735,8.931078571161356,0.10638306601414246,-0.7180291385641393,-0.9224139263565896,0.20438478779245028,10.579999923706056,8.789999961853027,8.789999961853027,0.007172099711337809,-0.3121063715922242,0.0424177736569884,-0.0324898436092762,0.06364372819369078,0.8018946234419643,0.645458906107883,0.1648177211708679,-0.012347462573431556,-0.18854674212408717,-0.2424861224320023,1.583169956693885,1750.157717150294
2025-03-11 15:30:00,9.821000099182127,10.020000457763672,9.803000450134276,10.0,1476565,1h,1H,yfinance,730d,2026-04-02T03:04:46Z,0.017294005860973627,0.017294005860973627,9.957379287074058,9.435074996948241,12.036267967224122,13.616039009094239,15.941975970268249,9.957379287074058,12.036267967224122,13.616039009094239,15.941975970268249,0.033778221376103125,0.255701675763154,2107000.6,0.7007900235054513,45.138520568021235,0.2170000076293963,0.48134532934564983,0.04813453293456498,33.515358036743905,21.950028005476977,29.848000280753524,9.435074996948241,0.255701675763154,9.94647834847455,8.923671645421933,0.10840472422142286,-0.6313140667256238,-0.8641939544303965,0.23287988770477264,10.260000228881836,8.789999961853027,8.789999961853027,0.05097211131659063,-0.2942837017531319,0.0775862379037251,0.004520349235441312,0.06076221027522158,0.7921787689509695,0.645458906107883,0.16794984652873304,0.004280314297283816,-0.16917768636998354,-0.2449952258319963,2.2093128696388575,1750.157717150294
2025-03-11 16:30:00,10.0,10.270000457763672,9.975000381469728,10.140000343322754,1158787,1h,1H,yfinance,730d,2026-04-02T03:04:46Z,0.01400003433227548,0.01400003433227548,9.974771768621553,9.480000019073486,11.947067966461182,13.551240015029908,15.892825975418091,9.974771768621553,11.947067966461182,13.551240015029908,15.892825975418091,0.029475474338702547,0.2938324534170779,1977563.25,0.5859670986503213,47.312854588232426,0.29500007629394354,0.4680349541276708,0.046157291743670836,31.621049626251107,24.777158131482317,28.504211396979244,9.480000019073486,0.2938324534170779,10.067664925907643,8.89233511223933,0.12397993790122185,-0.5450123270232528,-0.8003576289489678,0.25534530192571503,10.020000457763672,8.789999961853027,8.789999961853027,0.09859164097704198,-0.2854122168304637,0.09680913670552704,0.09722452547181915,0.05856846765834511,0.7880911621749443,0.645458906107883,0.19208029624816989,0.016564647145208333,-0.15125615993910646,-0.24827290093403975,2.2461791288671433,1750.157717150294
2025-03-11 17:30:00,10.140000343322754,10.149999618530272,9.600000381469728,9.614999771118164,1195938,1h,1H,yfinance,730d,2026-04-02T03:04:46Z,-0.05177520260640878,-0.05177520260640878,9.940507768859325,9.497000026702882,11.836767959594727,13.484990015029908,15.840575971603393,9.940507768859325,11.836767959594727,13.484990015029908,15.840575971603393,0.0319783502742991,0.29130482121510165,1848911.0,0.6468337307744937,40.78494686973617,0.5499992370605433,0.47388954576573317,0.04928648539225319,30.550820453263814,22.72312040557181,31.793510962614587,9.497000026702882,0.29130482121510165,10.079609669133085,8.914390384272679,0.12269340650564793,-0.5130664247311838,-0.742899388105411,0.2298329633742272,10.270000457763672,8.789999961853027,8.789999961853027,0.04227635485325587,-0.32762240259634157,0.06596444380913158,0.0366576998999133,0.05678367179520266,0.8679693269926433,0.645458906107883,0.19008709205902685,-0.03274561071828552,-0.1877005780683254,-0.2527564666326585,0.40507309121447943,1750.157717150294
2025-03-11 18:30:00,9.614999771118164,9.829999923706056,9.545000076293944,9.75,1845122,1h,1H,yfinance,730d,2026-04-02T03:04:46Z,0.01404058576135947,0.01404058576135947,9.922364171825103,9.529500007629395,11.727767963409423,13.422490015029908,15.79015097618103,9.922364171825103,11.727767963409423,13.422490015029908,15.79015097618103,0.031692016764245885,0.281286799390931,1730648.9,1.0661446120007356,42.96417160545468,0.2849998474121129,0.4603974244547603,0.0472202486620267,29.652976725476066,21.718385070351914,31.241020088688902,9.529500007629395,0.281286799390931,10.092073606411256,8.966926408847533,0.11806990887905155,-0.47142142405330567,-0.6886037952949899,0.21718237124168427,10.270000457763672,8.789999961853027,8.789999961853027,0.046137373310706886,-0.3207941267212975,-0.004085797958007009,0.07142852651455511,0.05500348803355914,0.8584955309237176,0.6145087676254197,0.19213706150246876,-0.017371280557766378,-0.16863975903855277,-0.2572732217000071,0.7838974059502725,1750.157717150294
2025-03-11 19:30:00,9.75,9.779999732971191,9.489999771118164,9.684215545654297,1948612,1h,1H,yfinance,730d,2026-04-02T03:04:46Z,-0.006747123522636178,-0.006747123522636178,9.899683350285027,9.532210779190063,11.613852272033691,13.361482172012328,15.738472051620484,9.899683350285027,11.613852272033691,13.361482172012328,15.738472051620484,0.02919178509613767,0.2825008788322616,1584070.0,1.2301299816295996,42.15013796578703,0.28999996185302734,0.4482261771260651,0.046284200822771085,28.919186659539715,20.71469363647184,30.673726116828444,9.532210779190063,0.2825008788322616,10.097212536854586,8.96720902152554,0.11854579609128849,-0.43866901333834996,-0.6386168389036619,0.199947825565312,10.270000457763672,8.789999961853027,9.545000076293944,0.007722777484750809,-0.3318926787089954,-0.014830557394022503,0.005629847411120936,0.05323569886397207,0.8694203666046826,0.5138606756207318,0.23069637688871192,-0.02176512086364124,-0.16614958423623016,-0.26207244045409783,0.5380682959025017,1750.157717150294
2025-03-12 13:30:00,9.970000267028809,10.140000343322754,9.460000038146973,10.054800033569336,1680360,1h,1H,yfinance,730d,2026-04-02T03:04:46Z,0.03826685663572782,0.03826685663572782,9.914456367740677,9.568700790405273,11.513148269653321,13.299780168533324,15.688696050643921,9.914456367740677,11.513148269653321,13.299780168533324,15.688696050643921,0.029293367818660574,0.2999723033203024,1590104.3,1.056760867824834,48.11408813954889,0.6800003051757812,0.4647814719867591,0.046224834947987244,27.322654243707774,24.082491863247494,27.46820383262752,9.568700790405273,0.2999723033203024,10.168645397045879,8.968756183764668,0.12539729682888223,-0.37844692028539306,-0.5865828551800082,0.20813593489461513,10.270000457763672,8.789999961853027,9.489999771118164,0.05895736227039383,-0.3002922676656554,0.005480003356933549,0.07826276023931755,0.052288248165664825,0.8840387002741634,0.3256991629606074,0.3850095765952237,0.01415545750801872,-0.12666806697243194,-0.26615008459031375,1.6204804169704252,1750.157717150294
2025-03-12 14:30:00,10.06999969482422,10.369999885559082,9.979999542236328,10.289999961853027,1134230,1h,1H,yfinance,730d,2026-04-02T03:04:46Z,0.02339180565485588,0.02339180565485588,9.950222424322805,9.614200782775878,11.427188262939453,13.242280158996582,15.640046048164368,9.950222424322805,11.427188262939453,13.242280158996582,15.640046048164368,0.029590785139581115,0.33488260769208955,1557399.1,0.7282847408862635,51.52950535044369,0.3900003433227539,0.45943996279647303,0.0446491705053162,25.42534133804994,26.198075933108868,25.802727570742494,9.614200782775878,0.33488260769208955,10.283965998160058,8.944435567391698,0.1393283187062379,-0.3081891958903835,-0.5309041233220833,0.22271492743169974,10.270000457763672,8.789999961853027,9.460000038146973,0.09119826392849917,-0.2789068232822167,0.014792861287134862,0.09701490792213585,0.05174645664263425,0.8628449830616896,0.1774159863624722,0.7853199791228579,0.03414773288883022,-0.09951602046975483,-0.2693635154430615,2.018018145924491,1750.157717150294
2025-03-12 15:30:00,10.270000457763672,10.9399995803833,10.260000228881836,10.829999923706056,1315960,1h,1H,yfinance,730d,2026-04-02T03:04:46Z,0.05247813059814499,0.05247813059814499,10.0340107575974,9.66770076751709,11.354312267303467,13.191380157470704,15.59364604473114,10.0340107575974,11.354312267303467,13.191380157470704,15.59364604473114,0.030410950074362078,0.4267664656430177,1530798.35,0.8596560089054185,58.31411092793343,0.6799993515014648,0.4751942048468296,0.04387758155073161,24.762741284267303,32.08819328447567,23.16533399323071,9.66770076751709,0.4267664656430177,10.521233698803126,8.814167836231054,0.17657413108065095,-0.20655492260242525,-0.46603428317815165,0.2594793605757264,10.369999885559082,8.789999961853027,9.460000038146973,0.16702588742840407,-0.22254130032702857,0.12636507348003767,0.1096311137020134,0.05124273057003746,0.8562693881185874,0.16621925839429919,1.0622964678484386,0.07932911229001438,-0.04617737571893721,-0.27186289628909976,2.7235016098036358,1750.157717150294
2025-03-12 16:30:00,10.835000038146973,10.9399995803833,10.420000076293944,10.640000343322754,819546,1h,1H,yfinance,730d,2026-04-02T03:04:46Z,-0.01754382102694274,-0.01754382102694274,10.091724051476005,9.72395076751709,11.271612281799316,13.139080162048339,15.546296043395996,10.091724051476005,11.271612281799316,13.139080162048339,15.546296043395996,0.030071254418634955,0.47441332820186594,1503256.05,0.5451805765225425,55.37700112591637,0.5199995040893572,0.478394583364153,0.04496189548192775,24.147469805754852,29.596848097993078,21.36676456846916,9.72395076751709,0.47441332820186594,10.672777423920822,8.775124111113358,0.1951525010951911,-0.13972969014126768,-0.4007733645707749,0.2610436744295072,10.9399995803833,8.789999961853027,9.460000038146973,0.15089242563893346,-0.23672879027230276,0.09128208649464153,0.11823436252311637,0.05096643742780597,0.8821863514713254,0.16621925839429919,1.1740667295738834,0.05432929884429005,-0.05603563382821897,-0.27496477293783095,1.9309102871913386,1750.157717150294
2025-03-12 17:30:00,10.644100189208984,10.699899673461914,10.369999885559082,10.529999732971191,492253,1h,1H,yfinance,730d,2026-04-02T03:04:46Z,-0.010338402894939258,-0.010338402894939258,10.133464592570785,9.788950777053833,11.194212284088135,13.080880155563355,15.496146044731141,10.133464592570785,11.194212284088135,13.080880155563355,15.496146044731141,0.029188054841882593,0.4910492448048964,1439743.55,0.34190325075601136,53.69093490862902,0.32989978790283203,0.46778781225977295,0.04442429478844629,23.447300167852866,28.105941071005674,21.053913318374754,9.788950777053833,0.4910492448048964,10.771049266663626,8.80685228744404,0.2006544954566365,-0.09455635510554217,-0.3395299626777284,0.24497360757218622,10.9399995803833,9.460000038146973,9.460000038146973,0.16740567611699353,-0.2574048302997791,0.0873363653803052,0.14084509807244117,0.05009189839677137,0.8868558830924568,0.16621925839429919,1.2071675532365287,0.03913125040088672,-0.059335354222385006,-0.277613139952673,1.5091133196056379,1750.157717150294
2025-03-12 18:30:00,10.529999732971191,10.5600004196167,10.220000267028809,10.309900283813477,876431,1h,1H,yfinance,730d,2026-04-02T03:04:46Z,-0.020902132453863853,-0.020902132453863853,10.150267991736756,9.84319577217102,11.11421028137207,13.017979154586792,15.44294554233551,10.150267991736756,11.11421028137207,13.017979154586792,15.44294554233551,0.02978331919064769,0.4856482866477334,1339215.95,0.6544359033358287,50.38528071329768,0.3400001525878906,0.45866012228320996,0.04448734804965141,22.406917598440042,26.617751608372288,22.27511452274557,9.84319577217102,0.4856482866477334,10.814492345466487,8.871899198875553,0.19735390736442443,-0.0756443665618658,-0.2867528434545559,0.21110847689269008,10.9399995803833,9.460000038146973,9.460000038146973,0.05310524249093507,-0.2577465781871139,0.025370991903613582,0.11760432059417458,0.04871050916340909,0.913300821808488,0.16621925839429919,1.1873107200145772,0.01572690417698097,-0.07236771459207092,-0.2803050265959032,0.9609928099694545,1750.157717150294
2025-03-12 19:30:00,10.30500030517578,10.414999961853027,10.25,10.25,1122308,1h,1H,yfinance,730d,2026-04-02T03:04:46Z,-0.005809977028344293,-0.005809977028344293,10.159766278238017,9.88969578742981,11.038210277557374,12.950879163742066,15.388395543098449,10.159766278238017,11.038210277557374,12.950879163742066,15.388395543098449,0.02987413334249857,0.477786337316415,1332694.6,0.8421344244960548,49.492205837075865,0.16499996185302734,0.4376843965381969,0.042700916735433844,21.440848069699562,25.901004232093833,21.67530315905931,9.88969578742981,0.477786337316415,10.84526846206264,8.93412311279698,0.19324612104801037,-0.06474360767587939,-0.2423509962988206,0.1776073886229412,10.9399995803833,9.460000038146973,9.979999542236328,0.04272635600749797,-0.2979452238227839,-0.0038872655006136903,0.09978544373689702,0.04767739079829584,0.8956219293980351,0.16621925839429919,1.1625976611542752,0.008881476137424738,-0.07140743451499054,-0.2826925817806972,0.7541115859317213,1750.157717150294
2025-03-13 13:30:00,10.550000190734863,10.880000114440918,10.260000228881836,10.68000030517578,1391921,1h,1H,yfinance,730d,2026-04-02T03:04:46Z,0.041951249285441916,0.041951249285441916,10.209312376041613,9.943195819854736,10.973010292053223,12.890429162979126,15.336545548439027,10.209312376041613,10.973010292053223,12.890429162979126,15.336545548439027,0.03043215913325298,0.5027276558111307,1336583.85,1.0414019292541952,55.579104432612596,0.630000114440918,0.4514212335312484,0.04226790455356814,21.49787587748976,30.67677484064389,19.51459660188383,9.943195819854736,0.5027276558111307,10.948651131476998,8.937740508232475,0.2022398693214011,-0.02116328952980595,-0.19811345494501767,0.17695016541521172,10.9399995803833,9.460000038146973,10.220000267028809,0.06800003051757786,-0.29411763222776255,-0.013850380386609129,0.11134242317637044,0.04675222474239889,0.9040832770303658,0.16621925839429919,1.216705400295164,0.046103783663113296,-0.026702789761315016,-0.2845187817950262,1.4656135917810986,1750.157717150294
2025-03-13 14:30:00,10.6899995803833,10.8100004196167,10.449999809265137,10.579999923706056,568339,1h,1H,yfinance,730d,2026-04-02T03:04:46Z,-0.00936333133073608,-0.00936333133073608,10.244615952009655,9.997445821762085,10.913010292053222,12.83067915916443,15.283895545005798,10.244615952009655,10.913010292053222,12.83067915916443,15.283895545005798,0.030361602199376725,0.5099255109999349,1332089.05,0.42665240735970317,53.95073621761525,0.3600006103515625,0.44489118901841374,0.04205020720478165,21.5508302704378,28.903683554689636,18.38666964856313,9.997445821762085,0.5099255109999349,11.017296843761955,8.977594799762215,0.20402231533576187,0.005244773054629448,-0.15744180934508825,0.1626865823997177,10.9399995803833,9.460000038146973,10.220000267028809,0.04339246207945591,-0.3039473647060815,-0.005639137000061356,0.11427067416790049,0.04625451788537917,0.9091048642855603,0.16621925839429919,1.2274288629768018,0.03273758365052326,-0.030514987105772384,-0.2859797909559004,1.1424298047015065,1750.157717150294
2025-03-13 15:30:00,10.56999969482422,10.869999885559082,10.529999732971191,10.541000366210938,652044,1h,1H,yfinance,730d,2026-04-02T03:04:46Z,-0.0036861585799953245,-0.0036861585799953245,10.272843039076443,10.052995824813843,10.850230293273926,12.77518916130066,15.235000548362732,10.272843039076443,10.850230293273926,12.77518916130066,15.235000548362732,0.030303158826326365,0.5055799445729137,1326923.75,0.49139522900242005,53.294938734794826,0.3400001525878906,0.43739897213051926,0.041495015362355635,21.719232335458596,28.278672251088988,17.365785662543225,10.052995824813843,0.5055799445729137,11.064155713959671,9.041835935668015,0.20116588264166566,0.022764005272971843,-0.12140064642147624,0.1441646516944481,10.9399995803833,9.460000038146973,10.220000267028809,0.09630791649879411,-0.3146293701055596,0.0010446945411879405,0.11781548516232498,0.046191063345829037,0.8983342741362232,0.16621925839429919,1.2102441352762348,0.026103516437899543,-0.028499849192572424,-0.28780899883590927,0.9652371432757958,1750.157717150294
2025-03-13 16:30:00,10.539999961853027,10.59000015258789,10.329999923706056,10.4350004196167,571983,1h,1H,yfinance,730d,2026-04-02T03:04:46Z,-0.01005596650333307,-0.01005596650333307,10.288286599127897,10.110745859146117,10.77473030090332,12.718539161682129,15.185625553131104,10.288286599127897,10.77473030090332,12.718539161682129,15.185625553131104,0.030117603458868714,0.4792663575834387,1325010.5,0.43168186214373394,51.46386668394266,0.26000022888183416,0.4247276333270418,0.04070221526092119,21.24238650988021,27.042172049744305,19.969954187177787,10.110745859146117,0.4792663575834387,11.069278574312994,9.15221314397924,0.18960672704473014,0.027774644402070336,-0.09156558825676693,0.11934023265883727,10.9399995803833,9.460000038146973,10.220000267028809,0.07025645329402042,-0.308482417886051,0.012133981159801355,0.12446128446985516,0.04555959361279929,0.893384072009951,0.16621925839429919,1.140702520732899,0.014260277362533769,-0.03153024454432407,-0.2904651663374056,0.6765644100402564,1750.157717150294
2025-03-13 17:30:00,10.4399995803833,10.470000267028809,10.034600257873535,10.03499984741211,699224,1h,1H,yfinance,730d,2026-04-02T03:04:46Z,-0.03833258803254391,-0.03833258803254391,10.26416405134544,10.150245857238769,10.69223030090332,12.659089164733887,15.133450555801392,10.26416405134544,10.69223030090332,12.659089164733887,15.133450555801392,0.03160236293275194,0.4369748963470899,1313264.6,0.5324319257520532,45.158649360097634,0.43540000915527344,0.4254899458862012,0.04240059315954343,19.960001439773375,25.065599920220578,23.46928957501587,10.150245857238769,0.4369748963470899,11.024195649932949,9.276296064544589,0.17220268454303744,-0.0005250388994522126,-0.07335747838530399,0.07283243948585177,10.9399995803833,9.979999542236328,10.25,0.03622227325528948,-0.31210586490734205,-0.02097562464272107,0.08545159238855438,0.04480553299362197,0.9463249363773691,0.1640335351254924,1.049801703116959,-0.022326631061912128,-0.061468041278131214,-0.29347043085263425,-0.2637359967129996,1750.157717150294
2025-03-13 18:30:00,10.039999961853027,10.046500205993652,9.75,9.8149995803833,1228675,1h,1H,yfinance,730d,2026-04-02T03:04:46Z,-0.02192329550314276,-0.02192329550314276,10.22138648268238,10.189995813369752,10.606130294799804,12.599839162826537,15.081478056907654,10.22138648268238,10.606130294799804,12.599839162826537,15.081478056907654,0.031496040074749335,0.3620963562101631,1247191.75,0.9851532452808479,42.10329878123779,0.29650020599365234,0.4162763930367334,0.04241226804214257,19.006515052024522,23.79035593328958,27.15869555511897,10.189995813369752,0.3620963562101631,10.914188525790077,9.465803100949426,0.14213798036504607,-0.04024105094824826,-0.06673419289789284,0.026493141949644583,10.9399995803833,10.034600257873535,10.034600257873535,-0.02384935079617978,-0.32187816744140885,-0.08099257491343692,0.08813737054030413,0.044568259277483806,0.9516249620179701,0.15717033245404177,0.9043563002362973,-0.039758490982373274,-0.07459183438510042,-0.2967446390347689,-1.035625536007329,1750.157717150294
2025-03-13 19:30:00,9.8149995803833,9.81999969482422,9.600000381469728,9.699999809265137,1810936,1h,1H,yfinance,730d,2026-04-02T03:04:46Z,-0.0117167372424557,-0.0117167372424557,10.171730609023594,10.185495805740356,10.518130283355713,12.541024160385131,15.027403059005737,10.171730609023594,10.518130283355713,12.541024160385131,15.027403059005737,0.02562727628568861,0.36755746659863636,1176362.0,1.539437690098796,40.55853932435414,0.2199993133544922,0.4022566016308591,0.041469753560885246,18.465317320510323,22.86098079801467,28.761273796169796,10.185495805740356,0.36755746659863636,10.92061073893763,9.450380872543082,0.1443454392829805,-0.08007276804493024,-0.06940190792730033,-0.01067086011762991,10.9399995803833,9.75,9.75,-0.057337235643841855,-0.34348561355631124,-0.0831758148191617,-0.009193069758792527,0.04445582141904885,0.9328306673266393,0.15827406191300897,0.9119968081839969,-0.04637665092506216,-0.07778288080203921,-0.3000699959896046,-1.3208709945902652,1750.157717150294
2025-03-14 13:30:00,10.0,10.75,9.979999542236328,10.46500015258789,1604691,1h,1H,yfinance,730d,2026-04-02T03:04:46Z,0.07886601632631463,0.07886601632631463,10.199661041744003,10.217245817184448,10.45163028717041,12.487980165481567,14.976928062438965,10.199661041744003,10.45163028717041,12.487980165481567,14.976928062438965,0.030885906592022998,0.3628742150027669,1179696.25,1.360257778220453,52.93039014444621,1.0500001907348633,0.44852400085257366,0.042859435672502895,18.36938762825802,33.84876616069091,23.951952728727047,10.217245817184448,0.3628742150027669,10.942994247189983,9.491497387178914,0.1420634176746328,-0.04934177521407612,-0.0653898813846555,0.016048106170579376,10.9399995803833,9.600000381469728,9.600000381469728,-0.033702656850367,-0.2732638590405744,-0.007209962146160653,0.0645981926561836,0.044150938169588955,0.9707480169022628,0.15827406191300897,0.8975786427514199,0.026014502811214868,0.0012792133906509573,-0.30215126602748865,0.6827554154035256,1750.157717150294
2025-03-14 14:30:00,10.46500015258789,10.670000076293944,10.40999984741211,10.600000381469728,604389,1h,1H,yfinance,730d,2026-04-02T03:04:46Z,0.012900165018005616,0.012900165018005616,10.237788597908358,10.247245836257935,10.382930297851562,12.440080165863037,14.928278064727783,10.237788597908358,10.382930297851562,12.440080165863037,14.928278064727783,0.03080326912872617,0.3684331151502521,1136087.45,0.5319916173706523,54.721391170403265,0.26000022888183416,0.435058017140378,0.04104320768713554,18.280310056880882,32.40385428319105,22.929508932023932,10.247245836257935,0.3684331151502521,10.98411206655844,9.51037960595743,0.14381742022685617,-0.013933238068684517,-0.0550985527214613,0.041165314652776785,10.9399995803833,9.600000381469728,9.600000381469728,-0.0037593947896935598,-0.2592592543226735,0.015812166288258656,0.060000038146972745,0.04336850861161726,0.946382732565103,0.15827406191300897,0.9086607021300906,0.035379885030579095,0.020906437526897692,-0.3044790395227077,0.9574452748850626,1750.157717150294
2025-03-14 15:30:00,10.609999656677246,10.670000076293944,10.31999969482422,10.395000457763672,617563,1h,1H,yfinance,730d,2026-04-02T03:04:46Z,-0.019339614747979184,-0.019339614747979184,10.252761155989816,10.25999584197998,10.316830310821533,12.388930168151855,14.87882806777954,10.252761155989816,10.316830310821533,12.388930168151855,14.87882806777954,0.03108454655308682,0.36891311892432965,1109026.25,0.5568515623503051,51.51585955518856,0.350000381469723,0.4289824717353312,0.04126815323177199,17.963730943955728,30.5154385706849,23.091799676465953,10.25999584197998,0.36891311892432965,10.99782207982864,9.52216960413132,0.14382583564600623,-0.002385993614302251,-0.044556040900029494,0.04217004728572724,10.9399995803833,9.600000381469728,9.600000381469728,-0.012820444314429968,-0.26014232621729394,0.03587450082965393,0.02514793942870397,0.04278017620396837,0.9646559900785046,0.15827406191300897,0.9087138720497121,0.013873267855338378,0.007576953830494171,-0.30661001902677554,0.3659523309372546,1750.157717150294
2025-03-14 16:30:00,10.395000457763672,10.53499984741211,10.34000015258789,10.44499969482422,482941,1h,1H,yfinance,730d,2026-04-02T03:04:46Z,0.004809931203341611,0.004809931203341611,10.27106958825976,10.301495838165284,10.25223030090332,12.335980167388916,14.829003067016602,10.27106958825976,10.25223030090332,12.335980167388916,14.829003067016602,0.028559518153129435,0.33953639619059783,1073376.4,0.4499269780852272,52.25055212944547,0.19499969482421875,0.41226941624168034,0.03947050534103615,17.66976462481094,29.484472450285047,22.311641689539066,10.301495838165284,0.33953639619059783,10.980568630546479,9.622423045784089,0.13183964795973535,0.010676726719337282,-0.03350948737615614,0.04418621409549342,10.9399995803833,9.600000381469728,9.600000381469728,0.013103852344998002,-0.25071735945224327,0.06418748256495754,0.08632344705813066,0.04255659238878821,0.9274827500388609,0.15827406191300897,0.8329832846028645,0.016933981906156026,0.018802678857488653,-0.30863657829386826,0.4226464622613863,1750.157717150294
2025-03-14 17:30:00,10.4399995803833,10.475000381469728,10.390000343322754,10.46500015258789,310866,1h,1H,yfinance,730d,2026-04-02T03:04:46Z,0.0019148356484472995,0.0019148356484472995,10.28953916581482,10.337245845794678,10.182730312347411,12.284132165908813,14.776878070831298,10.28953916581482,10.182730312347411,12.284132165908813,14.776878070831298,0.02848014813059092,0.3164430459950988,996663.6,0.311906645331484,52.56022971253076,0.08500003814697443,0.3888930320920585,0.037161302094762906,17.396795899890783,29.024158343282487,21.963310430182176,10.337245845794678,0.3164430459950988,10.970131937784876,9.70435975380448,0.12244771991132701,0.02238485777989574,-0.022330618344945763,0.0447154761248415,10.9399995803833,9.600000381469728,9.600000381469728,0.02097562464272107,-0.22938142773332693,0.07886601632631463,0.0733333489833734,0.042406430600842995,0.8763128980259937,0.15827406191300897,0.7736436307461868,0.017052365897591404,0.027720447422456385,-0.3109011075588739,0.4037197480243925,1750.157717150294
2025-03-14 18:30:00,10.46500015258789,10.6899995803833,10.46500015258789,10.625,501985,1h,1H,yfinance,730d,2026-04-02T03:04:46Z,0.015289043963610638,0.015289043963610638,10.321487816689599,10.384285068511963,10.11283031463623,12.235782165527343,14.722653074264526,10.321487816689599,10.11283031463623,12.235782165527343,14.722653074264526,0.02847159951913896,0.28414997255474045,924332.25,0.5430785304742964,55.07059213689188,0.22499942779541016,0.3771863460708693,0.03549989139490535,17.617070059179447,31.858964198306484,21.027484197953214,10.384285068511963,0.28414997255474045,10.952585013621443,9.815985123402482,0.10945384133043948,0.04406631743252554,-0.009051231189451505,0.05311754862197704,10.9399995803833,9.600000381469728,9.979999542236328,-0.00514984116143935,-0.223318730776631,0.015289043963610638,0.09714617047819352,0.04233424885655578,0.8385619765025764,0.15827406191300897,0.6915462963893465,0.02940585589023592,0.05064553338964961,-0.3131108731812986,0.8471404354672765,1750.157717150294
2025-03-14 19:30:00,10.627799987792969,10.779899597167969,10.579999923706056,10.68000030517578,936872,1h,1H,yfinance,730d,2026-04-02T03:04:46Z,0.005176499310661553,0.005176499310661553,10.355631863212093,10.415545082092285,10.043030319213868,12.18808217048645,14.668328075408935,10.355631863212093,10.043030319213868,12.18808217048645,14.668328075408935,0.02743544328244782,0.2805501276082724,887157.85,1.0560375473203556,55.93382783009902,0.1998996734619123,0.3645230123130867,0.03413136721882211,18.011919792037396,32.3726306002782,20.203827159868663,10.415545082092285,0.2805501276082724,10.97664533730883,9.85444482687574,0.1077428499025478,0.06493852449709792,0.005746719947858379,0.059191804549239536,10.9399995803833,9.600000381469728,10.31999969482422,0.009451831965107793,-0.24841658856402904,0.00754716234217323,0.06217928447300047,0.04215905587917489,0.8095856633184667,0.15827406191300897,0.6807359879458058,0.03132290199654464,0.06342408274356104,-0.3153254912500394,0.9426309135483596,1750.157717150294
2025-03-17 13:30:00,10.470000267028809,10.829999923706056,10.19499969482422,10.34000015258789,1415288,1h,1H,yfinance,730d,2026-04-02T03:04:46Z,-0.03183521937008904,-0.03183521937008904,10.35414312886693,10.418045091629029,9.965230331420898,12.137982168197631,14.612928075790405,10.35414312886693,9.965230331420898,12.137982168197631,14.612928075790405,0.028055412937623144,0.2796415509383949,901210.75,1.570429558235962,49.590775552283866,0.6350002288818359,0.3838428134965688,0.03712212841703883,17.201268261354272,28.547287234661255,24.98081754588015,10.418045091629029,0.2796415509383949,10.97732819350582,9.858761989752239,0.10736814766259327,0.0534288338199147,0.015283142722269645,0.038145691097645054,10.9399995803833,9.600000381469728,10.31999969482422,-0.019068419186033858,-0.2697739926545525,-0.005291034415944029,0.0048591050456971985,0.04177261128356864,0.8886714829733642,0.15827406191300897,0.6783685612466637,-0.0013659243554021705,0.037607742992685544,-0.31805383016080546,-0.27908920823548045,1750.157717150294
2025-03-17 14:30:00,10.334799766540527,10.979999542236328,10.210000038146973,10.9399995803833,1272698,1h,1H,yfinance,730d,2026-04-02T03:04:46Z,0.05802702310843211,0.05802702310843211,10.4099389813923,10.42354507446289,9.964430332183838,12.095282163619995,14.56022807598114,10.4099389813923,9.964430332183838,12.095282163619995,14.56022807598114,0.028589165834466104,0.288627151240167,899047.65,1.415606836856756,58.52854977406671,0.7699995040893555,0.41142543425319644,0.03760744515849255,16.803014807913577,27.335223277168343,21.64134466510869,10.42354507446289,0.288627151240167,11.000799376943224,9.846290771982556,0.11075968844699012,0.09166559651725414,0.030559633481266547,0.0611059630359876,10.9399995803833,9.600000381469728,10.19499969482422,0.0483947427368816,-0.2252124880275712,0.047391086646404235,0.010156939746274851,0.04148238446162044,0.9065883180675646,0.14408563746449338,0.7687073492962428,0.05091870374441987,0.09790517025830359,-0.31564050506726793,1.7893483121782552,1750.157717150294
2025-03-17 15:30:00,10.949999809265137,11.199999809265137,10.949999809265137,11.085000038146973,996964,1h,1H,yfinance,730d,2026-04-02T03:04:46Z,0.01325415569701427,0.01325415569701427,10.47423051060703,10.445795059204102,9.974730339050293,12.063532161712647,14.508103075027465,10.47423051060703,9.974730339050293,12.063532161712647,14.508103075027465,0.028382708980412407,0.31991258163799385,907918.55,1.0980764739303983,60.35782905045513,0.26000022888183594,0.40060934815524213,0.03613976966861699,16.922282571571294,29.99061784098555,20.638095384240955,10.445795059204102,0.31991258163799385,11.08562022248009,9.805969895928113,0.12250387062920966,0.13214554003030798,0.05087681479107484,0.08126872523923315,10.979999542236328,9.600000381469728,10.19499969482422,0.1046338023618052,-0.2138298057980963,0.059245090923936816,0.04182327823922338,0.04136895339632862,0.8735964219927375,0.14382162793643122,0.8517764149030217,0.05831163701442588,0.11130824206345302,-0.3124717761194008,1.9980613943661072,1750.157717150294
2025-03-17 16:30:00,11.089900016784668,11.260000228881836,10.979999542236328,11.229900360107422,585493,1h,1H,yfinance,730d,2026-04-02T03:04:46Z,0.013071747538277112,0.013071747538277112,10.546199067702306,10.480790090560912,9.996126346588134,12.03503116607666,14.457052574157714,10.546199067702306,9.996126346588134,12.03503116607666,14.457052574157714,0.028314049473905905,0.36263748077335517,912580.55,0.6415795296097424,62.15434658394222,0.2800006866455078,0.3919944437616897,0.034906315389421676,17.162598590820412,29.553776440209674,19.585113826793155,10.480790090560912,0.36263748077335517,11.206065052107622,9.755515129014203,0.1384008181215075,0.17391366345156634,0.07548418452317314,0.0984294789283932,11.199999809265137,9.979999542236328,10.19499969482422,0.1441569883051248,-0.18564899266334678,0.05693179859834552,0.06646729770986837,0.04115568045945377,0.84815303743577,0.14297770029595114,0.9679888390639247,0.06482916622529422,0.12342521200128664,-0.3085640177821294,2.0657276461025713,1750.157717150294
2025-03-17 17:30:00,11.226900100708008,11.359999656677246,11.168800354003906,11.359800338745115,748433,1h,1H,yfinance,730d,2026-04-02T03:04:46Z,0.011567331362898337,0.011567331362898337,10.623684903039717,10.533285093307494,10.024222354888916,12.006929168701172,14.408601579666138,10.623684903039717,10.024222354888916,12.006929168701172,14.408601579666138,0.027787729823377964,0.40733647230074593,906180.65,0.8259203062877143,63.74076267975663,0.19119930267333984,0.37765193368395045,0.033244592547624706,17.604397231532875,30.376393576875778,18.87685392386914,10.533285093307494,0.40733647230074593,11.347958037908986,9.718612148706002,0.15468544473729445,0.21501844604101095,0.10339103682674071,0.11162740921427024,11.260000228881836,10.19499969482422,10.19499969482422,0.17111346001209093,-0.1906091583720444,0.06365168671763888,0.1018341619249199,0.040872711474028364,0.8133689043054857,0.14297770029595114,1.081885108077059,0.06929002906465875,0.13323507166666393,-0.3042890179547051,2.029072527606577,1750.157717150294
2025-03-17 18:30:00,11.354999542236328,11.43000030517578,11.220000267028809,11.270000457763672,631348,1h,1H,yfinance,730d,2026-04-02T03:04:46Z,-0.007905058038314428,-0.007905058038314428,10.685238765394379,10.584285116195678,10.064792366027833,11.976529169082642,14.362051582336425,10.685238765394379,10.064792366027833,11.976529169082642,14.362051582336425,0.02783309393088656,0.43179503649138873,881632.65,0.7161123173013159,61.811799871090464,0.21000003814697088,0.3656767982884519,0.0324469195594881,18.168679363053442,30.49769918313181,18.102528449519458,10.584285116195678,0.43179503649138873,11.447875189178456,9.720695043212901,0.16318344857534953,0.23760917185426678,0.13023466383224594,0.10737450802202084,11.359999656677246,10.19499969482422,10.19499969482422,0.07692310496304322,-0.17737221790748403,0.08994200110751649,0.09951223978182155,0.04008636030097867,0.8094254333860273,0.14297770029595114,1.141320976890622,0.05472612313195335,0.11974495328923385,-0.2992092871741039,1.588057489358539,1750.157717150294
2025-03-17 19:30:00,11.270000457763672,11.289999961853027,11.149999618530272,11.255000114440918,742903,1h,1H,yfinance,730d,2026-04-02T03:04:46Z,-0.001330997578835147,-0.001330997578835147,10.739501751017858,10.613035106658936,10.104392375946045,11.944280166625976,14.31537658214569,10.739501751017858,10.104392375946045,11.944280166625976,14.31537658214569,0.026538837486919507,0.45569205847857763,849181.75,0.8748456970489533,61.47711950859681,0.14000034332275568,0.3495570515051879,0.031057934069381555,18.429028188113982,29.625230044217833,19.01505160513715,10.613035106658936,0.45569205847857763,11.524419223616091,9.70165098970178,0.1717480641113352,0.25140405304569313,0.1544685416749354,0.09693551137075773,11.43000030517578,10.19499969482422,10.210000038146973,0.0617924254150235,-0.17696526819308955,0.028793468568540925,0.05383893191337075,0.03853897524976435,0.8058837545134638,0.14297770029595114,1.2012227344252422,0.048000212242081286,0.1138720366039967,-0.2941581160674205,1.408769356054427,1750.157717150294
2025-03-18 13:30:00,11.270000457763672,11.589900016784668,10.9399995803833,11.020000457763672,880383,1h,1H,yfinance,730d,2026-04-02T03:04:46Z,-0.020879578346314376,-0.020879578346314376,10.766215913565079,10.635035133361816,10.142792377471924,11.908680171966553,14.268876585960388,10.766215913565079,10.142792377471924,11.908680171966553,14.268876585960388,0.026922336415322854,0.46410960415603303,864783.95,1.0180380891666643,56.33124812889779,0.6499004364013672,0.37101015042634355,0.033666981398804224,19.337996082420634,31.692280837186736,16.63585402365932,10.635035133361816,0.46410960415603303,11.563254341673883,9.70681592504975,0.1745587478879629,0.24060059358272134,0.1716949520564926,0.06890564152622874,11.43000030517578,10.19499969482422,10.949999809265137,0.06012505747733843,-0.20946909688065707,-0.005863742008084483,0.04158795247925551,0.03738437362662773,0.9005629393459806,0.14297770029595114,1.220880931268595,0.02357230676368216,0.08648585593057279,-0.28916671776026526,0.8294707132852847,1750.157717150294
2025-03-18 14:30:00,11.029999732971191,11.100000381469728,10.859999656677246,10.920000076293944,626473,1h,1H,yfinance,730d,2026-04-02T03:04:46Z,-0.009074444402520587,-0.009074444402520587,10.780862024301161,10.653985118865966,10.168592376708984,11.8766801738739,14.220601582527161,10.780862024301161,10.168592376708984,11.8766801738739,14.220601582527161,0.027008651028502955,0.46760747083704923,863505.4,0.7254998057916024,54.250274998651925,0.24000072479248225,0.36165233430963917,0.033118345401365386,19.871180837208822,30.190015174508407,17.42733542468004,10.653985118865966,0.46760747083704923,11.589200060540065,9.718770177191868,0.17556152580277778,0.22141721920152335,0.18163940548549876,0.039777813716024596,11.589900016784668,10.19499969482422,10.9399995803833,0.04547634230234565,-0.22662888351280142,-0.027595995857127464,0.03595481424114988,0.03714171525590087,0.8916751736742617,0.14297770029595114,1.2278944579426094,0.012906022883805601,0.07389495731051698,-0.2849393664749652,0.5688851740366598,1750.157717150294
2025-03-18 15:30:00,10.93000030517578,10.93019962310791,10.539999961853027,10.65999984741211,824559,1h,1H,yfinance,730d,2026-04-02T03:04:46Z,-0.023809544603050403,-0.023809544603050403,10.769351340787917,10.665235090255738,10.195292377471924,11.836280174255371,14.17172658443451,10.769351340787917,10.195292377471924,11.836280174255371,14.17172658443451,0.027480982681503004,0.4649024401410051,876134.2,0.9411332190890391,49.16483598734922,0.3901996612548828,0.3636914290914423,0.03411739533746189,19.233549797258146,27.8764106908155,22.3765523957201,10.665235090255738,0.4649024401410051,11.595039970537748,9.735430209973728,0.17436181620253705,0.18312347777609084,0.1819362199436172,0.0011872578324736427,11.589900016784668,10.19499969482422,10.859999656677246,0.018633510939414233,-0.24770643683721472,-0.06160323865430817,0.021561995088417607,0.03663094904282791,0.9313816930479403,0.14297770029595114,1.2195035718271001,-0.010153953559082884,0.045580592761324645,-0.2805892551815171,-0.011260949376907527,1750.157717150294
2025-03-18 16:30:00,10.65999984741211,10.779999732971191,10.489999771118164,10.640000343322754,537334,1h,1H,yfinance,730d,2026-04-02T03:04:46Z,-0.001876126114036536,-0.001876126114036536,10.757032198172187,10.69548511505127,10.22049238204956,11.793130178451538,14.122676582336426,10.757032198172187,10.22049238204956,11.793130178451538,14.122676582336426,0.025949016194407825,0.44203080368392983,868039.7,0.6190200747730779,48.78599942016568,0.28999996185302734,0.35842775286012696,0.033686817790852995,18.478133764115924,26.265375119006784,22.079784028117896,10.69548511505127,0.44203080368392983,11.57954672241913,9.81142350768341,0.1653149151923479,0.14943897943535056,0.17543677184196388,-0.025997792406613318,11.589900016784668,10.19499969482422,10.539999961853027,0.0014117970186120488,-0.2522838590583246,-0.055900629001920166,0.06028903887493997,0.035819830531761174,0.9404516238842378,0.14297770029595114,1.1562286625827713,-0.0108795672164409,0.04104576820682171,-0.27630627788838713,-0.12552240990016958,1750.157717150294
2025-03-18 17:30:00,10.640000343322754,10.779999732971191,10.579999923706056,10.6899995803833,376573,1h,1H,yfinance,730d,2026-04-02T03:04:46Z,0.004699176263835758,0.004699176263835758,10.75064813933515,10.739235115051269,10.23909236907959,11.754580173492432,14.07457658290863,10.75064813933515,10.23909236907959,11.754580173492432,14.07457658290863,0.025297727962894184,0.39333946486719834,825434.6,0.45621179436868775,49.82687139303302,0.19999980926513494,0.34711147117477037,0.032470672104771434,17.77667601905529,25.184398781780015,21.17106964816597,10.739235115051269,0.39333946486719834,11.525914044785665,9.952556185316872,0.14650557908576728,0.12533352552153332,0.16541612257787777,-0.040082597056344454,11.589900016784668,10.210000038146973,10.489999771118164,0.0009362616967973914,-0.026411655186095007,-0.05019995809086519,0.08914926514605415,0.03520310339216351,0.9223809544018685,0.14382162793643122,1.018661665758104,-0.005641386283487759,0.044037810681870404,-0.27251151686414754,-0.12517313685925524,1750.157717150294
2025-03-18 18:30:00,10.699999809265137,10.975000381469728,10.670000076293944,10.96500015258789,474283,1h,1H,yfinance,730d,2026-04-02T03:04:46Z,0.02572503115053726,0.02572503115053726,10.771062616787791,10.802485132217408,10.268092365264893,11.721230173110962,14.029651579856873,10.771062616787791,10.268092365264893,11.721230173110962,14.029651579856873,0.02540684370822215,0.31506088541672933,758601.95,0.6252066712984327,55.21785939351683,0.3050003051757848,0.3441035307462714,0.03138199051142359,17.68168485557798,27.637733415879858,19.83069590956957,10.802485132217408,0.31506088541672933,11.432606903050866,10.17236336138395,0.11666237224510104,0.12695655142849205,0.15772420834800063,-0.030767656919508585,11.589900016784668,10.489999771118164,10.489999771118164,0.06044487338267346,0.037369959240120876,-0.004990953075417859,0.13041240909246876,0.03451884130412189,0.9091264169309261,0.1429404189507445,0.8161608389108014,0.01800542274239758,0.06787120358212895,-0.2681149416420756,0.5158209980763728,1750.157717150294
2025-03-18 19:30:00,10.96500015258789,11.050000190734863,10.800000190734863,10.899999618530272,1026278,1h,1H,yfinance,730d,2026-04-02T03:04:46Z,-0.005928001199551058,-0.005928001199551058,10.783342331239457,10.824235105514527,10.301492366790772,11.687330169677734,13.98497658252716,10.783342331239457,10.301492366790772,11.687330169677734,13.98497658252716,0.019315681949595643,0.30589368800191763,729681.3,1.4064743059744027,53.747829639764525,0.25,0.3373818499786806,0.030952464384046675,17.7970813160313,27.7627607979695,18.78108529822187,10.824235105514527,0.30589368800191763,11.436022481518362,10.212447729510691,0.11304029708152843,0.12159612682759757,0.15049859204392002,-0.028902465216322448,11.589900016784668,10.489999771118164,10.489999771118164,-0.003656303783114767,0.07282405060356356,-0.001831543738455732,0.04156707688483019,0.034124381278142,0.9070483690754253,0.14110911917418184,0.8010842796204695,0.010818286548583078,0.05809908219404458,-0.263388658107482,0.24768249881399965,1750.157717150294
2025-03-19 13:30:00,11.510000228881836,12.04990005493164,11.119999885559082,11.399999618530272,3192741,1h,1H,yfinance,730d,2026-04-02T03:04:46Z,0.04587156123840486,0.04587156123840486,10.842071596695725,10.864235067367554,10.344992351531982,11.659630165100097,13.943476576805114,10.842071596695725,10.344992351531982,11.659630165100097,13.943476576805114,0.02144616841735092,0.3256257507633752,859098.9,3.716383526972273,62.10511000737535,1.149900436401369,0.3954188918660155,0.03468586886821267,19.799448772582167,40.05814408146458,14.879909929018284,10.864235067367554,0.3256257507633752,11.515486568894305,10.212983565840803,0.11988906673841912,0.15589669300265108,0.15157821223566623,0.00431848076698485,11.589900016784668,10.489999771118164,10.489999771118164,0.02841674147941231,0.1451531598089928,0.06941836601412432,0.0754716234217363,0.034124381278142,1.0164541471241364,0.13512023304062143,0.8872769387718319,0.05145954044470469,0.10198241150386678,-0.2580765424929381,1.6453383981663217,1750.157717150294
2025-03-19 14:30:00,11.399999618530272,11.68000030517578,11.255900382995604,11.369999885559082,1023008,1h,1H,yfinance,730d,2026-04-02T03:04:46Z,-0.002631555611846359,-0.002631555611846359,10.892350481349379,10.912985038757324,10.38599235534668,11.631430168151855,13.901776580810546,10.892350481349379,10.38599235534668,11.631430168151855,13.901776580810546,0.020842675540798192,0.3247097418822211,879371.15,1.1633404166147592,61.38838732641725,0.4240999221801758,0.3974675368884555,0.03495756736051289,21.658789982236545,37.005126411388076,13.745842712872339,10.912985038757324,0.3247097418822211,11.562404522521765,10.263565554992882,0.11901775388824176,0.1786006143785368,0.15698269266424034,0.021617921714296467,12.04990005493164,10.489999771118164,10.489999771118164,0.012475580455668434,0.2303197541075379,0.06860897731967164,0.09379503461851368,0.034124381278142,1.0244161520638202,0.1271717592944725,0.9358819485437035,0.04385182105805052,0.09474371793715375,-0.25290179316483286,1.4074565307237599,1750.157717150294
2025-03-19 15:30:00,11.350000381469728,11.380000114440918,11.0649995803833,11.204999923706056,706918,1h,1H,yfinance,730d,2026-04-02T03:04:46Z,-0.014511870141932892,-0.014511870141932892,10.922126618716682,10.950985050201416,10.417892360687256,11.600480165481567,13.858751583099366,10.922126618716682,10.417892360687256,11.600480165481567,13.858751583099366,0.02125914174519109,0.31193835312163765,890570.0,0.7937815107178549,57.46062418648052,0.3150005340576172,0.39157703668625277,0.03494663448036317,22.67848288148206,34.87880980473551,16.438276327050993,10.950985050201416,0.31193835312163765,11.57486175644469,10.327108343958141,0.11393983342745957,0.18119086221035907,0.1618243265734641,0.01936653563689497,12.04990005493164,10.489999771118164,10.579999923706056,-0.01362703660477882,0.20808629483066388,0.048175899301980074,0.07276211116199804,0.034124381278142,1.0240957688146528,0.12247579527026833,0.9303049078067026,0.02589910507946591,0.07555343593191788,-0.24828060462590362,0.8143111321921672,1750.157717150294
2025-03-19 16:30:00,11.199999809265137,11.253899574279783,11.020000457763672,11.079999923706056,580578,1h,1H,yfinance,730d,2026-04-02T03:04:46Z,-0.011155734123258765,-0.011155734123258765,10.937162171572814,10.981735038757325,10.449592361450195,11.567730169296265,13.816351585388183,10.937162171572814,10.449592361450195,11.567730169296265,13.816351585388183,0.02150470895757602,0.2922039530805506,904055.6,0.6421928031859988,54.60998671866652,0.2338991165161115,0.38031432810267124,0.03432439807955008,23.46091638174212,33.34659549153819,16.56129748981348,10.981735038757325,0.2922039530805506,11.566142944918425,10.397327132596224,0.10643270923921894,0.17118389555768054,0.1636962403703074,0.0074876551873731545,12.04990005493164,10.489999771118164,10.670000076293944,-0.016858964182803415,0.2175823581577192,0.010487895076866316,0.05876729690883775,0.034124381278142,1.00586140448314,0.1211964686838144,0.8781832539765481,0.013059855005578935,0.06032843583272318,-0.24367932468500486,0.33628869121302846,1750.157717150294
2025-03-19 17:30:00,11.0649995803833,11.329999923706056,10.90999984741211,11.30500030517578,849573,1h,1H,yfinance,730d,2026-04-02T03:04:46Z,0.02030689377427941,0.02030689377427941,10.972194374773096,11.015735054016114,10.487092361450195,11.535830173492432,13.777776584625244,10.972194374773096,10.487092361450195,11.535830173492432,13.777776584625244,0.021674206265374498,0.28825193214976563,921435.0,0.922010776669,58.59209305595518,0.4200000762939471,0.3831490244020481,0.03389199593622573,23.780098052688643,30.735606078131955,17.315259034861967,11.015735054016114,0.28825193214976563,11.592238918315644,10.439231189716583,0.10466915942923823,0.1793416142740174,0.1668253151510494,0.012516299122968005,12.04990005493164,10.489999771118164,10.800000190734863,0.004442486914834287,0.17393563560015646,0.037156027598110875,0.06400002872242627,0.03400469563684381,0.9966857606425399,0.1211964686838144,0.8636320890034037,0.030331756714760738,0.07799186996122542,-0.23884000462361654,1.0035153936431334,1750.157717150294
2025-03-19 18:30:00,11.329999923706056,11.630000114440918,11.30500030517578,11.529999732971191,1600038,1h,1H,yfinance,730d,2026-04-02T03:04:46Z,0.01990264676882858,0.01990264676882858,11.025318694601486,11.058235025405883,10.532092361450195,11.507430171966552,13.74627658367157,11.025318694601486,10.532092361450195,11.507430171966552,13.74627658367157,0.02197224034668007,0.29811146529785854,954593.3,1.67614627087787,62.16655948878475,0.3249998092651385,0.378995509035126,0.032870383158062906,24.649874910061,34.5070327805957,16.254662998846094,11.058235025405883,0.29811146529785854,11.6544579560016,10.462012094810166,0.1078332897114082,0.20163788255939785,0.1737878286327191,0.027850053926678747,12.04990005493164,10.489999771118164,10.90999984741211,0.046279424139971104,0.2364611226603146,0.0114035191921944,0.07958795912987782,0.03378940686353936,0.9728014253346327,0.1211964686838144,0.8897395351735126,0.04577473471282256,0.09474920436261658,-0.2338221701460106,1.582511115746399,1750.157717150294
2025-03-19 19:30:00,11.5,11.75,11.18000030517578,11.199999809265137,1448689,1h,1H,yfinance,730d,2026-04-02T03:04:46Z,-0.028620982770917736,-0.028620982770917736,11.04195499123612,11.101235008239746,10.571192359924316,11.476730165481568,13.716926584243774,11.04195499123612,10.571192359924316,11.476730165481568,13.716926584243774,0.02171929766736668,0.24946591608647284,956263.35,1.5149477390302577,54.70738132458189,0.5699996948242205,0.3926386651629185,0.035057024272278144,24.99526210604344,30.92886138729996,16.843144277327298,11.101235008239746,0.24946591608647284,11.600166840412692,10.6023031760668,0.08988762634114507,0.19048382097669858,0.177127027101515,0.01335679387518357,12.04990005493164,10.489999771118164,10.90999984741211,0.025641001008694042,0.1940298158442717,-0.014951633949430443,0.08317211257119816,0.03378940686353936,1.0375152311450193,0.1211964686838144,0.7416686914834956,0.01431311920347933,0.05948311485889213,-0.22933229284268897,0.3959049900474418,1750.157717150294
2025-03-20 13:30:00,11.100000381469728,11.699999809265137,11.06999969482422,11.614999771118164,982507,1h,1H,yfinance,730d,2026-04-02T03:04:46Z,0.0370535686536102,0.0370535686536102,11.09653068455822,11.13498501777649,10.623092346191406,11.45358016014099,13.689651584625244,11.09653068455822,10.623092346191406,11.45358016014099,13.689651584625244,0.019488514236539693,0.2701704065291132,941753.8,1.0432737303528798,61.038603618170924,0.6300001144409162,0.40959305439706123,0.035264146574979234,24.91675622132593,27.53085695262843,16.91096040582016,11.13498501777649,0.2701704065291132,11.675325830834716,10.594644204718264,0.09705281366712151,0.21267953810700035,0.18423752930261209,0.02844200880438827,12.04990005493164,10.579999923706056,10.90999984741211,0.08958723615159303,0.1900614240506886,0.03659079430644918,0.06170020261657205,0.03378940686353936,1.043645031041702,0.1211964686838144,0.8007891213424667,0.046723530200429186,0.09337275744217521,-0.2240056453940632,1.7767110747192376,1750.157717150294
2025-03-20 14:30:00,11.609999656677246,11.729999542236328,11.579999923706056,11.65999984741211,456320,1h,1H,yfinance,730d,2026-04-02T03:04:46Z,0.003874307118441944,0.003874307118441944,11.150194414353829,11.163735008239746,10.660492343902588,11.43078016281128,13.663276586532593,11.150194414353829,10.660492343902588,11.43078016281128,13.663276586532593,0.019352982176296395,0.2929549287346211,914721.6,0.4988621674616627,61.66437054569904,0.14999961853027166,0.391050666120862,0.03353779341666579,24.91190928259685,27.32451819080863,16.447623001229662,11.163735008239746,0.2929549287346211,11.749644865708987,10.577825150770504,0.10496663653101622,0.2312353962113729,0.19363710268436427,0.037598293527008636,12.04990005493164,10.670000076293944,10.90999984741211,0.09586461195271179,0.22543346575858303,0.05234656387182124,0.05187188157748146,0.03367689959482861,0.9958693888143971,0.11945341031333044,0.8787244856022536,0.04572166314894033,0.0937580996511107,-0.21977043526951234,1.6939972347142682,1750.157717150294
2025-03-20 15:30:00,11.65999984741211,11.75,11.5600004196167,11.5600004196167,541807,1h,1H,yfinance,730d,2026-04-02T03:04:46Z,-0.008576280369129163,-0.008576280369129163,11.189223557712197,11.18024001121521,10.695092353820801,11.40458016395569,13.633626589775085,11.189223557712197,10.695092353820801,11.40458016395569,13.633626589775085,0.01934898192806579,0.30525824521212447,912537.3,0.5937368258809804,59.38192050490129,0.18999958038330078,0.37668987428246475,0.03258562808036255,24.955226073788776,26.71932136749498,15.855047349500795,11.18024001121521,0.30525824521212447,11.790756501639459,10.56972352079096,0.10921348554446474,0.23516113813611916,0.20194190977471527,0.033219228361403896,12.04990005493164,10.800000190734863,10.90999984741211,0.08138455316966464,0.2524378107190932,0.022556400491574813,0.029394745182415916,0.03360238740773501,0.9697414557175658,0.1178400630666714,0.9267941878363903,0.03313696075443451,0.08086962105445594,-0.21553577227633025,1.2440627382156164,1750.157717150294
2025-03-20 16:30:00,11.5600004196167,11.710000038146973,11.529999732971191,11.529999732971191,616474,1h,1H,yfinance,730d,2026-04-02T03:04:46Z,-0.0025952150135390983,-0.0025952150135390983,11.221678431546387,11.188749980926513,10.725692348480225,11.380980157852173,13.604001588821411,11.221678431546387,10.725692348480225,11.380980157852173,13.604001588821411,0.019231324896684675,0.3124334717543993,905939.35,0.6804804317198497,58.68017962762401,0.18000030517578125,0.36264061934627306,0.03145191914525946,24.868265546638163,25.772006874920873,15.883835256722561,11.188749980926513,0.3124334717543993,11.813616924435312,10.563883037417714,0.11169557717779217,0.23316374568793208,0.20818627695735864,0.024977468730573438,12.04990005493164,10.90999984741211,11.06999969482422,0.051527548793508515,0.2498644180147156,0.0,0.01498260437250587,0.03360238740773501,0.9360025156432626,0.11530110283628031,0.9687294781246998,0.02747550674398691,0.07498885464535388,-0.2115781317392914,1.0922317321779509,1750.157717150294
2025-03-20 17:30:00,11.520000457763672,11.729999542236328,11.329999923706056,11.6850004196167,486226,1h,1H,yfinance,730d,2026-04-02T03:04:46Z,0.013443251538182377,0.013443251538182377,11.265804335172131,11.209499979019165,10.756592350006104,11.351830158233643,13.576851592063903,11.265804335172131,10.756592350006104,11.351830158233643,13.576851592063903,0.019303815214476196,0.33040468330118883,898683.25,0.5410426866195626,61.229426372716475,0.39999961853027166,0.36530911928798726,0.03126308140089656,23.970580216221048,23.75633764450886,18.55211421017919,11.209499979019165,0.33040468330118883,11.870309345621543,10.548690612416788,0.11790166695021455,0.24130642751149622,0.21481030706818616,0.026496120443310067,12.04990005493164,10.90999984741211,11.06999969482422,0.07201842463846564,0.2537554508833151,0.043303626661703065,0.036823420141668395,0.03360238740773501,0.9303827439862216,0.11530110283628031,1.0225545467472836,0.037209601016753524,0.08631061207874713,-0.20772557046335616,1.4391455830669302,1750.157717150294
2025-03-20 18:30:00,11.670000076293944,11.710000038146973,11.574999809265137,11.640000343322754,383590,1h,1H,yfinance,730d,2026-04-02T03:04:46Z,-0.003851097533415504,-0.003851097533415504,11.301442050234096,11.228749990463257,10.797092361450195,11.31693016052246,13.553376598358154,11.301442050234096,10.797092361450195,11.31693016052246,13.553376598358154,0.019333312166583065,0.34345262682627364,880717.6,0.4355425621107152,60.07070114884731,0.13500022888183594,0.3488584842589765,0.02997065927571883,23.137015266548012,23.099683531551356,18.039311172839493,11.228749990463257,0.34345262682627364,11.915655244115804,10.54184473681071,0.12234759064650047,0.24134634105908503,0.22011751386636594,0.021228827192719096,12.04990005493164,10.90999984741211,11.06999969482422,0.021052695861706106,0.2112383724420861,0.002152438458651984,0.03420703909081757,0.03360238740773501,0.8919205326708368,0.11530110283628031,1.0611137936835322,0.02995708791708096,0.07806805329202016,-0.2033651331758798,1.1974005168040747,1750.157717150294
2025-03-20 19:30:00,11.640000343322754,11.899999618530272,11.633999824523926,11.81999969482422,1201669,1h,1H,yfinance,730d,2026-04-02T03:04:46Z,0.015463861356732833,0.015463861356732833,11.350828492576012,11.268749952316284,10.83849235534668,11.283130159378052,13.529901599884033,11.350828492576012,10.83849235534668,11.283130159378052,13.529901599884033,0.01881072859124965,0.3628494208357729,896781.9,1.3399790963666862,63.080378140761226,0.2659997940063459,0.3429400063837886,0.029013537668190995,22.941962110546307,25.777254522316674,17.039875001858103,11.268749952316284,0.3628494208357729,11.99444879398783,10.543051110644738,0.12879846384778096,0.25298614933085517,0.2266912409592638,0.026294908371591375,12.04990005493164,10.90999984741211,11.329999923706056,0.03957782003469301,0.24486570166274824,0.013722114022807874,0.07259520905890193,0.03332806940901559,0.8705436043151822,0.11530110283628031,1.1170618552596672,0.041333652654083286,0.09055755240657226,-0.1989230464588464,1.5192245346243345,1750.157717150294
2025-03-21 13:30:00,11.5600004196167,11.949999809265137,11.449999809265137,11.9399995803833,1037732,1h,1H,yfinance,730d,2026-04-02T03:04:46Z,0.010152274844103859,0.010152274844103859,11.406940024748135,11.319749927520752,10.88360803604126,11.248730154037476,13.505726599693299,11.406940024748135,10.88360803604126,11.248730154037476,13.505726599693299,0.01862443412154044,0.3814527285100021,917344.85,1.131234344423474,64.97573838571768,0.5,0.3541585773563751,0.029661523434074178,22.004715253661622,23.17780813925335,19.032538469711525,11.319749927520752,0.3814527285100021,12.082655384540756,10.556844470500748,0.1347919277201021,0.2687952646387419,0.23511204569515942,0.033683218943582505,12.04990005493164,10.90999984741211,11.329999923706056,0.06559568600462273,0.2661717066785114,0.03287189852707639,0.09340654734093445,0.03320408828736435,0.8933093773685009,0.11530110283628031,1.169042831372545,0.04673116142266531,0.0970626230606415,-0.1941486483009055,1.626019704421345,1750.157717150294
2025-03-21 14:30:00,11.9399995803833,12.135000228881836,11.9399995803833,12.09000015258789,1034037,1h,1H,yfinance,730d,2026-04-02T03:04:46Z,0.01256286243519078,0.01256286243519078,11.471993370256683,11.391249942779542,10.92431203842163,11.218730154037475,13.481226601600646,11.471993370256683,10.92431203842163,11.218730154037475,13.481226601600646,0.017498775989489603,0.3850905009947009,927818.75,1.1144816808239757,67.23974925387344,0.19500064849853516,0.34279015386652945,0.028353196818873033,21.694302538109444,26.090951144018454,18.259187922256743,11.391249942779542,0.3850905009947009,12.161430944768943,10.62106894079014,0.13522326449830704,0.2900839873533929,0.24610643402680613,0.04397755332658679,12.04990005493164,11.06999969482422,11.329999923706056,0.09115525594191598,0.3028017780682648,0.04856898808204835,0.13414637201171598,0.03272800561921273,0.8663282800901411,0.11530110283628031,1.1727837910649896,0.053870915226773564,0.10670586029275309,-0.18966483086008135,1.8145090777452446,1750.157717150294
2025-03-21 15:30:00,12.09000015258789,12.25,11.960000038146973,11.960000038146973,621026,1h,1H,yfinance,730d,2026-04-02T03:04:46Z,-0.010752697502083297,-0.010752697502083297,11.518470195770044,11.457249927520753,10.95771203994751,11.19245015144348,13.455901603698731,11.518470195770044,10.95771203994751,11.19245015144348,13.455901603698731,0.017814440600649212,0.3631717658152048,932003.35,0.6663345147847376,63.413886451000934,0.28999996185302734,0.339019425865565,0.02834610575119121,21.729474115425234,26.919728404727,17.143540980154658,11.457249927520753,0.3631717658152048,12.183593459151162,10.730906395890344,0.1267919502891709,0.2930870061362114,0.2555025484486872,0.03758445768752422,12.135000228881836,11.06999969482422,11.329999923706056,0.0579389398752439,0.2936722754133061,0.02353441237953291,0.12406011769093594,0.03252815009256699,0.8714330716786929,0.11530110283628031,1.0996594756704696,0.038332333623528614,0.0914687294706702,-0.18565753803257035,1.3843314870518812,1750.157717150294
2025-03-21 16:30:00,11.960000038146973,12.09000015258789,11.850000381469728,11.859999656677246,563797,1h,1H,yfinance,730d,2026-04-02T03:04:46Z,-0.008361235882171414,-0.008361235882171414,11.55099681109454,11.51574993133545,10.978312034606933,11.1663121509552,13.427651600837708,11.55099681109454,10.978312034606933,11.1663121509552,13.427651600837708,0.018088220372151347,0.3273349866675868,941364.55,0.5989146287694814,60.559403201545315,0.2399997711181623,0.33194659338360766,0.027988752360268397,21.294275190695718,25.52950290622095,18.625173416037708,11.51574993133545,0.3273349866675868,12.170419904670624,10.861079958000275,0.11369992874780221,0.28412253736008,0.26122654623096575,0.022895991129114224,12.25,11.06999969482422,11.449999809265137,0.028620982770917847,0.3148557710403592,0.018900284094982345,0.1094480937530582,0.032018773612811004,0.8741356773599174,0.11381988108763089,0.9989461213745574,0.026751184390070515,0.0803117655328951,-0.1824101219663733,1.0516740934001876,1750.157717150294
2025-03-21 17:30:00,11.869999885559082,11.94499969482422,11.789999961853027,11.925000190734863,434642,1h,1H,yfinance,730d,2026-04-02T03:04:46Z,0.00548065227143768,0.00548065227143768,11.586616180584095,11.563749933242798,11.004012031555176,11.137812156677246,13.40085160255432,11.586616180584095,11.004012031555176,11.137812156677246,13.40085160255432,0.017476856145708156,0.3131329048742152,939382.5,0.4626890537134767,61.764198537696,0.15499973297119318,0.31930753192557804,0.026776312521459265,20.638006193013734,24.644313699285618,19.321578861388314,11.563749933242798,0.3131329048742152,12.190015742991228,10.937484123494368,0.10831534984133089,0.27904645727670996,0.26479052844011464,0.014255928836595322,12.25,11.329999923706056,11.449999809265137,0.06473217801932218,0.2180796973647514,0.008883290915533637,0.08755130185022386,0.032018773612811004,0.8362691477585456,0.11337011291466532,0.9554136187802935,0.029204731120532346,0.08369566995552669,-0.1788572578881693,1.1536643127210746,1750.157717150294
2025-03-21 18:30:00,11.925000190734863,11.970000267028809,11.800000190734863,11.829999923706056,481411,1h,1H,yfinance,730d,2026-04-02T03:04:46Z,-0.007966479287993433,-0.007966479287993433,11.609795584690948,11.610249948501586,11.030012035369873,11.112112159729003,13.373151597976685,11.609795584690948,11.030012035369873,11.112112159729003,13.373151597976685,0.017542358065483595,0.2782196857753464,912139.15,0.5277824112691578,58.93081832820406,0.1700000762939453,0.3086427136661757,0.02608983226176432,20.11345367692541,24.253321157279593,18.561414221842355,11.610249948501586,0.2782196857753464,12.16668932005228,11.053810576950893,0.09585312530201079,0.2643110859694726,0.26469463994598624,-0.00038355397651362866,12.25,11.329999923706056,11.449999809265137,0.018510560208749416,0.20345880117219473,-0.009212701888027475,0.08532113190121238,0.032018773612811004,0.8148292179224984,0.11269775296279719,0.8505327105648061,0.018967115950385693,0.0725282878904272,-0.17521221870851456,0.7898433735631181,1750.157717150294
2025-03-21 19:30:00,11.84000015258789,11.875,11.56999969482422,11.579999923706056,1135888,1h,1H,yfinance,730d,2026-04-02T03:04:46Z,-0.02113271357669466,-0.02113271357669466,11.606957902692388,11.619249963760376,11.055414028167725,11.084812154769898,13.34625160217285,11.606957902692388,11.055414028167725,11.084812154769898,13.34625160217285,0.01556073619260171,0.2741544936994984,809296.5,1.4035498732541163,52.15082736962827,0.3050003051757795,0.30838254163114737,0.026630616896623674,18.682722487410036,22.539941239279603,22.577486619918606,11.619249963760376,0.2741544936994984,12.167558951159373,11.07094097636138,0.09437941159870628,0.22981116729890871,0.2577179454165707,-0.027906778117662012,12.25,11.329999923706056,11.789999961853027,-0.006861057011403715,0.1579999923706057,-0.042183641227884316,0.01578950098236853,0.03135750027307801,0.8492582847711047,0.11045453136112846,0.854463917737653,-0.0023225705832945476,0.04745058793834023,-0.17164651486355642,-0.14316759694386758,1750.157717150294
2025-03-24 13:30:00,11.710000038146973,12.132800102233888,11.470000267028809,11.640000343322754,1005838,1h,1H,yfinance,730d,2026-04-02T03:04:46Z,0.005181383420725938,0.005181383420725938,11.610104801800041,11.632749986648559,11.08321403503418,11.060712156295777,13.317601599693297,11.610104801800041,11.08321403503418,11.060712156295777,13.317601599693297,0.015565138113032983,0.26812997713064185,808438.0,1.2441745687362544,53.53259194225121,0.6627998352050799,0.333698062600714,0.02866821759091603,18.234106123513847,24.860375295310277,19.37434408561667,11.632749986648559,0.26812997713064185,12.169009940909843,11.096490032387274,0.09219831164200634,0.20494874406719,0.2471641051466946,-0.042215361079504604,12.25,11.329999923706056,11.56999969482422,0.006920408373887188,0.14792898907422214,-0.026755827241100705,0.02374674234663776,0.030616870338307692,0.9363536270735838,0.10876441769289781,0.8476881833021277,0.0025749587995171908,0.050236899380321054,-0.16777702410849826,0.027040455348498506,1750.157717150294
2025-03-24 14:30:00,11.630000114440918,11.833999633789062,11.550100326538086,11.710000038146973,422796,1h,1H,yfinance,730d,2026-04-02T03:04:46Z,0.00601371930924155,0.00601371930924155,11.619618633833083,11.657999992370605,11.103814029693604,11.038412160873413,13.289626598358154,11.619618633833083,11.103814029693604,11.038412160873413,13.289626598358154,0.015160507926153298,0.24981191835574015,794231.9,0.5323331888331355,55.159476863237906,0.28389930725097656,0.33014100864716134,0.02819308348178314,17.817533785610244,23.333356073766296,18.184297858554093,11.657999992370605,0.24981191835574015,12.157623829082086,11.158376155659125,0.08571347350119252,0.1887180605631631,0.2354748962299883,-0.0467568356668252,12.25,11.449999809265137,11.470000267028809,0.015611475225021154,0.21788874850749718,-0.012647523007795591,0.045069176071345085,0.029816091354896504,0.9455660417123444,0.10807431977636954,0.7930975062212122,0.007778345155900812,0.054592593754931196,-0.16447509284682182,0.20815678498700554,1750.157717150294
2025-03-24 15:30:00,11.699999809265137,11.760000228881836,11.545000076293944,11.609999656677246,357250,1h,1H,yfinance,730d,2026-04-02T03:04:46Z,-0.008539742198459543,-0.008539742198459543,11.618702540770622,11.684499979019165,11.124414024353028,11.018712158203124,13.261826596260072,11.618702540770622,11.124414024353028,11.018712158203124,13.261826596260072,0.015054584714261488,0.2124023137885365,783065.5,0.4562198181378186,52.340223225307554,0.2150001525878924,0.321916661785785,0.027727534134821565,17.40780155931865,22.220229667425574,17.429976234038033,11.684499979019165,0.2124023137885365,12.109304606596238,11.259695351442092,0.07271250431594975,0.16587384151184636,0.2215546852863599,-0.055680843774513544,12.25,11.449999809265137,11.470000267028809,-0.0064185502991974674,0.19076919555664062,-0.026415138701830543,0.04783391124734915,0.029337530551132585,0.9451216109172875,0.10807431977636954,0.672800943521167,-0.0007490409589915314,0.043650445880672795,-0.16117030006332678,-0.3507509923648477,1750.157717150294
2025-03-24 16:30:00,11.609999656677246,11.635000228881836,11.329999923706056,11.5,547203,1h,1H,yfinance,730d,2026-04-02T03:04:46Z,-0.009474561578818097,-0.009474561578818097,11.607397536887705,11.694249963760376,11.143594017028809,10.996912155151367,13.233426594734192,11.607397536887705,11.143594017028809,10.996912155151367,13.233426594734192,0.014683164267369393,0.19879812044084308,767947.0,0.7125530798349365,49.35212918537517,0.3050003051757795,0.32070835059935604,0.027887682660813568,16.21976716183507,20.710808230923003,21.034467702010478,11.694249963760376,0.19879812044084308,12.091846204642062,11.29665372287869,0.06799858770144436,0.13731074751719596,0.20470589773252712,-0.06739515021533116,12.25,11.449999809265137,11.470000267028809,-0.012027520549263926,0.18749938451757409,-0.027895175472044786,0.01724897740471043,0.028840877629553514,0.9669498625879818,0.10807431977636954,0.6291835825767765,-0.009252507855132985,0.031983037288199734,-0.15792074431704362,-0.9771217319842777,1750.157717150294
2025-03-24 17:30:00,11.5,11.649999618530272,11.449999809265137,11.585000038146973,389363,1h,1H,yfinance,730d,2026-04-02T03:04:46Z,0.007391307664954105,0.007391307664954105,11.60526444176954,11.696999979019164,11.166594009399414,10.970662155151366,13.20512659072876,11.60526444176954,11.166594009399414,10.970662155151366,13.20512659072876,0.014118585972299128,0.19687813617438607,707413.25,0.5504038834443657,51.6492022486749,0.19999980926513494,0.312086311932626,0.026938827009494286,15.067337590282381,20.106071970004482,20.07161833091728,11.696999979019164,0.19687813617438607,12.090756251367937,11.303243706670392,0.06732602770882291,0.12014809005143334,0.18779433619630836,-0.06764624614487502,12.25,11.329999923706056,11.329999923706056,-0.019881528150982097,0.152186020554248,0.0004317888146683213,0.004770191365963461,0.02851070720489453,0.9448670219190355,0.10664099318617355,0.6313334647145055,-0.001746138894485827,0.03746944040370481,-0.1543743308572738,-0.5688795264344996,1750.157717150294
2025-03-24 18:30:00,11.59000015258789,11.59000015258789,11.359999656677246,11.579999923706056,751542,1h,1H,yfinance,730d,2026-04-02T03:04:46Z,-0.00043160245355644555,-0.00043160245355644555,11.602858297192066,11.715999984741211,11.197494010925293,10.944862155914306,13.17717658996582,11.602858297192066,11.197494010925293,10.944862155914306,13.17717658996582,0.012467890546060257,0.16350532864848558,672555.9,1.1174416877466988,51.50123120566867,0.23000049591064453,0.3062230393596273,0.02644413137971972,14.359036625623098,19.027398228149366,21.09410673351516,11.715999984741211,0.16350532864848558,12.043010642038183,11.38898932744424,0.05582291869629004,0.10493348501543309,0.17122216596013332,-0.06628868094470022,12.25,11.329999923706056,11.329999923706056,-0.030150726074455014,0.1253644282444415,-0.00515467507276457,0.033928582224310944,0.02834965128503212,0.932785067225202,0.10664099318617355,0.5234658551879252,-0.001970064004965133,0.034159956898173416,-0.15023571745619757,-0.8317775460855874,1750.157717150294
2025-03-24 19:30:00,11.56999969482422,11.649999618530272,11.539999961853027,11.579999923706056,949675,1h,1H,yfinance,730d,2026-04-02T03:04:46Z,0.0,0.0,11.600681309241018,11.714249992370606,11.232794017791749,10.919462156295776,13.146126585006714,11.600681309241018,11.232794017791749,10.919462156295776,13.146126585006714,0.009478394708269581,0.1647594570749592,670914.3,1.4154937523317062,51.50123120566867,0.10999965667724432,0.2922070834537428,0.02523377248522684,13.429397208665355,19.98243015655888,20.526910035891753,11.714249992370606,0.1647594570749592,12.043768906520524,11.384731078220687,0.056259498365585775,0.09181738722351973,0.1553412102128106,-0.06352382298929088,12.25,11.329999923706056,11.329999923706056,-0.042183641227884316,0.06925207805018596,-0.011101632281590335,-0.003013331734980973,0.028269594616487176,0.8926117557593201,0.10664099318617355,0.5275597749485331,-0.0017827733547414182,0.030910021617450267,-0.1455434461887154,-0.814824660434944,1750.157717150294
2025-03-25 13:30:00,11.619999885559082,12.0600004196167,11.520000457763672,11.869999885559082,841871,1h,1H,yfinance,730d,2026-04-02T03:04:46Z,0.02504317476370188,0.02504317476370188,11.626330697461785,11.724749994277953,11.276194019317627,10.89716215133667,13.117726588249207,11.626330697461785,11.276194019317627,10.89716215133667,13.117726588249207,0.01093395445691927,0.1676340544328366,690191.85,1.219763751194686,59.33727658834879,0.5399999618530273,0.3099065747679774,0.026108389027451172,13.897085823002675,26.945258645155494,17.97210077150967,11.724749994277953,0.1676340544328366,12.060018103143626,11.38948188541228,0.057189809425240525,0.10362879032954453,0.1449987262361574,-0.041369935906612865,12.25,11.329999923706056,11.329999923706056,-0.007525096346223337,0.11560145700636437,0.02239450788719899,0.018010295102497853,0.02809091792102577,0.9294245599539239,0.10208423757167084,0.5602217422164608,0.02095839129627497,0.05266013206443465,-0.1403850397812999,0.8664700724000189,1750.157717150294
2025-03-25 14:30:00,11.869999885559082,11.880000114440918,11.579999923706056,11.59000015258789,502254,1h,1H,yfinance,730d,2026-04-02T03:04:46Z,-0.02358885725953852,-0.02358885725953852,11.622870645569034,11.726249980926514,11.298694019317628,10.875162153244018,13.088251585960387,11.622870645569034,11.298694019317628,10.875162153244018,13.088251585960387,0.012023394244740918,0.16628193263210228,688214.2,0.7297931370785433,50.80244084159779,0.3000001907348615,0.3091989759084691,0.02667808212577367,14.331368107744472,25.077856707802432,16.726570482081343,11.726249980926514,0.16628193263210228,12.058813846190718,11.39368611566231,0.05672126482125827,0.08936562272169546,0.133872105533265,-0.04450648281156955,12.25,11.329999923706056,11.329999923706056,-0.022765557496230104,0.10066480973381808,0.007826100225033938,0.0025951325157638205,0.027938217510540982,0.9548956412737546,0.09511626845035853,0.5963361025970154,-0.00282808731022699,0.02578228357827994,-0.13673007084937128,-0.8193904544041813,1750.157717150294
2025-03-25 15:30:00,11.609999656677246,11.649999618530272,11.300000190734863,11.390000343322754,878356,1h,1H,yfinance,730d,2026-04-02T03:04:46Z,-0.017256238708545646,-0.017256238708545646,11.600692521545579,11.719250011444093,11.314494018554688,10.848712158203124,13.061451587677002,11.600692521545579,11.314494018554688,10.848712158203124,13.061451587677002,0.01260447554556189,0.17699763980183145,701308.3,1.2524534502158322,45.74146488006802,0.3499994277954084,0.3121132939003934,0.027402395477833845,13.510603804460965,23.069145752609707,21.794712548303238,11.719250011444093,0.17699763980183145,12.073245291047755,11.36525473184043,0.06041261672171487,0.06121796391124157,0.11934127720886033,-0.05812331329761876,12.25,11.329999923706056,11.359999656677246,-0.04486371814297985,0.10476338565611854,-0.016832084089954735,-0.012142184986188242,0.027807608397817568,0.9854279838026083,0.09328886162035631,0.6475866000762989,-0.018162034536430727,0.006673415942793692,-0.13374911336581485,-1.8601924211530179,1750.157717150294
2025-03-25 16:30:00,11.380000114440918,11.479999542236328,11.3100004196167,11.402400016784668,293855,1h,1H,yfinance,730d,2026-04-02T03:04:46Z,0.0010886455740259926,0.0010886455740259926,11.58180752109216,11.70511999130249,11.334642009735107,10.82573616027832,13.035913586616516,11.58180752109216,11.334642009735107,10.82573616027832,13.035913586616516,0.01220074674707056,0.18997250131264642,691689.75,0.42483642413379696,46.099977126648774,0.1699991226196289,0.3019622816660531,0.026482344175046985,12.748465522840563,22.14146732207145,20.918282837915932,11.70511999130249,0.18997250131264642,12.085064993927784,11.325174988677198,0.06491945454768715,0.0394564619978901,0.10336431416666629,-0.06390785216877619,12.25,11.300000190734863,11.300000190734863,-0.03614538543356405,0.1124292699302114,-0.015336779627935448,-0.024184885980628956,0.027564964806327703,0.9607247591684863,0.08895589257159943,0.7297937513856582,-0.015490458115519856,0.005977957397451439,-0.13050650923522844,-1.5934936500079162,1750.157717150294
2025-03-25 17:30:00,11.399999618530272,11.5,11.375,11.40999984741211,253667,1h,1H,yfinance,730d,2026-04-02T03:04:46Z,0.000666511490234889,0.000666511490234889,11.565444885503583,11.693619966506958,11.353942012786865,10.803086156845092,13.01173858165741,11.565444885503583,11.353942012786865,10.803086156845092,13.01173858165741,0.01219044202505959,0.2002500117940802,685193.6,0.3702121560971965,46.33402961687733,0.125,0.2893221186899065,0.02535689067125863,12.121921625390309,21.95195101350464,20.27273806129423,11.693619966506958,0.2002500117940802,12.094119990095118,11.293119942918798,0.0684988950787315,0.022563460241210365,0.08720414338157512,-0.06464068314036475,12.25,11.300000190734863,11.300000190734863,-0.014680490277545699,0.06835201511020128,-0.014680490277545699,-0.019759492193020756,0.027170611243664065,0.9332469720264986,0.07921298890857113,0.8647432197993942,-0.013440471994839776,0.004937301473101785,-0.12740776787565755,-1.4163300993285286,1750.157717150294
2025-03-25 18:30:00,11.40999984741211,11.4399995803833,11.279999732971191,11.350000381469728,888510,1h,1H,yfinance,730d,2026-04-02T03:04:46Z,-0.00525849840006698,-0.00525849840006698,11.544926361309882,11.670120000839233,11.371642017364502,10.777186164855957,12.989438581466676,11.544926361309882,11.371642017364502,10.777186164855957,12.989438581466676,0.011620960793688795,0.21131244168700905,669535.65,1.3270540560461568,44.68431956601497,0.15999984741210938,0.2800848135986353,0.02467707525859719,11.391199020134193,21.056225187910353,21.86827305709569,11.670120000839233,0.21131244168700905,12.092744884213252,11.247495117465215,0.072428541153583,0.004284786821157738,0.07062027206949165,-0.06633548524833391,12.25,11.300000190734863,11.300000190734863,-0.02491408533500461,0.07277887176902254,-0.04380787776771422,-0.03976305630196397,0.026857569765476777,0.9188126652589976,0.07257052273476639,0.9980435364686252,-0.016884125003464923,-0.0019031232131407894,-0.12454707368264895,-1.514911364488697,1750.157717150294
2025-03-25 19:30:00,11.350000381469728,11.630000114440918,11.345000267028809,11.449999809265137,1448523,1h,1H,yfinance,730d,2026-04-02T03:04:46Z,0.00881052197660459,0.00881052197660459,11.53588573730562,11.645620012283326,11.388142013549805,10.750486164093017,12.969247078895568,11.53588573730562,11.388142013549805,10.750486164093017,12.969247078895568,0.011554531415161584,0.20696278442433225,690075.2,2.099079926361649,48.00699039911411,0.2849998474121094,0.2804358874424549,0.02449221765187552,11.231277797841246,24.367150639071912,20.280832432513023,11.645620012283326,0.20696278442433225,12.05954558113199,11.23169444343466,0.07108690965565992,-0.0021077783057030786,0.056074661994452706,-0.058182440300155784,12.25,11.279999732971191,11.279999732971191,-0.02220326456318089,0.086234646757815,-0.012079408238100275,-0.04103850823606425,0.026727197323616468,0.9163780756852461,0.07175772540462147,0.9906516581290863,-0.007445109113965898,0.005431772420973591,-0.12191186240245544,-0.9451950676171427,1750.157717150294
2025-03-26 13:30:00,11.65999984741211,11.824999809265137,11.359999656677246,11.395000457763672,1092504,1h,1H,yfinance,730d,2026-04-02T03:04:46Z,-0.004803436892370949,-0.004803436892370949,11.522468091634957,11.610870027542115,11.402442016601562,10.722736167907716,12.951172080039978,11.522468091634957,11.402442016601562,10.722736167907716,12.951172080039978,0.011067829671958388,0.1867962935865815,692998.55,1.5764881470531213,46.35766865585629,0.4650001525878906,0.2936190492385575,0.025767357388608806,11.777005324867666,26.35447808118893,17.986657086167295,11.610870027542115,0.1867962935865815,11.984462614715278,11.23727744036895,0.06435221241594571,-0.011479590666683137,0.04256381146222554,-0.05404340212890868,12.25,11.279999732971191,11.279999732971191,-0.018518450066440928,0.09199808332947201,0.00043899159703264523,-0.05748549925993607,0.026654349511198674,0.9667224247128146,0.06979290236719571,0.9220452257075463,-0.011062528692426965,-0.0006526285182643088,-0.11958223192982509,-1.155641611691752,1750.157717150294
2025-03-26 14:30:00,11.385000228881836,11.449999809265137,11.31999969482422,11.350000381469728,331515,1h,1H,yfinance,730d,2026-04-02T03:04:46Z,-0.003949107019410758,-0.003949107019410758,11.506042595428745,11.580370044708252,11.422642021179199,10.69393617630005,12.93152208328247,11.506042595428745,11.422642021179199,10.69393617630005,12.93152208328247,0.010924705165258574,0.1768351400080525,678523.0,0.48858329047062515,44.99556250515185,0.1300001144409162,0.2819319824672974,0.024839821408956606,12.087718794434508,25.486465992244096,18.407662558872566,11.580370044708252,0.1768351400080525,11.934040324724357,11.226699764692146,0.061080998042496615,-0.022281106828602404,0.029594827804059955,-0.05187593463266236,12.25,11.279999732971191,11.279999732971191,-0.013043445089588879,0.1310414104686548,-0.004595491759437076,-0.05100331561301186,0.026556480535835328,0.9353581840574747,0.06824874139008794,0.8949761826870506,-0.01356176223621941,-0.006359442900756407,-0.11668232497193132,-1.3027369064091727,1750.157717150294
2025-03-26 15:30:00,11.359999656677246,11.40999984741211,11.220000267028809,11.339099884033203,536832,1h,1H,yfinance,730d,2026-04-02T03:04:46Z,-0.0009603962176355507,-0.0009603962176355507,11.490143289581551,11.554325056076049,11.430624027252197,10.697527179718017,12.910992584228516,11.490143289581551,11.430624027252197,10.697527179718017,12.910992584228516,0.01084680938010398,0.17202689858254014,677174.75,0.7927525354422916,44.653298942158635,0.18999958038330078,0.2753653823184405,0.02428458917679944,11.890816911019328,24.230364059809844,20.094381119283934,11.554325056076049,0.17202689858254014,11.898378853241129,11.21027125891097,0.059554114237794026,-0.03135947277001705,0.017403967689244557,-0.048763440459261606,12.132800102233888,11.279999732971191,11.279999732971191,-0.021225736150545682,0.15528276809059038,-0.006213844375728583,-0.04392072409131764,0.026463237777383353,0.9176726363224578,0.06766230770513364,0.8801667613426015,-0.013145476234861508,-0.008006924468934251,-0.11465954668618361,-1.251113481765056,1750.157717150294
2025-03-26 16:30:00,11.34000015258789,11.505000114440918,11.329999923706056,11.460000038146973,408674,1h,1H,yfinance,730d,2026-04-02T03:04:46Z,0.010662235569863121,0.010662235569863121,11.487272503730638,11.531075048446656,11.438124027252197,10.706427183151245,12.89209258556366,11.487272503730638,11.438124027252197,10.706427183151245,12.89209258556366,0.011086038225040408,0.1504245613548867,675876.35,0.6046579378017888,49.26308002969366,0.1750001907348615,0.26819644006247056,0.023402830643082323,12.073829139342667,25.63117853360532,19.157828651634638,11.531075048446656,0.1504245613548867,11.83192417115643,11.230225925736882,0.05218058532197333,-0.028470322991166697,0.008229109553162306,-0.036699432544329,12.132800102233888,11.220000267028809,11.220000267028809,-0.010362684486156626,0.18144332613292824,0.00969159938151476,-0.038993722863767566,0.026276260203585446,0.8906454138359066,0.06612274112825503,0.789147340712346,-0.002374146306254099,0.0019125523418572765,-0.11277987251965527,-0.4724960449244773,1750.157717150294
2025-03-26 17:30:00,11.460000038146973,11.479999542236328,11.260000228881836,11.270000457763672,320839,1h,1H,yfinance,730d,2026-04-02T03:04:46Z,-0.016579369960807,-0.016579369960807,11.466579927924261,11.503075075149535,11.438926029205323,10.717526187896729,12.869492588043213,11.466579927924261,11.438926029205323,10.717526187896729,12.869492588043213,0.011472888264944024,0.14416567967703856,667847.75,0.4804073982430876,43.1768300405691,0.2199993133544922,0.2647537881547578,0.023491905714375934,11.893030478224556,24.109861658902236,19.909270842809345,11.503075075149535,0.14416567967703856,11.791406434503612,11.214743715795459,0.05013117926648469,-0.041038957662344444,-0.0016245038899390441,-0.0394144537724054,12.132800102233888,11.220000267028809,11.220000267028809,-0.02677024766708047,0.07692310496304322,-0.01572046764191315,-0.04733723326744965,0.026276260203585446,0.8940353586227014,0.06463583348181642,0.7755942263912752,-0.017143688126384116,-0.014767607641692826,-0.11115951534616064,-1.616713616638854,1750.157717150294
2025-03-26 18:30:00,11.279999732971191,11.329999923706056,11.1899995803833,11.30500030517578,300912,1h,1H,yfinance,730d,2026-04-02T03:04:46Z,0.0031055763966714167,0.0031055763966714167,11.451191392424406,11.489325094223023,11.437830028533936,10.731026191711425,12.849442591667176,11.451191392424406,11.437830028533936,10.731026191711425,12.849442591667176,0.010678073795493426,0.1491994984240851,626098.95,0.4806141265689713,44.53619502266304,0.14000034332275568,0.2558428278096148,0.022630943910057398,11.379593481678342,23.16748930513872,21.08542824399356,11.489325094223023,0.1491994984240851,11.787724091071194,11.190926097374852,0.05194369458623981,-0.047626487509596416,-0.010824900613870519,-0.036801586895725893,12.132800102233888,11.220000267028809,11.220000267028809,-0.047598954155903206,0.06650942437119989,-0.007898214038822071,-0.023747808319696917,0.02593787320802999,0.8725057651623953,0.06271660522922116,0.828228734581412,-0.012766452174167608,-0.011613192627166757,-0.10985788317764589,-1.2354249913315283,1750.157717150294
2025-03-26 19:30:00,11.3100004196167,11.390000343322754,11.229999542236328,11.229999542236328,808632,1h,1H,yfinance,730d,2026-04-02T03:04:46Z,-0.006634299948237388,-0.006634299948237388,11.430125501930304,11.4688250541687,11.437030010223388,10.75091118812561,12.829142589569091,11.430125501930304,11.437030010223388,10.75091118812561,12.829142589569091,0.010638559804588315,0.15513727549775572,616238.65,1.312205912433438,42.206118175305335,0.16000080108642578,0.24899696875795846,0.0221724825385321,11.169445969264531,23.82533584299744,20.117635220213316,11.4688250541687,0.15513727549775572,11.779099605164213,11.158550503173188,0.05410746951497584,-0.058227872467604413,-0.020305494984617298,-0.037922377482987116,12.132800102233888,11.1899995803833,11.1899995803833,-0.03106131195961881,0.08032698871590949,-0.01057276081059133,-0.035223435480534304,0.025562124029933717,0.8673959375428942,0.06074680738210574,0.8907047439486399,-0.01750864062342783,-0.018101768361366455,-0.10851173955129156,-1.539446346251113,1750.157717150294
2025-03-27 13:30:00,11.010000228881836,11.140000343322754,10.619999885559082,11.0,971626,1h,1H,yfinance,730d,2026-04-02T03:04:46Z,-0.02048081492535181,-0.02048081492535181,11.389161168413132,11.433325052261353,11.43193000793457,10.768161191940308,12.807292590141296,11.389161168413132,11.43193000793457,10.768161191940308,12.807292590141296,0.011224657662747503,0.1757523884316027,643680.15,1.5094857282766914,35.98797743244414,0.6099996566772461,0.2747828750379076,0.02498026136708251,12.093656247454406,20.047431799813328,32.784315382430776,11.433325052261353,0.1757523884316027,11.784829829124558,11.081820275398147,0.06148776060445905,-0.08421777718611878,-0.0330879514249176,-0.05112982576120118,12.0600004196167,11.1899995803833,11.1899995803833,-0.03424059100677612,0.05313550228735742,-0.029905361757214588,-0.06063194157421414,0.025295331578242736,0.9875443336180172,0.06074680738210574,1.0121974018764905,-0.03416943202915046,-0.037782772255846586,-0.1073890186022175,-2.465542893205056,1750.157717150294
2025-03-27 14:30:00,10.979999542236328,11.1850004196167,10.960000038146973,11.06999969482422,572330,1h,1H,yfinance,730d,2026-04-02T03:04:46Z,0.006363608620383765,0.006363608620383765,11.35876483759514,11.4063250541687,11.432929992675781,10.787861185073853,12.78660858631134,11.35876483759514,11.432929992675781,10.787861185073853,12.78660858631134,0.01133029933292044,0.1876152235773393,654434.15,0.8745417701689314,38.93660513242862,0.22500038146972656,0.2712269826401804,0.024501083118095533,12.745396967437907,20.044621245834854,30.841692745461728,11.4063250541687,0.1876152235773393,11.781555501323378,11.031094607014023,0.06579339890327629,-0.09803647015981909,-0.0460776551718979,-0.05195881498792119,12.0600004196167,10.619999885559082,10.619999885559082,-0.029151785718019352,0.05781170887863962,-0.03403144345764009,-0.04651162599668601,0.025107016926154677,0.9758659577184605,0.06074680738210574,1.0830758312848738,-0.02542223092912077,-0.03174429460200168,-0.10586689852106168,-1.7926336303185912,1750.157717150294
2025-03-27 15:30:00,11.06999969482422,11.142999649047852,11.0,11.029999732971191,757527,1h,1H,yfinance,730d,2026-04-02T03:04:46Z,-0.0036133661206630974,-0.0036133661206630974,11.327453875250002,11.382825040817261,11.435129985809326,10.801861181259156,12.765083584785462,11.327453875250002,11.435129985809326,10.801861181259156,12.765083584785462,0.011216536836495334,0.20319820148158954,664950.35,1.1392234021682972,37.8632957663004,0.14299964904785156,0.2620678873835855,0.02375955518840174,13.350584778851157,19.263369532758144,29.63961838366333,11.382825040817261,0.20319820148158954,11.78922144378044,10.976428637854083,0.0714051918580662,-0.11093673688065486,-0.059049471513649296,-0.05188726536700557,12.0600004196167,10.619999885559082,10.619999885559082,-0.033304129668950466,0.03811762192670032,-0.021295538158310312,-0.04086958843728772,0.02491004138801956,0.9538143601731973,0.06074680738210574,1.1754558788401464,-0.026259576561043052,-0.035428565599244566,-0.10418683043809374,-1.7363603874123703,1750.157717150294
2025-03-27 16:30:00,11.029999732971191,11.244999885559082,11.020000457763672,11.119999885559082,323664,1h,1H,yfinance,730d,2026-04-02T03:04:46Z,0.008159578854644911,0.008159578854644911,11.307696352422296,11.359575033187866,11.444329986572265,10.819811182022095,12.744333581924439,11.307696352422296,11.444329986572265,10.819811182022095,12.744333581924439,0.011249972108371474,0.2053267222383548,661665.4,0.48916567195443494,41.753773911005446,0.22499942779541016,0.25942014027014443,0.023329149544959866,13.413037993782725,20.87844859847003,27.803408605123607,11.359575033187866,0.2053267222383548,11.770228477664576,10.948921588711157,0.07230084633922558,-0.11260004778733901,-0.06975958676838724,-0.04284046101895177,12.0600004196167,10.619999885559082,10.619999885559082,-0.020264360192106312,0.041198461405480336,-0.0163644771890894,-0.04013812266350825,0.024758448333776897,0.9422702598503679,0.06074680738210574,1.190199937330753,-0.01659900133620107,-0.028339806820820712,-0.10200640049127374,-1.1667996499290136,1750.157717150294
2025-03-27 17:30:00,11.115599632263184,11.229999542236328,10.899999618530272,10.9197998046875,382064,1h,1H,yfinance,730d,2026-04-02T03:04:46Z,-0.018003604580209664,-0.018003604580209664,11.2707538240666,11.326565027236938,11.44992597579956,10.835209178924561,12.719457578659057,11.2707538240666,11.44992597579956,10.835209178924561,12.719457578659057,0.01176872638561681,0.21979571955430738,643191.5,0.594012825107297,36.30796541720619,0.32999992370605646,0.2644615533727096,0.02421853496427519,13.888347359175864,19.017555248316427,28.56640398434761,11.326565027236938,0.21979571955430738,11.766156466345553,10.886973588128324,0.07762131556240236,-0.12859039699700503,-0.0815257488141108,-0.04706464818289423,12.0600004196167,10.619999885559082,10.619999885559082,-0.04630567802705188,0.05607346649356648,-0.027622417648563435,-0.057012100463578075,0.02458907918834636,0.9849305367950996,0.06128437932347783,1.2665758618961147,-0.031138469072911845,-0.04629952824433359,-0.09981019984606421,-1.8506512473230148,1750.157717150294
2025-03-27 18:30:00,10.90999984741211,10.920000076293944,10.609999656677246,10.65999984741211,626141,1h,1H,yfinance,730d,2026-04-02T03:04:46Z,-0.0237916410485719,-0.0237916410485719,11.212586778670936,11.280565023422241,11.449325981140136,10.844209175109864,12.692632579803467,11.212586778670936,11.449325981140136,10.844209175109864,12.692632579803467,0.012592941198453922,0.25533928916986726,627014.8,0.9986064124802158,30.71026443282561,0.31000041961669744,0.26771432953299446,0.0251139149498193,15.18941616237183,17.44459656578933,33.94110933814633,11.280565023422241,0.25533928916986726,11.791243601761975,10.769886445082507,0.09054131194304428,-0.1603778136590588,-0.09729616178310041,-0.06308165187595838,12.0600004196167,10.619999885559082,10.619999885559082,-0.06450202552214812,-0.025594126481802038,-0.03090910478071729,-0.0794473300824955,0.02458907918834636,1.0213442625261737,0.06291998651020238,1.4389912802724958,-0.04928273396376126,-0.06894083852868205,-0.09795498221871501,-2.4303552266776074,1750.157717150294
2025-03-27 19:30:00,10.649999618530272,10.704999923706056,10.520000457763672,10.640000343322754,1424603,1h,1H,yfinance,730d,2026-04-02T03:04:46Z,-0.001876126114036536,-0.001876126114036536,11.158054737209204,11.219065046310424,11.442825984954833,10.855459175109864,12.665132584571838,11.158054737209204,11.442825984954833,10.855459175109864,12.665132584571838,0.010709039620474767,0.25408736301408813,656151.4,2.171149829140043,30.32270302022235,0.1849994659423846,0.261806124990808,0.02460583802096466,16.62992055188267,16.564108312352424,34.68343421429106,11.219065046310424,0.25408736301408813,11.727239772338601,10.710890320282248,0.09059127902913769,-0.18505021947652622,-0.11484697332178558,-0.07020324615474065,12.0600004196167,10.609999656677246,10.609999656677246,-0.06255506733780702,-0.040144311528446996,-0.038843664259766264,-0.10362254036183549,0.024553460569530096,1.0021332003807057,0.06463583348181642,1.4015643358977206,-0.046428737453570124,-0.07015973525138319,-0.09650957788677006,-2.2789984362802165,1750.157717150294
2025-03-28 13:30:00,10.529999732971191,10.74549961090088,10.149999618530272,10.260000228881836,1088339,1h,1H,yfinance,730d,2026-04-02T03:04:46Z,-0.03571429531761161,-0.03571429531761161,11.072525736416122,11.152565050125123,11.430025997161865,10.865759181976319,12.63583258152008,11.072525736416122,11.430025997161865,10.865759181976319,12.63583258152008,0.011988567723830968,0.31503771535932046,685455.65,1.5877599083179195,24.099497483376098,0.595499992370609,0.28564140123222237,0.02784029189669447,18.775610199340438,14.097497497163461,38.77100171346713,11.152565050125123,0.31503771535932046,11.782640480843764,10.522489619406482,0.1129920207390446,-0.23258501698719058,-0.13839458205486657,-0.09419043493232401,11.880000114440918,10.520000457763672,10.520000457763672,-0.09516625359927089,-0.08636765243893119,-0.06980956688400008,-0.11475409026712424,0.024553460569530096,1.1338642802653733,0.06535642672548173,1.7288586050404482,-0.07338212860160653,-0.10236422634301556,-0.09542755307803852,-2.833199892353397,1750.157717150294
2025-03-28 14:30:00,10.260000228881836,10.369999885559082,10.039999961853027,10.085000038146973,799956,1h,1H,yfinance,730d,2026-04-02T03:04:46Z,-0.01705654842406712,-0.01705654842406712,10.978475669914298,11.087315034866332,11.4037260055542,10.874359178543092,12.60637508392334,10.978475669914298,11.4037260055542,10.874359178543092,12.60637508392334,0.011979271198813314,0.38620871873217827,681535.65,1.1737551806717668,21.873130957884683,0.3299999237060547,0.2888098671232104,0.0286375672811873,20.970152023454908,12.946920192533998,38.327194671435,11.087315034866332,0.38620871873217827,11.85973247233069,10.314897597401975,0.13933354198655531,-0.2811369673805242,-0.1669430591199981,-0.11419390826052608,11.824999809265137,10.149999618530272,10.149999618530272,-0.11998254759363258,-0.112220308683609,-0.09307552680429476,-0.11457421122386724,0.024553460569530096,1.1663352788944716,0.0671461469910039,2.0750787384006255,-0.08138430676818176,-0.11563992038785742,-0.09540007102460835,-2.5952676573685243,1750.157717150294
2025-03-28 15:30:00,10.09000015258789,10.09000015258789,9.869999885559082,9.899999618530272,822192,1h,1H,yfinance,730d,2026-04-02T03:04:46Z,-0.01834411689805937,-0.01834411689805937,10.875763665020582,11.012195014953614,11.374326000213623,10.88015917778015,12.577125582695007,10.875763665020582,11.374326000213623,10.88015917778015,12.577125582695007,0.012152300526291626,0.4572046857098065,707952.5,1.161366052100953,19.791575791353083,0.2200002670288086,0.283894895687896,0.028676253194648334,23.300635228533196,12.23027521913473,40.48292571771656,11.012195014953614,0.4572046857098065,11.926604386373226,10.097785643534001,0.16607213551484026,-0.3307302729016417,-0.19970050187632682,-0.13102977102531488,11.824999809265137,10.039999961853027,10.039999961853027,-0.12156173767407741,-0.12156173767407741,-0.09339000754569349,-0.13176176910499704,0.024553460569530096,1.1679108577564201,0.06979290236719571,2.3794989158223925,-0.0897191292992724,-0.1296187907446702,-0.09563390097148494,-2.4325984207634876,1750.157717150294
2025-03-28 16:30:00,9.90999984741211,9.960000038146973,9.829999923706056,9.854999542236328,560316,1h,1H,yfinance,730d,2026-04-02T03:04:46Z,-0.004545462427060554,-0.004545462427060554,10.778548034279224,10.934444999694824,11.347325992584228,10.882609176635743,12.546700582504272,10.778548034279224,11.347325992584228,10.882609176635743,12.546700582504272,0.012041232036403384,0.5118922676010678,723284.95,0.7746822327769989,19.310194897231426,0.1300001144409162,0.2729024113131117,0.027691773109020747,25.53143116067082,11.81413033881412,40.152407570528865,10.934444999694824,0.5118922676010678,11.95822953489696,9.910660464492688,0.18725861902103114,-0.36940617051683056,-0.23364163560442758,-0.13576453491240298,11.824999809265137,9.869999885559082,9.869999885559082,-0.12826189507271357,-0.12438920994841174,-0.07551597717622938,-0.1362839900062286,0.024553460569530096,1.127815487784446,0.07124605075686305,2.628336827539774,-0.08568394268928581,-0.13151349060767037,-0.09559282793378443,-2.108735618369876,1750.157717150294
2025-03-28 17:30:00,9.855600357055664,10.079999923706056,9.81999969482422,10.06999969482422,815863,1h,1H,yfinance,730d,2026-04-02T03:04:46Z,0.021816353381494347,0.021816353381494347,10.711067240045415,10.870444965362548,11.327125988006593,10.888359174728393,12.514774084091187,10.711067240045415,11.327125988006593,10.888359174728393,12.514774084091187,0.013606491039521858,0.5354126069908773,719652.6,1.133690061009993,28.285067101713324,0.26000022888183594,0.27198082685373487,0.027009020367053993,26.92834055150994,14.158915359944176,37.41071348042395,10.870444965362548,0.5354126069908773,11.941270179344302,9.799619751380794,0.19701589353403995,-0.37834703345030185,-0.26258271517360243,-0.11576431827669942,11.824999809265137,9.829999923706056,9.829999923706056,-0.10329473683852941,-0.08620696220299784,-0.05357148779193821,-0.11277538710353407,0.024553460569530096,1.1000087051098268,0.07124605075686305,2.7652886221916186,-0.05985094956965986,-0.11098369476188796,-0.09489968321476416,-1.4950063933626538,1750.157717150294
2025-03-28 18:30:00,10.074999809265137,10.131199836730955,9.949999809265137,9.984999656677246,517387,1h,1H,yfinance,730d,2026-04-02T03:04:46Z,-0.008440917648752544,-0.008440917648752544,10.641917946391303,10.797194957733154,11.30072597503662,10.893909168243407,12.481550583839416,10.641917946391303,11.30072597503662,10.893909168243407,12.481550583839416,0.013188789501183401,0.5510967020280142,673095.8,0.7686676993081817,27.006164273729468,0.18120002746581854,0.2654964840403123,0.026589533617336424,27.94241578119012,14.846144113816148,35.58695451301722,10.797194957733154,0.5510967020280142,11.899388361789182,9.695001553677127,0.20416291608527748,-0.38782096576089664,-0.2876303652910613,-0.10019060046983536,11.824999809265137,9.81999969482422,9.81999969482422,-0.09227275848388672,-0.0856227484509341,-0.026803174080880177,-0.12794761371108831,0.024722829714960634,1.0755052687697064,0.07185301909864589,2.84139648752943,-0.061729313552621345,-0.11642847736205819,-0.09460560215424496,-1.4737800064254811,1750.157717150294
2025-03-28 19:30:00,9.984999656677246,10.0649995803833,9.895000457763672,9.920000076293944,913485,1h,1H,yfinance,730d,2026-04-02T03:04:46Z,-0.006509722846092969,-0.006509722846092969,10.573163863524888,10.723444938659668,11.268525981903077,10.900309171676636,12.445475583076478,10.573163863524888,11.268525981903077,10.900309171676636,12.445475583076478,0.013181540077667833,0.564688836334343,664144.85,1.3754303748647603,26.036677230362272,0.1699991226196289,0.2586752439388349,0.026076133261026598,29.01286122452271,14.149232905990166,35.4351326252989,10.723444938659668,0.564688836334343,11.852822611328353,9.594067265990983,0.21063710013507037,-0.39600910186660165,-0.30930611260616936,-0.0867029892604323,11.824999809265137,9.81999969482422,9.81999969482422,-0.10388434058114382,-0.06941836601412454,-0.01636092823291113,-0.1294427663199239,0.024722829714960634,1.0547390230676965,0.07496108095081397,2.8099528110231065,-0.06177562323461361,-0.11967189921510824,-0.09456847135466906,-1.4228098922253494,1750.157717150294
2025-03-31 13:30:00,9.779999732971191,10.15999984741211,9.600000381469728,10.15999984741211,702671,1h,1H,yfinance,730d,2026-04-02T03:04:46Z,0.024193525128260784,0.024193525128260784,10.533814909609385,10.663944911956786,11.247725982666015,10.909459171295167,12.411825585365296,10.533814909609385,11.247725982666015,10.909459171295167,12.411825585365296,0.014813903972884821,0.5581918676403244,682702.65,1.0292489709831945,35.27580028586051,0.559999465942381,0.2801984026533739,0.02757858335251297,30.619650808523748,12.129347099612641,37.896743549198206,10.663944911956786,0.5581918676403244,11.780328647237436,9.547561176676137,0.2093753755289792,-0.37876610309250935,-0.32319811070343735,-0.05556799238907201,11.505000114440918,9.81999969482422,9.81999969482422,-0.07887578482513047,-0.04511282710736697,0.026262650393964027,-0.1048458585076738,0.024793049694023586,1.112351392542114,0.08408131375272332,2.490153473870973,-0.03548714928114649,-0.09670631529699525,-0.09378955534727007,-0.9028169232830857,1750.157717150294
2025-03-31 14:30:00,10.15999984741211,10.414999961853027,10.140000343322754,10.359999656677246,576073,1h,1H,yfinance,730d,2026-04-02T03:04:46Z,0.0196850208926016,0.0196850208926016,10.5172610759968,10.61498990058899,11.222625980377197,10.922859163284302,12.377725582122803,10.5172610759968,11.222625980377197,10.922859163284302,12.377725582122803,0.015776227811608423,0.539452492863036,684664.7,0.8413943350664932,41.80018254166314,0.27499961853027344,0.2798270609302953,0.027010334961733388,30.783171528122,17.78703682334786,35.23653161459368,10.61498990058899,0.539452492863036,11.69389488631506,9.536084914862919,0.20327951243103987,-0.34498580755214014,-0.32755565007317794,-0.017430157478962205,11.505000114440918,9.600000381469728,9.600000381469728,-0.06834534502727874,-0.030869966011188743,0.05124303783846962,-0.08634726189639141,0.025047088158450907,1.0783822371232434,0.09056629548609099,2.2445382284876514,-0.014952697112223023,-0.07686492673000567,-0.0933208281345258,-0.4726834100968445,1750.157717150294
2025-03-31 15:30:00,10.357999801635742,10.399999618530272,10.239999771118164,10.369999885559082,383338,1h,1H,yfinance,730d,2026-04-02T03:04:46Z,0.0009652730900806539,0.0009652730900806539,10.503236200717017,10.560489892959595,11.196825981140137,10.928659162521363,12.344500584602356,10.503236200717017,11.196825981140137,10.928659162521363,12.344500584602356,0.015452159338125633,0.5053094497127172,683397.9,0.560929438033099,42.11438415358273,0.1599998474121076,0.27126797425042476,0.026158917767027515,30.93501219632038,17.03766628841224,33.752011241270814,10.560489892959595,0.5053094497127172,11.57110879238503,9.54987099353416,0.19139621545382815,-0.3137905627871813,-0.32480263261597864,0.011012069828797322,11.505000114440918,9.600000381469728,9.600000381469728,-0.05034890098373479,-0.05426358948917842,0.029791479625272954,-0.09511345104359514,0.02559502410542295,1.0220313784148807,0.10179164988409115,1.8802742235907226,-0.012685263152402482,-0.0738446857148406,-0.09297051716241533,-0.3769769346463077,1750.157717150294
2025-03-31 16:30:00,10.369999885559082,10.5,10.289999961853027,10.30500030517578,435938,1h,1H,yfinance,730d,2026-04-02T03:04:46Z,-0.006268040607581793,-0.006268040607581793,10.484356591617852,10.5122398853302,11.171725978851319,10.933409166336059,12.311525588035584,10.484356591617852,11.171725978851319,10.933409166336059,12.311525588035584,0.015223028345001506,0.48073179750001893,689152.85,0.6325708440442495,40.58085078505037,0.21000003814697266,0.2668916931001782,0.025899241649331096,30.57399336043307,18.756428655988685,31.855061003872603,10.5122398853302,0.48073179750001893,11.473703480330236,9.550776290330163,0.1829226892627815,-0.29095903483623964,-0.31803391306003087,0.027074878223791232,11.479999542236328,9.600000381469728,9.600000381469728,-0.03330202132437288,-0.05458709487869873,0.03204813815737495,-0.08562556463102211,0.02598768745517885,0.9965966265370747,0.12616278136279996,1.449894234154207,-0.017107037983185913,-0.07758207418587759,-0.09257988386848903,-0.4310918920532022,1750.157717150294
2025-03-31 17:30:00,10.300000190734863,10.414999961853027,10.265000343322754,10.369999885559082,238143,1h,1H,yfinance,730d,2026-04-02T03:04:46Z,0.006307576754816413,0.006307576754816413,10.473465476755111,10.465489864349365,11.148525981903076,10.93710916519165,12.276574087142944,10.473465476755111,11.148525981903076,10.93710916519165,12.276574087142944,0.015317137994735094,0.4455397326602284,686014.4,0.34713994341809734,42.82302142517455,0.14999961853027344,0.2585422592023279,0.024931751403620094,30.313075401364582,17.979142864691834,31.22562946036255,10.465489864349365,0.4455397326602284,11.356569329669822,9.574410399028908,0.17028910769975797,-0.2645701613986713,-0.30734116272775897,0.04277100132908768,11.390000343322754,9.600000381469728,9.600000381469728,-0.025375982053714274,-0.09035085679274613,0.04536288364961938,-0.08270680180244006,0.02598768745517885,0.9593678331948569,0.1527028387506978,1.1151666144057182,-0.009878830595819621,-0.06983220002426704,-0.09188622959733161,-0.21432427186713895,1750.157717150294
2025-03-31 18:30:00,10.375,10.470000267028809,10.270000457763672,10.28499984741211,375932,1h,1H,yfinance,730d,2026-04-02T03:04:46Z,-0.00819672508052205,-0.00819672508052205,10.455516369198635,10.418239879608155,11.120525970458985,10.938559160232543,12.244899587631226,10.455516369198635,11.120525970458985,10.938559160232543,12.244899587631226,0.015333384140122065,0.41070448287358874,664379.4,0.5658393381853802,40.66216467003129,0.19999980926513672,0.2543606556353857,0.024731225999909703,29.77899761392548,18.51387442222673,29.471899134685465,10.418239879608155,0.41070448287358874,11.239648845355333,9.596830913860977,0.15768670624582942,-0.24766070335647505,-0.2954050708535022,0.04774436749702715,11.390000343322754,9.600000381469728,9.600000381469728,0.002436609938847756,-0.09542656544130834,0.012303149791073942,-0.08414957554272817,0.02598768745517885,0.9516516636027668,0.16187942088033486,0.9740997675201422,-0.016308761400714578,-0.07513368749521387,-0.09182383319075882,-0.3244182563185115,1750.157717150294
2025-03-31 19:30:00,10.279999732971191,10.4399995803833,10.274999618530272,10.300000190734863,474577,1h,1H,yfinance,730d,2026-04-02T03:04:46Z,0.0014584680160718566,0.0014584680160718566,10.440705304583037,10.383239889144898,11.093725967407227,10.94540916442871,12.215199589729309,10.440705304583037,11.093725967407227,10.94540916442871,12.215199589729309,0.014913253975602064,0.3888829672759654,639526.95,0.7420750603238848,41.225805080878864,0.16499996185302912,0.24797774893664593,0.02407550915967058,29.283068239874886,17.63396005591235,28.071179498170878,10.383239889144898,0.3888829672759654,11.16100582369683,9.605473954592966,0.14981180110555717,-0.23039359968676898,-0.28240277662015556,0.05200917693338658,11.244999885559082,9.600000381469728,10.140000343322754,0.021318805332141144,-0.08076749122117477,-0.005791454433467291,-0.06363634629683057,0.02598768745517885,0.9264198363626538,0.16187942088033486,0.9254530334421053,-0.013476590876136507,-0.0715472672575731,-0.09180968465427541,-0.21404819808156997,1750.157717150294
2025-04-01 13:30:00,10.300000190734863,10.403499603271484,9.829999923706056,9.859999656677246,534929,1h,1H,yfinance,730d,2026-04-02T03:04:46Z,-0.04271849766113689,-0.04271849766113689,10.385400004782486,10.32273988723755,11.054525966644286,10.946509160995483,12.184499588012695,10.385400004782486,11.054525966644286,10.946509160995483,12.184499588012695,0.01703054522263452,0.3710482145427667,637656.9,0.8388978461614702,31.710710923966403,0.5734996795654279,0.27122931541013034,0.027508045117065734,30.101080997776585,14.970670605422526,35.550658885843546,10.32273988723755,0.3710482145427667,11.064836316323083,9.580643458152016,0.1437789651181697,-0.24933943172579198,-0.27579010764128287,0.026450675915490884,11.244999885559082,9.600000381469728,10.239999771118164,-0.00404040034286024,-0.11010832810734739,-0.049180350483132185,-0.10930443283685998,0.026117525514027056,1.0532408632009134,0.16187942088033486,0.8881855663695175,-0.05059028519491715,-0.10805766919100657,-0.09273861541922446,-1.2471161763452399,1750.157717150294
2025-04-01 14:30:00,9.878999710083008,10.140000343322754,9.850000381469728,10.0649995803833,393700,1h,1H,yfinance,730d,2026-04-02T03:04:46Z,0.020791068036927207,0.020791068036927207,10.35488567864923,10.274489879608154,11.017025966644287,10.950317001342773,12.15589958667755,10.35488567864923,11.017025966644287,10.950317001342773,12.15589958667755,0.01797881551087317,0.3371340877138434,619465.55,0.6355478524996264,38.79821340679488,0.28999996185302557,0.27257007587033716,0.027080982338198667,30.86066427297102,13.832956912996297,32.84894481736699,10.274489879608154,0.3371340877138434,10.94875805503584,9.600221704180468,0.13125092989111034,-0.24498828705359443,-0.2696297435237452,0.024641456470150758,11.244999885559082,9.600000381469728,9.829999923706056,0.021308985073714037,-0.10968604080663036,-0.023289734855411526,-0.08748868322301806,0.02637422569218197,1.0267972472164824,0.16187942088033486,0.8107944121454089,-0.02799510368942526,-0.08641410024296847,-0.09368896245913638,-0.6213856944737879,1750.157717150294
2025-04-01 15:30:00,10.0600004196167,10.199999809265137,9.869999885559082,10.079999923706056,290980,1h,1H,yfinance,730d,2026-04-02T03:04:46Z,0.0014903471384133393,0.0014903471384133393,10.328706082940357,10.222489881515504,10.97682596206665,10.95056900024414,12.125174584388732,10.328706082940357,10.97682596206665,10.95056900024414,12.125174584388732,0.017803688007706875,0.277673102651648,617831.35,0.47096994997097513,39.294690814938605,0.3299999237060547,0.2766722078586027,0.027447639876259065,31.214124879159968,14.20344997496601,30.05033926392254,10.222489881515504,0.277673102651648,10.7778360868188,9.667143676212207,0.10865184739531679,-0.2375907726772244,-0.26322194935444104,0.02563117667721665,11.244999885559082,9.600000381469728,9.829999923706056,0.0009930714185597544,-0.12575887622258264,-0.02796528110447427,-0.09352517738814148,0.02679927699219521,1.0241932976121961,0.16187942088033486,0.6711899931717376,-0.02407912058269157,-0.0817017634660343,-0.094707801057198,-0.5131572213827513,1750.157717150294
2025-04-01 16:30:00,10.074999809265137,10.074999809265137,9.885000228881836,9.91409969329834,323713,1h,1H,yfinance,730d,2026-04-02T03:04:46Z,-0.016458356315812495,-0.016458356315812495,10.289219760117309,10.172204875946045,10.935907955169677,10.946809997558594,12.094545078277587,10.289219760117309,10.935907955169677,10.946809997558594,12.094545078277587,0.01774922101442585,0.23455689952076908,614913.8,0.5264363883197938,35.83255834601333,0.19499969482422053,0.2708384569275754,0.027318512553455035,31.54233829919256,13.473001795109777,28.50492489923774,10.172204875946045,0.23455689952076908,10.641318674987584,9.703091076904506,0.09223443781610029,-0.24232161856669876,-0.2590418831968926,0.016720264630193826,11.229999542236328,9.600000381469728,9.829999923706056,-0.007100647553001549,-0.11481251230942369,-0.0360622420628518,-0.09209876823542562,0.02700967766439369,1.0114342308301028,0.16187942088033486,0.569772472093795,-0.03645758138756017,-0.0934360700602187,-0.09579832193844817,-1.10039475783935,1750.157717150294
2025-04-01 17:30:00,9.93000030517578,10.010000228881836,9.90999984741211,9.960000038146973,283812,1h,1H,yfinance,730d,2026-04-02T03:04:46Z,0.0046298046487933675,0.0046298046487933675,10.257865500882039,10.137204885482788,10.897907962799072,10.938109998703004,12.064745078086853,10.257865500882039,10.897907962799072,10.938109998703004,12.064745078086853,0.01729252037048454,0.21011017997768605,597797.35,0.47476289414799183,37.47399500520589,0.10000038146972656,0.2586357372520148,0.025967443399742513,31.847107903508544,13.100910547238955,27.717688822414004,10.137204885482788,0.21011017997768605,10.55742524543816,9.716984525527415,0.08290655357220976,-0.23960505585894154,-0.25515451772930237,0.015549461870360826,10.920000076293944,9.829999923706056,9.829999923706056,0.004032254188043538,-0.14248814167749801,-0.03300972294095006,-0.06566602432316859,0.02700967766439369,0.9614125619120167,0.16187942088033486,0.5121500504594483,-0.0290377625549344,-0.0860631166875081,-0.0967146100257934,-0.8433901077740964,1750.157717150294
2025-04-01 18:30:00,9.970000267028809,10.039999961853027,9.90999984741211,10.020000457763672,406189,1h,1H,yfinance,730d,2026-04-02T03:04:46Z,0.006024138492660258,0.006024138492660258,10.235211687251718,10.106204891204834,10.859807968139648,10.931909999847413,12.035495080947875,10.235211687251718,10.859807968139648,10.931909999847413,12.035495080947875,0.01740899451449714,0.17672568675109368,546876.65,0.7427433590371796,39.64734082878142,0.13000011444091797,0.2494474784797936,0.0248949567947891,31.92259904456821,13.472260813779243,26.68589340316206,10.106204891204834,0.17672568675109368,10.459656264707021,9.752753517702647,0.06994739910919213,-0.22995979455598814,-0.25011557309463955,0.020155778538651414,10.74549961090088,9.829999923706056,9.829999923706056,-0.013779467692029312,-0.14065175052403012,0.01622726233850047,-0.05827066405577419,0.02700967766439369,0.921705068239582,0.16187942088033486,0.43209568411354105,-0.02102655382849572,-0.07733170907255382,-0.09768498137391401,-0.48778666545840416,1750.157717150294
2025-04-01 19:30:00,10.020000457763672,10.0600004196167,9.949999809265137,9.989999771118164,502781,1h,1H,yfinance,730d,2026-04-02T03:04:46Z,-0.0029940803667591886,-0.0029940803667591886,10.211858171429474,10.09270486831665,10.823007965087891,10.926510000228882,12.003695077896118,10.211858171429474,10.823007965087891,10.926510000228882,12.003695077896118,0.01569639087673052,0.17476340847506644,517598.75,0.9713721294728783,38.91890654708779,0.1100006103515625,0.23948698789920567,0.023972672010622108,31.849104602636405,13.626784229668212,25.810371764216057,10.09270486831665,0.17476340847506644,10.442231685266783,9.743178051366517,0.06926325925716492,-0.22217555862874683,-0.24452757020146101,0.022352011572714187,10.74549961090088,9.829999923706056,9.850000381469728,-0.03571427585140985,-0.13581319995753016,-0.007451546188964708,-0.0263158335029684,0.02679927699219521,0.8945268194214233,0.16187942088033486,0.42786945295761825,-0.021725566159156107,-0.07696642159525213,-0.09836030531818252,-0.587680785667092,1750.157717150294
2025-04-02 13:30:00,9.869999885559082,10.149999618530272,9.829999923706056,9.949999809265137,310388,1h,1H,yfinance,730d,2026-04-02T03:04:46Z,-0.004004000277224251,-0.004004000277224251,10.186919279794775,10.085954856872558,10.790407962799073,10.922910995483399,11.970445075035094,10.186919279794775,10.790407962799073,10.922910995483399,11.970445075035094,0.015289981407100658,0.17751606902158235,493120.35,0.6294366071081836,37.91858078839108,0.3199996948242152,0.24523789553670636,0.02464702514952295,32.22034290712866,12.356715196907157,26.899890360572353,10.085954856872558,0.17751606902158235,10.440986994915722,9.730922718829394,0.0704012942911886,-0.21673576323666133,-0.2389692088085011,0.02223344557183976,10.5,9.829999923706056,9.869999885559082,-0.040501454284375016,-0.13703382136149456,-0.012896836847705373,-0.013386239798829136,0.02637422569218197,0.9345118009219505,0.16187942088033486,0.43489959321778726,-0.023257224684164912,-0.07788474323040617,-0.09857921780177104,-0.7658745957859837,1750.157717150294
2025-04-02 14:30:00,9.9399995803833,9.979999542236328,9.829999923706056,9.899800300598145,342964,1h,1H,yfinance,730d,2026-04-02T03:04:46Z,-0.005045176847164101,-0.005045176847164101,10.159574615109381,10.085944890975952,10.75560396194458,10.91940899848938,11.935144081115723,10.159574615109381,10.75560396194458,10.91940899848938,11.935144081115723,0.014782694177106863,0.17752651370794015,469158.95,0.7310187730618802,36.645584753288375,0.14999961853027166,0.23843516146481816,0.02408484557515892,32.565064189871464,11.801457156932699,25.691124101973323,10.085944890975952,0.17752651370794015,10.440997918391833,9.730891863560071,0.07040550612834545,-0.21400841126203396,-0.23397704929920768,0.01996863803717372,10.5,9.829999923706056,9.829999923706056,-0.039320717377768544,-0.1527770693120022,-0.0014423289196759947,-2.013312523307942e-05,0.026117525514027056,0.9221718023104282,0.1537492536756933,0.4579242139077523,-0.02556940859757051,-0.07956816412861933,-0.09882914786403463,-1.0485452932627608,1750.157717150294
2025-04-02 15:30:00,9.883999824523926,10.010000228881836,9.880000114440918,9.9399995803833,339801,1h,1H,yfinance,730d,2026-04-02T03:04:46Z,0.004060615220968344,0.004060615220968344,10.13866270704023,10.0901948928833,10.720203952789307,10.912008991241455,11.90121907711029,10.13866270704023,10.720203952789307,10.912008991241455,11.90121907711029,0.014766191865083565,0.1729040616413013,458133.2,0.7417078701128842,38.42821076757989,0.13000011444091797,0.230689800963111,0.023208230452884514,32.63881801873166,12.25533748747057,24.657005354191437,10.0901948928833,0.1729040616413013,10.436003016165902,9.744386769600698,0.06854339821057434,-0.20622597458951297,-0.22842683435726877,0.022200859767755793,10.5,9.829999923706056,9.829999923706056,-0.041465796520845255,-0.14604817120255953,-0.002008078081031095,0.008625067691041544,0.026021788330384557,0.8918768440593774,0.14679538311186344,0.46693156663068736,-0.019594608519620582,-0.072778873969371,-0.09923480247434824,-0.8686627200903324,1750.157717150294
2025-04-02 16:30:00,9.9399995803833,10.06999969482422,9.90999984741211,10.039999961853027,337114,1h,1H,yfinance,730d,2026-04-02T03:04:46Z,0.010060400974973627,0.010060400974973627,10.12926625511764,10.08869490623474,10.688803958892823,10.906608991622925,11.868644075393677,10.12926625511764,10.688803958892823,10.906608991622925,11.868644075393677,0.014127698817586415,0.1732026236115882,434195.75,0.7764101790494264,42.74411272253071,0.15999984741211115,0.22564051856661102,0.022474155321108767,32.21667671059272,13.53394981039331,23.40814242852931,10.08869490623474,0.1732026236115882,10.435100153457917,9.742289659011565,0.06867196410292872,-0.18980123195574095,-0.22070171387696322,0.030900481921222273,10.5,9.829999923706056,9.829999923706056,-0.02382108791384463,-0.15059219787887346,0.0019959584007662734,-0.002979119551176579,0.025933342524536804,0.8666123659086702,0.13751494750464002,0.4993781792383813,-0.008812710715301098,-0.06069940093718407,-0.09940816398285324,-0.28114438087793236,1750.157717150294
2025-04-02 17:30:00,10.045000076293944,10.100000381469728,9.960000038146973,9.960000038146973,203366,1h,1H,yfinance,730d,2026-04-02T03:04:46Z,-0.007968119921316186,-0.007968119921316186,10.113145663025195,10.087444925308228,10.658003959655762,10.900798988342284,11.837994074821472,10.113145663025195,10.658003959655762,10.900798988342284,11.837994074821472,0.014114024890785979,0.1740346792687816,418494.7,0.4859464170036084,40.30981760162912,0.14000034332275568,0.21952336319204993,0.022040498228039322,31.58083061410067,13.893596217731282,22.341823131481885,10.087444925308228,0.1740346792687816,10.43551428384579,9.739375566770665,0.06901041068671361,-0.18115162714565436,-0.21279169653070146,0.0316400693850471,10.5,9.829999923706056,9.829999923706056,-0.03300972294095006,-0.16582911321783866,-0.0030029763421940414,-0.0025037175152585744,0.025415496526475595,0.8672070681396878,0.11995138864321356,0.5753198146957674,-0.015143223481704604,-0.0654910548120432,-0.09967821471337457,-0.732295929160346,1750.157717150294
2025-04-02 18:30:00,9.96500015258789,10.050000190734863,9.859999656677246,9.925000190734863,226264,1h,1H,yfinance,730d,2026-04-02T03:04:46Z,-0.003514040891371417,-0.003514040891371417,10.095227046616593,10.087694931030274,10.624803962707519,10.895698986053468,11.807119073867797,10.095227046616593,10.624803962707519,10.895698986053468,11.807119073867797,0.014060202681264695,0.17379739008911024,384133.65,0.5890241586489494,39.256475391245594,0.1900005340576172,0.2174145896824476,0.021905751688086353,31.47339215716473,13.026329311019788,24.23257540626057,10.087694931030274,0.17379739008911024,10.435289711208494,9.740100150852054,0.06891460983995465,-0.1751024758527251,-0.20525385239510618,0.030151376542381092,10.5,9.829999923706056,9.829999923706056,0.006592346482851896,-0.17907360914214743,-0.0025125245235677607,0.0005040437905710071,0.024913354099204595,0.879277499162015,0.10044314260570854,0.6861056718474078,-0.016862112669252083,-0.06586509966950249,-0.10013578280725965,-0.9361172812318599,1750.157717150294
2025-04-02 19:30:00,9.93000030517578,9.989999771118164,9.90999984741211,9.949999809265137,382914,1h,1H,yfinance,730d,2026-04-02T03:04:46Z,0.0025188532040141265,0.0025188532040141265,10.081395881154549,10.077194929122925,10.5922039604187,10.894848985671997,11.776969075202942,10.081395881154549,10.5922039604187,10.894848985671997,11.776969075202942,0.01295517525330169,0.17544765613418334,368145.8,1.04011508483867,40.453402004928435,0.07999992370605469,0.20759925639841953,0.020864247274166723,31.373627875724218,12.667772648558412,23.565560842674955,10.077194929122925,0.17544765613418334,10.428090241391292,9.726299616854558,0.06964146565316218,-0.16637337093017912,-0.1974777561021208,0.031104385171941668,10.5,9.829999923706056,9.829999923706056,-0.011425710473182638,-0.1680602192701377,0.005070759726734986,-0.020669295403627608,0.0248130913973494,0.8408564229282409,0.08757049569415502,0.7952617499892771,-0.013033519706832974,-0.06062988907250777,-0.10060017201529636,-0.72497474551902,1750.157717150294
2025-04-03 13:30:00,9.5,9.65999984741211,9.100000381469728,9.289999961853027,2283901,1h,1H,yfinance,730d,2026-04-02T03:04:46Z,-0.06633164422752424,-0.06633164422752424,10.006024841221071,10.023694944381713,10.54640396118164,10.889598989486695,11.744719076156617,10.006024841221071,10.54640396118164,10.889598989486695,11.744719076156617,0.018485445559005637,0.23431709669605427,453537.2,5.035752304331376,25.927924337310372,0.8499994277954084,0.2534849829267759,0.027285789447539954,33.54378284096044,9.633611644960641,40.745849749262106,10.023694944381713,0.23431709669605427,10.492329137773822,9.555060750989604,0.09350527844121573,-0.21028789625815136,-0.2000397841333269,-0.01024811212482446,10.5,9.829999923706056,9.859999656677246,-0.0783730126817872,-0.21669475288536744,-0.0653923185080465,-0.10328182724741508,0.0248130913973494,1.099652961841534,0.08757049569415502,1.0677714874172721,-0.07155937454985017,-0.11913103309460593,-0.10203012155545887,-3.131205502603177,1750.157717150294
2025-04-03 14:30:00,9.279999732971191,9.329999923706056,9.06999969482422,9.17140007019043,990039,1h,1H,yfinance,730d,2026-04-02T03:04:46Z,-0.012766403891237621,-0.012766403891237621,9.926536767789582,9.963764953613282,10.492431964874267,10.884312992095948,11.712668576240539,9.926536767789582,10.492431964874267,10.884312992095948,11.712668576240539,0.018496498147942454,0.28572166530560417,483872.25,2.0460751779007786,24.243339248983105,0.26000022888183594,0.2539503576378516,0.02768937737906125,35.60741555512078,8.929103528845065,38.60992566358156,9.963764953613282,0.28572166530560417,10.53520828422449,9.392321623002074,0.11470429767694965,-0.2517583801519194,-0.21038350333704542,-0.041374876814874006,10.5,9.100000381469728,9.100000381469728,-0.07491347132709936,-0.23090985966472732,-0.08651393376123928,-0.11558339716452481,0.0248130913973494,1.1159180827431725,0.08757049569415502,1.3098509579934432,-0.07607252310286905,-0.12590330812782813,-0.10418092200111884,-2.773205464049599,1750.157717150294
2025-04-03 15:30:00,9.17140007019043,9.279899597167969,9.109999656677246,9.1899995803833,538592,1h,1H,yfinance,730d,2026-04-02T03:04:46Z,0.0020279902796220828,0.0020279902796220828,9.856390368988984,9.908014917373658,10.444431953430175,10.8715629863739,11.679771575927735,9.856390368988984,10.444431953430175,10.8715629863739,11.679771575927735,0.018577475128382794,0.3203784759733026,489004.95,1.1014039837429048,25.0655977032812,0.16989994049072266,0.2479467564130567,0.026980061777403825,37.52364593255539,8.492070139634276,36.72016969699192,9.908014917373658,0.3203784759733026,10.548771869320262,9.267257965427053,0.12934113589656399,-0.27989673703162943,-0.22428615007596223,-0.0556105869556672,10.5,9.06999969482422,9.06999969482422,-0.07730928261190328,-0.2231614843912616,-0.07730928261190328,-0.10819997008951654,0.0248130913973494,1.0873317373217715,0.08757049569415502,1.4769944474026426,-0.06761002391933857,-0.1201053708464147,-0.10576744711716979,-2.241147239398784,1750.157717150294
2025-04-03 16:30:00,9.199999809265137,9.220000267028809,9.06999969482422,9.09000015258789,570093,1h,1H,yfinance,730d,2026-04-02T03:04:46Z,-0.01088133105129474,-0.01088133105129474,9.783400824569833,9.844014930725098,10.398431949615478,10.856462984085082,11.64827157497406,9.783400824569833,10.398431949615478,10.856462984085082,11.64827157497406,0.01840671002716231,0.34832782232384446,505602.45,1.1275518937853248,23.583501157736606,0.15000057220458807,0.24095060039816607,0.026507216320515496,39.37468331758441,8.114454094198976,36.27311591495296,9.844014930725098,0.34832782232384446,10.540670575372788,9.147359286077409,0.1415389248289925,-0.3067299141600195,-0.2407749028927737,-0.06595501126724579,10.470000267028809,9.06999969482422,9.06999969482422,-0.09281439747392439,-0.2150258883871623,-0.08413098459448476,-0.12343295536132803,0.0248130913973494,1.0682754476673981,0.08757049569415502,1.6162855275288757,-0.07087521858866808,-0.12582972157412364,-0.10729829033552263,-2.1646699741262454,1750.157717150294
2025-04-03 17:30:00,9.100000381469728,9.199999809265137,9.09000015258789,9.100000381469728,517824,1h,1H,yfinance,730d,2026-04-02T03:04:46Z,0.0011001351720538732,0.0011001351720538732,9.71831506808411,9.784764957427978,10.35238395690918,10.843512983322144,11.616221575736999,9.71831506808411,10.35238395690918,10.843512983322144,11.616221575736999,0.018472508338439313,0.36847823559482273,512697.05,1.0099999600153737,24.067033917281478,0.1099996566772461,0.23159696156095752,0.02545021448928254,41.09350374653994,7.839164532518464,35.04252047808278,9.784764957427978,0.36847823559482273,10.521721428617623,9.047808486238333,0.15063345402695522,-0.32345982198046386,-0.25731188671031174,-0.06614793527015211,10.470000267028809,9.06999969482422,9.06999969482422,-0.08908903003396362,-0.21821304870580072,-0.08542707980797293,-0.1152162842511415,0.025172585642035818,1.0110290158982758,0.08757049569415502,1.7201393326931846,-0.06362365104265721,-0.12097537926069779,-0.10879937254878291,-1.8583582687125488,1750.157717150294
2025-04-03 18:30:00,9.100000381469728,9.145000457763672,8.940099716186523,8.946999549865723,1172136,1h,1H,yfinance,730d,2026-04-02T03:04:46Z,-0.016813277493433976,-0.016813277493433976,9.644856447301406,9.717114925384521,10.303123950958252,10.82853298187256,11.582256574630737,9.644856447301406,10.303123950958252,10.82853298187256,11.582256574630737,0.018536425229190842,0.39117625170113673,547575.0,2.1405944391179292,21.79476611472714,0.20490074157714844,0.22969008870497115,0.025672303594607686,42.96122604064679,7.339655876213475,37.47119832068554,9.717114925384521,0.39117625170113673,10.499467428786796,8.934762421982247,0.16102567673836896,-0.34508634234403246,-0.27486677783705593,-0.07021956450697653,10.4399995803833,9.06999969482422,9.06999969482422,-0.1008040481031417,-0.23595221855511417,-0.03692146538167351,-0.13135928308877143,0.025561259041945113,1.0043442520761732,0.08757049569415502,1.8388119818432953,-0.07235534310424507,-0.13162264256428768,-0.1104389818538678,-1.9687170991841705,1750.157717150294
2025-04-03 19:30:00,8.949999809265137,8.970000267028809,8.850099563598633,8.954999923706055,1195917,1h,1H,yfinance,730d,2026-04-02T03:04:46Z,0.0008941962940471893,0.0008941962940471893,9.57915582600661,9.671864938735961,10.255223941802978,10.813432979583741,11.548782572746276,9.57915582600661,10.255223941802978,10.813432979583741,11.548782572746276,0.01665741923202677,0.4230738234287194,580624.4,2.059708479354295,22.208357097313424,0.11990070343017578,0.2218479897567715,0.024773645075025195,44.843007504974956,7.056311957621075,38.9223825387971,9.671864938735961,0.4230738234287194,10.5180125855934,8.825717291878522,0.1749709393621917,-0.3574593829795756,-0.29138529886555986,-0.06607408411401572,10.403499603271484,8.940099716186523,8.940099716186523,-0.09543630661267022,-0.22868215430516614,-0.023595104872563,-0.09178496597191266,0.025172585642035818,0.9841517842988513,0.08757049569415502,1.9980581127836452,-0.0651577146919382,-0.12678650661121793,-0.11200822448557823,-1.6944206314165542,1750.157717150294
2025-04-04 13:30:00,8.699999809265137,8.699999809265137,7.53000020980835,7.53000020980835,3991023,1h,1H,yfinance,730d,2026-04-02T03:04:46Z,-0.1591289476312987,-0.1591289476312987,9.383998148273443,9.545114970207214,10.176823949813842,10.782482981681824,11.509132573604584,9.383998148273443,10.176823949813842,10.782482981681824,11.509132573604584,0.03684027048213914,0.620143039206767,760490.55,5.247958702445414,11.024605921631206,1.424999713897705,0.307787398623981,0.040874819395498356,47.68412476861228,4.722780397075258,56.686395652866864,9.545114970207214,0.620143039206767,10.785401048620749,8.30482889179368,0.2598787091166089,-0.4767549403356792,-0.32845922715958376,-0.14829571317609547,10.199999809265137,8.850099563598633,8.850099563598633,-0.24245467528299613,-0.34521737306014355,-0.18063106054088796,-0.2518628391714659,0.025172585642035818,1.6237831097986735,0.08757049569415502,2.9676514567674728,-0.19757015178079607,-0.26008347526282105,-0.11576099373868542,-3.249435425376093,1750.157717150294
2025-04-04 14:30:00,7.539999961853027,7.75,7.420000076293945,7.699999809265137,2726029,1h,1H,yfinance,730d,2026-04-02T03:04:46Z,0.022576307399746254,0.022576307399746254,9.223617354082176,9.42611496448517,10.102923936843872,10.752682976722717,11.470382573604583,9.223617354082176,10.102923936843872,10.752682976722717,11.470382573604583,0.037553430914589986,0.725488655940051,882243.0,3.0898845329461384,16.43130839092153,0.3299999237060547,0.3093740075584149,0.040178443535304524,50.36938247915648,4.36294843856765,54.90711308759055,9.42611496448517,0.725488655940051,10.877092276365271,7.975137652605067,0.3078632750283565,-0.5512257942581726,-0.37301254057930155,-0.1782132536788711,10.199999809265137,7.53000020980835,7.53000020980835,-0.2330677451672032,-0.3353474506766807,-0.15291532673154307,-0.23611112425146508,0.025172585642035818,1.596119052156897,0.08757049569415502,3.515605028702665,-0.16518655168871665,-0.2378444243072667,-0.11921648018153108,-2.379244859429843,1750.157717150294
2025-04-04 15:30:00,7.699999809265137,7.840000152587891,7.309999942779541,7.460000038146973,1805875,1h,1H,yfinance,730d,2026-04-02T03:04:46Z,-0.031168802215992386,-0.031168802215992386,9.055653800183585,9.3034099817276,10.025123929977417,10.723882975578308,11.43093257188797,9.055653800183585,10.025123929977417,10.723882975578308,11.43093257188797,0.037765247304398,0.8322567016881967,956351.1,1.8882970908905736,15.041657063725566,0.5300002098083496,0.3251330220048388,0.04358351479118762,52.90922188048356,3.854944586226726,50.93054989654863,9.3034099817276,0.8322567016881967,10.967923385103994,7.638896578351208,0.3578286685517648,-0.6224354103349867,-0.4228971145304386,-0.19953829580454813,10.149999618530272,7.420000076293945,7.420000076293945,-0.25100401510290726,-0.35578583011255505,-0.18021981039278612,-0.24753631001010323,0.025172585642035818,1.731388082692916,0.08820591600671274,4.056742277066007,-0.17620525223747663,-0.25586954433153053,-0.12298284790585245,-2.2149535592099783,1750.157717150294
2025-04-04 16:30:00,7.454999923706055,7.630000114440918,7.390100002288818,7.548799991607666,1711135,1h,1H,yfinance,730d,2026-04-02T03:04:46Z,0.011903478955309854,0.011903478955309854,8.912143913652544,9.182849979400634,9.949317932128906,10.689970979690552,11.392626571655274,8.912143913652544,9.949317932128906,10.689970979690552,11.392626571655274,0.03797097337729493,0.9002742854851694,1027717.25,1.6649861622931794,17.811353191516176,0.2399001121520996,0.31904495701535746,0.04226432775673668,55.267644181715845,3.64789771572847,48.19509917009416,9.182849979400634,0.9002742854851694,10.983398550370973,7.382301408430296,0.3921546306450409,-0.664049382081096,-0.4711275680405701,-0.19292181404052589,10.149999618530272,7.309999942779541,7.309999942779541,-0.2394156325906589,-0.3481174402985875,-0.15627580514174066,-0.24208835715907318,0.025172585642035818,1.6789823801874084,0.10410478805908269,3.766922136400499,-0.15297597696513487,-0.2412746237377087,-0.12668796176619213,-1.8150579374955242,1750.157717150294
2025-04-04 17:30:00,7.545000076293945,7.690000057220459,7.460000038146973,7.510000228881836,1053231,1h,1H,yfinance,730d,2026-04-02T03:04:46Z,-0.005139858357482763,-0.005139858357482763,8.778606419864857,9.057349967956544,9.870317935943604,10.6542209815979,11.358876571655273,8.778606419864857,9.870317935943604,10.6542209815979,11.358876571655273,0.03776912956983022,0.9484850048644591,1060069.35,0.9935491484590134,17.542253934292503,0.23000001907348633,0.3126846043052238,0.04163576495014028,57.097089118689,4.826853320262121,45.66290959637691,9.057349967956544,0.9484850048644591,10.954319977685461,7.160379958227626,0.4188796980220692,-0.69218054464001,-0.5153381633604581,-0.17684238127955187,10.149999618530272,7.309999942779541,7.309999942779541,-0.24522609318155442,-0.3673125272715104,-0.16136233468846317,-0.2504990133944599,0.025561259041945113,1.6288620557311937,0.12202271678675682,3.4328009493026665,-0.14451111375859482,-0.2391328954527867,-0.1310480509512878,-1.631390829732546,1750.157717150294
2025-04-04 18:30:00,7.510000228881836,7.579999923706055,7.449999809265137,7.46999979019165,2223759,1h,1H,yfinance,730d,2026-04-02T03:04:46Z,-0.005326289942888751,-0.005326289942888751,8.653977217038838,8.931349968910217,9.794317922592164,10.616621975898743,11.3258265709877,8.653977217038838,9.794317922592164,10.616621975898743,11.3258265709877,0.037740007332345844,0.9829751020594065,1146118.25,1.9402526746258513,17.25285500248897,0.13000011444091797,0.29963571217205914,0.04011187691939302,58.80248171200259,4.6772689467490505,44.48620440200499,8.931349968910217,0.9829751020594065,10.89730017302903,6.965399764791404,0.4402358458603082,-0.7095234500772367,-0.5541752207038139,-0.15534822937342285,10.149999618530272,7.309999942779541,7.309999942779541,-0.19590959947629005,-0.35547888767510494,-0.007968182994011697,-0.2522522561223697,0.02608975995756159,1.5374567257284175,0.13544003036277824,3.2504116004783046,-0.13681309727925461,-0.23731291456642445,-0.13522268231783252,-1.486660420652495,1750.157717150294
2025-04-04 19:30:00,7.46999979019165,7.570000171661377,7.349999904632568,7.439899921417236,2301437,1h,1H,yfinance,730d,2026-04-02T03:04:46Z,-0.004029433684045958,-0.004029433684045958,8.53835080793202,8.805844974517822,9.717015914916992,10.577422971725463,11.292176070213317,8.53835080793202,9.717015914916992,10.577422971725463,11.292176070213317,0.03773968280186738,1.0049016543905436,1245670.7,1.847548473284312,17.02524598862422,0.2200002670288086,0.2939474660903984,0.039509599483215085,60.453508090602554,4.427224165682652,44.53796623029325,8.805844974517822,1.0049016543905436,10.81564828329891,6.796041665736734,0.45647029094811825,-0.7174265883125983,-0.5868254942255708,-0.13060109408702747,10.149999618530272,7.309999942779541,7.309999942779541,-0.18879343780902602,-0.3468042408112143,-0.03377920705074977,-0.25227135034822534,0.026743639048959662,1.4773456750177019,0.14608618942797386,3.1246642323652076,-0.12864906950114252,-0.234343137176925,-0.1394912854264917,-1.3592823209441411,1750.157717150294
2025-04-07 13:30:00,7.25,7.800000190734863,6.789999961853027,7.25,2786475,1h,1H,yfinance,730d,2026-04-02T03:04:46Z,-0.02552452632737323,-0.02552452632737323,8.415650730986112,8.673354959487915,9.637415924072265,10.537222967147827,11.256876068115234,8.415650730986112,9.637415924072265,10.537222967147827,11.256876068115234,0.03777017543118823,1.02638662178434,1367846.25,2.037125883117346,15.624736507746277,1.010000228881836,0.34509409200407254,0.047599185104010004,62.28413245257657,3.5017007206164,46.81822180751636,8.673354959487915,1.02638662178434,10.726128203056595,6.620581715919235,0.47335160457675496,-0.730591415837262,-0.6155786785479092,-0.1150127372893528,10.100000381469728,7.309999942779541,7.309999942779541,-0.21109898465331445,-0.3641689478243364,-0.0281501390178458,-0.2676619952059077,0.027132925612471888,1.754296082326287,0.15582956538266207,3.0376238515096383,-0.13850987502300083,-0.24772365776068617,-0.14386408220572333,-1.3867629695070052,1750.157717150294
2025-04-07 14:30:00,7.244999885559082,7.33519983291626,6.985000133514404,6.989999771118164,1712774,1h,1H,yfinance,730d,2026-04-02T03:04:46Z,-0.0358621005354256,-0.0358621005354256,8.279874449093926,8.525854969024659,9.55721591949463,10.4945729637146,11.219426565170288,8.279874449093926,9.55721591949463,10.4945729637146,11.219426565170288,0.037782336255327446,1.045551555361866,1436494.9,1.1923286327017242,13.934603435855024,0.35019969940185547,0.34545877824677135,0.04942185830594235,63.983997931552445,3.248146685689558,43.428169374564284,8.525854969024659,1.045551555361866,10.61695807974839,6.434751858300927,0.49053217966313817,-0.7533206702948831,-0.643127076897304,-0.11019359339757917,10.100000381469728,6.789999961853027,6.789999961853027,-0.23102314039806304,-0.3873795035410488,-0.0740250398885578,-0.296780677444594,0.0274875834133006,1.7979702894517915,0.16799830805028032,2.9198638090826874,-0.15578432812068954,-0.2686154807008081,-0.14815468830072331,-1.468942578709028,1750.157717150294
2025-04-07 15:30:00,7.0,7.180099964141846,6.889999866485596,6.909900188446045,954170,1h,1H,yfinance,730d,2026-04-02T03:04:46Z,-0.011459168139472786,-0.011459168139472786,8.149400709984604,8.36934998035431,9.474013929367066,10.453471961021423,11.181076066493988,8.149400709984604,9.474013929367066,10.453471961021423,11.181076066493988,0.03730927479195089,1.0414499426853379,1467347.7,0.6502685082751689,13.45184351147465,0.29010009765625,0.34150458677601986,0.04942250647079465,65.60554476672962,3.051059253190575,42.78009410628421,8.36934998035431,1.0414499426853379,10.452249865724985,6.286450094983634,0.4977447209783185,-0.7689333500939872,-0.6682883315366407,-0.10064501855734653,10.100000381469728,6.789999961853027,6.789999961853027,-0.24067034079288285,-0.3911982417439116,-0.07990679389435118,-0.3117629268226887,0.033599488431138164,1.470930325980576,0.2174248242394003,2.28927273010126,-0.1520971376484077,-0.27064703092454956,-0.15267422625291194,-1.4013633609169256,1750.157717150294
2025-04-07 16:30:00,6.900000095367432,6.980000019073486,6.75,6.940000057220459,1182130,1h,1H,yfinance,730d,2026-04-02T03:04:46Z,0.004356049719031141,0.004356049719031141,8.034219695435638,8.218349981307984,9.39221393585205,10.413671960830689,11.145176067352295,8.034219695435638,9.39221393585205,10.413671960830689,11.145176067352295,0.037566544836401136,1.018558129528036,1516285.9,0.779622101610257,14.648492628340364,0.23000001907348633,0.3335399747972675,0.04806051470421078,67.17249056474287,2.9007787686368114,43.67109122432671,8.218349981307984,1.018558129528036,10.255466240364056,6.181233722251912,0.49574823746599717,-0.7700016042783009,-0.6886309860849728,-0.08137061819332814,10.100000381469728,6.789999961853027,6.789999961853027,-0.22432095603216895,-0.3938864477879961,-0.07095043478677177,-0.3032128483293034,0.039810738201304055,1.2072249065363096,0.2838709920724827,1.746385686845433,-0.1361948863356104,-0.26109007901438197,-0.15728438213149631,-1.2550583879585426,1750.157717150294
2025-04-07 17:30:00,6.929999828338623,7.059999942779541,6.800000190734863,6.820000171661377,1187695,1h,1H,yfinance,730d,2026-04-02T03:04:46Z,-0.017291049649809875,-0.017291049649809875,7.91857974079047,8.063099980354309,9.306213941574097,10.375271964073182,11.105776069164277,7.91857974079047,9.306213941574097,10.375271964073182,11.105776069164277,0.037436673250161014,0.982595778065238,1564357.45,0.7592222608713884,13.827652868890326,0.25999975204467773,0.3282871017435111,0.04813593746047358,68.11703737546925,4.477314884115678,41.20058972262665,8.063099980354309,0.982595778065238,10.028291536484785,6.097908424223833,0.48745310387286583,-0.7716362489484645,-0.7052320386576711,-0.06640421029079335,10.050000190734863,6.75,6.75,-0.23841426803285792,-0.40149189138340435,-0.0833209796238461,-0.3128463435166531,0.04014516022734877,1.1990470878151114,0.33284597179006065,1.464500535341681,-0.13873442019786086,-0.2671563092705119,-0.16203839483012372,-1.2651182067366855,1750.157717150294
2025-04-07 18:30:00,6.820000171661377,6.940000057220459,6.760000228881836,6.866000175476074,1762097,1h,1H,yfinance,730d,2026-04-02T03:04:46Z,0.0067448684247601864,0.0067448684247601864,7.818334067903385,7.908899998664856,9.225137948989868,10.337531962394714,11.065331070423126,7.818334067903385,9.225137948989868,10.337531962394714,11.065331070423126,0.037562573151990256,0.9139746591910485,1633316.6,1.0788459506258614,15.775985502446034,0.17999982833862305,0.317695153643162,0.04627077563701543,69.02227110501214,4.29611784184846,40.43253472825187,7.908899998664856,0.9139746591910485,9.736849317046953,6.080950680282759,0.4622512153879006,-0.7604538620017118,-0.7162764033264793,-0.044177458675232484,9.989999771118164,6.75,6.75,-0.08818061299219737,-0.39506608416633504,-0.05296549303778286,-0.3099497178801286,0.04052663146540144,1.1417375183653717,0.37499164959840287,1.2326973570823465,-0.12180777697091871,-0.25572926785036465,-0.16630258143400412,-1.141059889025636,1750.157717150294
2025-04-07 19:30:00,6.869999885559082,7.329999923706055,6.864999771118164,6.949999809265137,2831442,1h,1H,yfinance,730d,2026-04-02T03:04:46Z,0.012234143845363032,0.012234143845363032,7.735635567080695,7.791899991035462,9.150937948226929,10.300131964683533,11.027356069087983,7.735635567080695,9.150937948226929,10.300131964683533,11.027356069087983,0.03635007093902109,0.8787851268107225,1660693.65,1.7049755082763158,19.361423711954785,0.4650001525878906,0.3282169392820712,0.04722546018555581,67.61179366962031,12.348782050879976,36.340917140707234,7.791899991035462,0.8787851268107225,9.549470244656906,6.034329737414017,0.45112751848548355,-0.7363257662625164,-0.7202862759136868,-0.016039490348829677,9.65999984741211,6.75,6.75,-0.09740259981533395,-0.3870765862948645,-0.005722455388096348,-0.25188376342265806,0.04125529217281931,1.1447127798229457,0.40551716433355506,1.112474534159082,-0.10156059589451993,-0.2405150326025588,-0.1701602912887752,-0.9580273448934439,1750.157717150294
2025-04-08 13:30:00,7.690000057220459,9.100000381469728,7.5,8.899999618530273,6116418,1h,1H,yfinance,730d,2026-04-02T03:04:46Z,0.28057551982455675,0.28057551982455675,7.846527381504464,7.778329968452454,9.116137933731078,10.279481959342956,11.00035606622696,7.846527381504464,9.116137933731078,10.279481959342956,11.00035606622696,0.0737252353010324,0.8592568704375386,1917012.6,3.190598747238281,60.93586289260768,2.1500005722045916,0.4583443416336798,0.051499366435857195,64.16787826079724,35.79499667830789,24.164639309242567,7.778329968452454,0.8592568704375386,9.49684370932753,6.059816227577376,0.4418721622366416,-0.5534752703857286,-0.6869240748080951,0.1334488044223665,9.329999923706056,6.75,6.75,0.1930294333806719,-0.22338572522645816,0.28800697199821323,-0.029592041518533452,0.04195004635343848,1.2276355072879674,0.4295577719411887,1.0286675997964225,0.1342596776644167,-0.023709416945202233,-0.17128701299776694,1.3053950322290226,1750.157717150294
2025-04-08 14:30:00,8.899999618530273,8.989999771118164,7.849999904632568,7.994999885559082,3852977,1h,1H,yfinance,730d,2026-04-02T03:04:46Z,-0.10168536761360458,-0.10168536761360458,7.860667619985856,7.718579983711242,9.070837926864623,10.250431962013245,10.968881065845489,7.860667619985856,9.070837926864623,10.250431962013245,10.968881065845489,0.07704265429677792,0.7984103247729444,2082731.85,1.8499630665368658,48.450975284547894,1.1399998664855957,0.5070340219802453,0.06341889046128346,60.96995680974724,30.046398012179438,20.283850758009944,7.718579983711242,0.7984103247729444,9.31540063325713,6.121759334165354,0.413760213126173,-0.4761026352732891,-0.644759786901134,0.1686571516278449,9.279899597167969,6.75,6.75,0.0591087185310879,-0.29059453763806276,0.15201726507782776,-0.13003261690838697,0.04292392127396215,1.4774719685210507,0.4295577719411887,0.9632236689755934,0.017089167494079627,-0.11860404187349527,-0.1730389022897627,0.34621283476819925,1750.157717150294
2025-04-08 15:30:00,7.994999885559082,8.300000190734863,7.989999771118164,8.093099594116211,1417977,1h,1H,yfinance,730d,2026-04-02T03:04:46Z,0.012270132578028115,0.012270132578028115,7.882803998474461,7.6687349557876585,9.030999917984008,10.217362961769105,10.938496563434601,7.882803998474461,9.030999917984008,10.217362961769105,10.938496563434601,0.07710741358772495,0.7402351672571005,2125126.05,0.667243714790471,49.65509900625818,0.3100004196166992,0.492960193239992,0.060911173464166996,58.00045831948652,28.696767740741823,19.372736587411655,7.6687349557876585,0.7402351672571005,9.14920529030186,6.188264621273458,0.38610549016220136,-0.402231760525102,-0.5962541816259277,0.19402242110082568,9.220000267028809,6.75,6.760000228881836,0.07764305558765505,-0.28411327946528764,0.18667146486958264,-0.10967002659376912,0.04492714521410152,1.3557766284479718,0.4295577719411887,0.8988441494548574,0.02667776538430333,-0.10385343067051711,-0.17438380442765833,0.5732835416358447,1750.157717150294
2025-04-08 16:30:00,8.09749984741211,8.109999656677246,7.679999828338623,7.715000152587891,1552090,1h,1H,yfinance,730d,2026-04-02T03:04:46Z,-0.04671874318749314,-0.04671874318749314,7.866822679818598,7.599484944343567,8.987299928665161,10.180812964439392,10.906121566295624,7.866822679818598,8.987299928665161,10.180812964439392,10.906121566295624,0.0776812553369423,0.6639529548418661,2176839.35,0.7130016277958224,45.26627266892045,0.42999982833862305,0.48846302431846567,0.06331341732438171,54.46330881040201,26.89233152404101,22.687758801740827,7.599484944343567,0.6639529548418661,8.9273908540273,6.271579034659835,0.34947260752772896,-0.3699336601403189,-0.550990077328806,0.18105641718848708,9.199999809265137,6.75,6.760000228881836,0.03279790753380385,-0.3130008488805749,0.12365277532969898,-0.1521978209695578,0.04674811791128562,1.3543522210783379,0.4295577719411887,0.8135636935363741,-0.019299091057459528,-0.14156640884090743,-0.1759398724804615,0.17398101386842335,1750.157717150294
2025-04-08 17:30:00,7.715000152587891,8.095000267028809,7.715000152587891,7.954999923706055,1218381,1h,1H,yfinance,730d,2026-04-02T03:04:46Z,0.03110820043699669,0.03110820043699669,7.8752205125697845,7.549884963035583,8.949299936294556,10.148312964439391,10.87439656496048,7.8752205125697845,8.949299936294556,10.148312964439391,10.87439656496048,0.07803145267068216,0.5948975815384291,2179151.6,0.5591079574271014,48.384814079577325,0.38000011444091797,0.48071567361292655,0.06042937501235977,51.17881283768068,25.373897712351923,21.406729670993542,7.549884963035583,0.5948975815384291,8.739680126112441,6.360089799958725,0.31518232897643433,-0.32126783154292493,-0.5050456281716298,0.18377779662870486,9.145000457763672,6.75,6.864999771118164,0.06923480258195402,-0.276818188753995,0.1446043369815837,-0.11087511747718326,0.04741232264478291,1.2745499828199034,0.4295577719411887,0.7337367626992588,0.01013043520609136,-0.11110366393644311,-0.17703020274881054,0.6809826989426109,1750.157717150294
2025-04-08 18:30:00,7.960000038146973,8.109999656677246,7.78000020980835,7.860000133514404,1229158,1h,1H,yfinance,730d,2026-04-02T03:04:46Z,-0.01194214847300612,-0.01194214847300612,7.873770952659748,7.495134973526001,8.90509994506836,10.116112966537475,10.84192156791687,7.873770952659748,8.90509994506836,10.116112966537475,10.84192156791687,0.07804929498913567,0.5069484584077842,2180813.65,0.5636235815013355,47.23750625502234,0.3299994468688965,0.46995022884549587,0.05979010443545238,48.162292445629944,24.329192364051227,20.333027983772297,7.495134973526001,0.5069484584077842,8.50903189034157,6.481238056710433,0.2705480075800668,-0.2870564923261485,-0.4614478010025336,0.17439130867638508,9.100000381469728,6.75,7.5,0.08413794945026276,-0.28997286809417455,-0.11685387972944794,-0.12227803456401165,0.04782984990411039,1.2500583747454777,0.4295577719411887,0.6298291527992838,-0.0017489484045369874,-0.11735969478172237,-0.17864191423224296,0.7197283154472266,1750.157717150294
2025-04-08 19:30:00,7.849999904632568,7.934999942779541,7.760000228881836,7.869999885559082,1735474,1h,1H,yfinance,730d,2026-04-02T03:04:46Z,0.0012722330629537648,0.0012722330629537648,7.873411803412066,7.512134957313537,8.862799949645996,10.081762962341308,10.80879656791687,7.873411803412066,8.862799949645996,10.081762962341308,10.80879656791687,0.06942841326572403,0.5134911351833444,2068036.2,0.8391893720235651,47.37894932133067,0.17499971389770508,0.44888233492065366,0.05703714630851805,45.30461234144927,23.651699881715103,20.08506672756561,7.512134957313537,0.5134911351833444,8.539117227680226,6.485152686946849,0.273419547492782,-0.25618373645387216,-0.4203949880928013,0.16421125163892913,9.100000381469728,6.75,7.679999828338623,0.1258941549722179,-0.2864913802278841,-0.015634771956129834,0.04515267812447865,0.04809822608234218,1.1858471913469908,0.4295577719411887,0.636514027571165,-0.00043334680544782067,-0.11201878297236867,-0.18003823145742825,0.6969252314701933,1750.157717150294
2025-04-09 13:30:00,7.78000020980835,7.889999866485596,7.309999942779541,7.460000038146973,2623729,1h,1H,yfinance,730d,2026-04-02T03:04:46Z,-0.05209655061932483,-0.05209655061932483,7.8340392543392,7.50013496875763,8.813599948883057,10.041062965393067,10.774246568679809,7.8340392543392,8.813599948883057,10.041062965393067,10.774246568679809,0.07034931012909874,0.5117620428933971,2062921.2,1.2718512951439929,42.3643520026456,0.5799999237060547,0.45824787697675373,0.061427329039341436,42.644019778657125,21.513433545317127,25.283546339678974,7.50013496875763,0.5117620428933971,8.523659054544424,6.476610882970835,0.2729348445195614,-0.2617827476129806,-0.38867253999683715,0.12688979238385656,9.100000381469728,6.760000228881836,7.679999828338623,0.07961039012122684,-0.32913668031284293,-0.07822708081209206,-0.031168802215992386,0.04877889788320797,1.259301290209914,0.4295577719411887,0.6353856508896533,-0.04774538447519916,-0.15358082038970078,-0.18197528776594474,-0.0784249851429826,1750.157717150294
2025-04-09 14:30:00,7.449999809265137,7.5,7.224999904632568,7.459000110626221,1282101,1h,1H,yfinance,730d,2026-04-02T03:04:46Z,-0.0001340385409703826,-0.0001340385409703826,7.79832124065225,7.500084972381591,8.75957995414734,10.003652968406676,10.740191566944123,7.79832124065225,8.75957995414734,10.003652968406676,10.740191566944123,0.06997247612932038,0.5117660102446274,2036732.5,0.6294891449908125,42.35257865397254,0.27500009536743164,0.44515874971894503,0.0596807538700481,40.36778509369783,20.564141975515447,25.53177659157313,7.500084972381591,0.5117660102446274,8.523616992870846,6.476552951892336,0.27293877982938114,-0.26326592439042873,-0.3635912168755555,0.10032529248512678,9.100000381469728,6.760000228881836,7.309999942779541,0.0747838687502298,-0.31692885913308366,-0.033182117550029866,-0.0001340385409703826,0.0494221823883685,1.2075701837904664,0.4295577719411887,0.6353948121947832,-0.04351207388805234,-0.1484751381149666,-0.18441119978647846,-0.08028055973418773,1750.157717150294
2025-04-09 15:30:00,7.449999809265137,7.554999828338623,7.369999885559082,7.375,988525,1h,1H,yfinance,730d,2026-04-02T03:04:46Z,-0.011261577876443885,-0.011261577876443885,7.758004932018702,7.491394972801208,8.699879961013794,9.961252970695496,10.707416565418244,7.758004932018702,8.699879961013794,9.961252970695496,10.707416565418244,0.06999337429846846,0.5123403048852123,2000602.0,0.49411377175470184,41.313875630441096,0.18499994277954102,0.4265759777947019,0.05784081054843416,38.09429398458338,20.848066902198504,24.7408645292819,7.491394972801208,0.5123403048852123,8.516075582571633,6.466714363030784,0.27356203043377175,-0.26812863952937604,-0.34449870140631966,0.07637006187694362,9.100000381469728,6.864999771118164,7.224999904632568,0.08137827190163005,-0.3081613409412569,-0.07291011053031482,-0.023023525832037817,0.05046093645332592,1.1462492496930627,0.4295577719411887,0.6368457243772683,-0.049368998263712216,-0.15228715418498784,-0.18749028695569703,-0.2271829323037272,1750.157717150294
2025-04-09 16:30:00,7.369999885559082,8.1899995803833,7.309999942779541,7.990200042724609,1090904,1h,1H,yfinance,730d,2026-04-02T03:04:46Z,0.08341695494570978,0.08341695494570978,7.780118752085931,7.5154049634933475,8.652283964157105,9.92455497264862,10.67766756772995,7.780118752085931,8.652283964157105,9.92455497264862,10.67766756772995,0.07222997661401033,0.5237739259148062,2002485.65,0.5447749400850888,50.82583000914203,0.8799996376037598,0.45896338206677745,0.05744078741616508,36.31972556736788,27.875344590836242,21.352490910683027,7.5154049634933475,0.5237739259148062,8.56295281532296,6.467857111663735,0.27877349442063504,-0.21980707516699471,-0.3195603761584547,0.09975330099145996,9.100000381469728,7.224999904632568,7.224999904632568,0.16373431962089713,-0.24904137359930212,0.01656487366393833,0.0639413847147472,0.05426825637218762,1.0584601617236291,0.4269980294932406,0.6528683393492054,0.02700232442883377,-0.07652128896546162,-0.18968408509869328,0.9064885740579783,1750.157717150294
2025-04-09 17:30:00,8.020000457763672,9.06999969482422,7.965000152587891,8.989999771118164,2966400,1h,1H,yfinance,730d,2026-04-02T03:04:46Z,0.12512824748410534,0.12512824748410534,7.895345515803287,7.591404962539673,8.625983953475952,9.898854966163634,10.651717565059663,7.895345515803287,8.625983953475952,9.898854966163634,10.651717565059663,0.07671500154644184,0.6141510697367082,2039617.7,1.4543902026345428,61.69255851334384,1.10499954223633,0.5051088220788883,0.056185632362487095,36.10040674060403,35.96380931246194,18.01594078092206,7.591404962539673,0.6141510697367082,8.819707102013089,6.3631028230662565,0.3236033765909105,-0.09968727204636085,-0.2755857553360359,0.17589848328967506,9.100000381469728,7.224999904632568,7.224999904632568,0.29352518242280756,-0.1237817182682539,0.14231256694351502,0.20348059218453018,0.05661138933550257,0.9924793053480412,0.3999328516441872,0.8091442732461858,0.13864551628853006,0.04219991824764846,-0.19017905790411027,2.277281401102307,1750.157717150294
2025-04-09 18:30:00,8.979999542236328,9.039999961853027,8.65999984741211,8.880000114440918,1296730,1h,1H,yfinance,730d,2026-04-02T03:04:46Z,-0.012235779697196247,-0.012235779697196247,7.989122144244966,7.663409972190857,8.596183958053588,9.872354969978332,10.626667563915253,7.989122144244966,8.596183958053588,9.872354969978332,10.626667563915253,0.07682127149830416,0.6737009718300618,1989382.35,0.6518254271231471,60.11845747283201,0.38000011444091797,0.4961724858190333,0.055875279214483674,35.8967535443233,33.99642728229844,17.030387836824065,7.663409972190857,0.6737009718300618,9.010811915850981,6.316008028530733,0.3516455333982142,-0.013215179284546963,-0.22311164012573814,0.20989646084119118,9.100000381469728,7.224999904632568,7.224999904632568,-0.0022471353872549615,-0.11948437472960705,0.1903485347228855,0.19356445761831642,0.05661138933550257,0.9869971373312109,0.3688755117802078,0.953290533440832,0.1115113718517502,0.03301652893565965,-0.19107435079239088,1.805831063216783,1750.157717150294
2025-04-09 19:30:00,8.880000114440918,9.005000114440918,8.694999694824219,8.710000038146973,1820717,1h,1H,yfinance,730d,2026-04-02T03:04:46Z,-0.01914415248908452,-0.01914415248908452,8.057777181759443,7.736409974098206,8.564683961868287,9.842604966163636,10.597217562198638,8.057777181759443,8.564683961868287,9.842604966163636,10.597217562198638,0.07667978773156639,0.7033961524054962,1941094.45,0.937984753910352,57.6694608538148,0.3100004196166992,0.4828744810902951,0.05543909058271661,35.70764700491977,32.43747339030193,16.249435497921947,7.736409974098206,0.7033961524054962,9.143202278909198,6.329617669287213,0.3636809087214837,0.04112295202715366,-0.1702647216951598,0.21138767372231346,9.100000381469728,7.224999904632568,7.224999904632568,0.08943091467447739,-0.12020198244815317,0.1677168399204816,0.20137931560647893,0.05661138933550257,0.9792921748336111,0.35766322105984893,1.016825011092286,0.08094327277552171,0.016966892990525118,-0.19179879892063434,1.3841276508540075,1750.157717150294
2025-04-10 13:30:00,8.510000228881836,8.520000457763672,7.779500007629395,7.889999866485596,2328883,1h,1H,yfinance,730d,2026-04-02T03:04:46Z,-0.09414468060505654,-0.09414468060505654,8.0417983898286,7.781409978866577,8.5164839553833,9.805104961395264,10.561017560958863,8.0417983898286,8.5164839553833,9.805104961395264,10.561017560958863,0.07949402130019909,0.6826889701659502,1971899.9,1.181035102238202,47.59750037412008,0.9305000305175772,0.5148477346208152,0.06525319940849902,33.33817049868236,28.24995652852826,26.85310713480518,7.781409978866577,0.6826889701659502,9.146787919198477,6.416032038534677,0.35093329975932663,0.0178138052923682,-0.13264901629765422,0.15046282159002242,9.100000381469728,7.224999904632568,7.309999942779541,-0.025095419285124265,-0.19939114835360294,0.06983049037092814,0.12875538266626618,0.05723896686234156,1.1400135779080625,0.35128941657877044,0.9989862580463936,-0.018876191118519126,-0.07356135374407669,-0.1935924823317815,0.15906202145410694,1750.157717150294
2025-04-10 14:30:00,7.880000114440918,8.069999694824219,7.695000171661377,7.695000171661377,798155,1h,1H,yfinance,730d,2026-04-02T03:04:46Z,-0.0247147906367553,-0.0247147906367553,8.008769988098388,7.820664978027343,8.473183965682983,9.763854966163635,10.523492562770844,8.008769988098388,8.473183965682983,9.763854966163635,10.523492562770844,0.07971636522776346,0.6533912625879336,1964099.15,0.40637205102400253,45.55973587825167,0.3749995231628418,0.5048585766595314,0.06560865047395192,30.973897011644393,26.75113223009602,26.62391724040669,7.820664978027343,0.6533912625879336,9.12744750320321,6.513882452851476,0.3341870618028917,-0.016206884246985354,-0.10936058988752045,0.0931537056405351,9.100000381469728,7.224999904632568,7.309999942779541,-0.0025923500364163354,-0.23584901639903189,-0.036945241606563206,0.11361958375724268,0.057640798982299624,1.1382328425756048,0.3502029536435278,0.9542668282091683,-0.039178277925735916,-0.09184077640392418,-0.1948315718244793,-0.19232703827142844,1750.157717150294
2025-04-10 15:30:00,7.692200183868408,7.739999771118164,7.460000038146973,7.53000020980835,971646,1h,1H,yfinance,730d,2026-04-02T03:04:46Z,-0.021442489690991606,-0.021442489690991606,7.96317286635648,7.850164985656738,8.422483978271485,9.719754972457885,10.484242563247681,7.96317286635648,8.422483978271485,9.719754972457885,10.484242563247681,0.07997783540872126,0.6256961377644262,1953574.95,0.49736817110600234,43.84907138473778,0.2799997329711914,0.4887972306817928,0.06491330903883646,29.194567023827137,25.656563560755774,28.968641132663436,7.850164985656738,0.6256961377644262,9.10155726118559,6.598772710127886,0.31881935674353523,-0.0558389669199757,-0.0986562652940115,0.042817298374035806,9.100000381469728,7.224999904632568,7.695000171661377,-0.05342548308909445,-0.24586875626251725,-0.16240262497005842,0.08501443050768387,0.05876078220924113,1.1047046448035156,0.34182983466531036,0.9326844073036955,-0.05439699273366738,-0.10596443647332365,-0.19665307937491383,-0.5116937064568072,1750.157717150294
2025-04-10 16:30:00,7.53000020980835,7.940000057220459,7.520100116729736,7.679999828338623,813055,1h,1H,yfinance,730d,2026-04-02T03:04:46Z,0.019920267510071143,0.019920267510071143,7.936204005592875,7.8931649684906,8.374483976364136,9.675654969215394,10.447192561626434,7.936204005592875,8.374483976364136,9.675654969215394,10.447192561626434,0.07982385435768602,0.5814056158381664,1934842.95,0.4202175685628645,45.83998940875648,0.41989994049072266,0.483875995668145,0.0630046883442209,27.12959520248822,27.018606607863788,27.173031927501235,7.8931649684906,0.5814056158381664,9.055976200166933,6.730353736814267,0.2946375088619732,-0.07428762090443364,-0.09378253641609594,0.019494915511662297,9.100000381469728,7.224999904632568,7.460000038146973,-0.022900801796207904,-0.22580647487173933,-0.13513516561230887,0.12609965323032335,0.059735429152750236,1.054728981407513,0.3288952191969011,0.8958400477252948,-0.03228296261962227,-0.082928589986631,-0.1983986198240052,-0.366637566520017,1750.157717150294
2025-04-10 17:30:00,7.675000190734863,7.970600128173828,7.660099983215332,7.860000133514404,946691,1h,1H,yfinance,730d,2026-04-02T03:04:46Z,0.02343754026029976,0.02343754026029976,7.928946493966354,7.942864966392517,8.333401985168457,9.634654970169068,10.413552560806274,7.928946493966354,8.333401985168457,9.634654970169068,10.413552560806274,0.07988464688924664,0.5318496216509213,1894072.65,0.49981768122780296,48.21292310610487,0.3105001449584961,0.4714920063317415,0.05998625932858929,25.23514191536415,26.211249461156598,25.894835684943253,7.942864966392517,0.5318496216509213,9.00656420969436,6.879165723090675,0.26783767514681867,-0.07353611326109011,-0.08973325178509478,0.016197138524004673,9.100000381469728,7.224999904632568,7.460000038146973,-0.0012706165425778737,-0.22637792799608614,-0.09758896680939666,0.14477132721153896,0.05988818188202083,1.0016376761405392,0.32121136666722283,0.8338362304105519,-0.008695526007700405,-0.056807754203697325,-0.19975417260262618,-0.15580500484496193,1750.157717150294
2025-04-10 18:30:00,7.860000133514404,7.880000114440918,7.659999847412109,7.664999961853027,838089,1h,1H,yfinance,730d,2026-04-02T03:04:46Z,-0.02480918172379054,-0.02480918172379054,7.90380872900318,7.978614974021911,8.287501983642578,9.592704973220826,10.379508562088013,7.90380872900318,8.287501983642578,9.592704973220826,10.379508562088013,0.08023291270965717,0.4859602288564714,1794405.0,0.4670567681209092,45.86833645398812,0.2200002670288086,0.4535283106672463,0.05916872967049631,23.475781415152927,25.303055742676378,24.999182480741847,7.978614974021911,0.4859602288564714,8.950535431734854,7.0066945163089684,0.24363137233153415,-0.08766487608603235,-0.0893195766452823,0.001654700559249947,9.100000381469728,7.309999942779541,7.460000038146973,0.027479882393804278,-0.26013511429869907,-0.02851709866159846,0.10287772262018113,0.05988818188202083,0.9879867414752741,0.31700084285998475,0.7685511815473091,-0.03021439097758516,-0.07511334814980575,-0.2015516019791782,-0.6453511903779897,1750.157717150294
2025-04-10 19:30:00,7.664999961853027,7.809999942779541,7.610000133514404,7.804999828338623,1450074,1h,1H,yfinance,730d,2026-04-02T03:04:46Z,0.018264822854839213,0.018264822854839213,7.894398357511317,7.9238649845123295,8.243201971054077,9.551504969596863,10.344658563137054,7.894398357511317,8.243201971054077,9.551504969596863,10.344658563137054,0.050512405942963676,0.4384283413086751,1561087.8,0.9288868954071642,47.8298974904263,0.19999980926513672,0.43541913199566706,0.05578720583884377,21.874930724690845,24.472885790079534,24.99920539164498,7.9238649845123295,0.4384283413086751,8.800721667129679,7.047008301894979,0.22132045014174748,-0.08656730916557098,-0.08876912314934005,0.002201813983769063,9.100000381469728,7.309999942779541,7.460000038146973,0.046386876602868776,-0.24734812782326,0.01429495181590057,-0.123033689564638,0.05988818188202083,0.9315227827210393,0.30490991891920377,0.7258551998775541,-0.011324299221312284,-0.053159214617595985,-0.20314412305220664,-0.2711164972111588,1750.157717150294
2025-04-11 13:30:00,7.789999961853027,8.09000015258789,7.75,8.010000228881836,1554792,1h,1H,yfinance,730d,2026-04-02T03:04:46Z,0.02626526650249139,0.02626526650249139,7.9054080595466045,7.924615001678466,8.203601980209351,9.513304972648621,10.312708566188812,7.9054080595466045,8.203601980209351,9.513304972648621,10.312708566188812,0.04577743238928782,0.43856219997362944,1446178.55,1.075103762256742,50.649904706199514,0.3400001525878906,0.42860349060939734,0.05350854910889668,20.89263125140575,27.752513116152862,23.58268908862124,7.924615001678466,0.43856219997362944,8.801739401625726,7.047490601731208,0.22136706950722035,-0.0683675617154309,-0.08468881086255822,0.01632124914712732,9.06999969482422,7.460000038146973,7.460000038146973,0.08610172595007937,-0.22270742438903757,0.06374502067719101,0.0018762155769191935,0.059735429152750236,0.8957590138353116,0.28670550164130415,0.7721061097187162,0.01323045800386291,-0.02359960317365062,-0.20451529027925464,0.19469353995511623,1750.157717150294
2025-04-11 14:30:00,8.0,8.130000114440918,7.855000019073486,7.910099983215332,1151524,1h,1H,yfinance,730d,2026-04-02T03:04:46Z,-0.012471940425955452,-0.012471940425955452,7.9058549094198165,7.915465021133423,8.162803983688354,9.476605973243714,10.280709064006805,7.9058549094198165,8.162803983688354,9.476605973243714,10.280709064006805,0.045793761044995926,0.4368572564297618,1432855.9,0.8036565295924036,49.25271544531458,0.27500009536743164,0.4176318195206855,0.05279728706424324,20.071005483251017,27.131332415394276,22.47350264303821,7.915465021133423,0.4368572564297618,8.789179533992947,7.0417505082739,0.22076138559814276,-0.061298633177004014,-0.08001077532544738,0.01871214214844337,9.06999969482422,7.460000038146973,7.520100116729736,-0.010024787750115394,-0.23721310795473827,0.02996095833591772,-0.02261180759889847,0.0594247417702722,0.8884731425228606,0.2761677624272034,0.7993742052218512,0.0005369531624539459,-0.03095798955579454,-0.20600768557232363,-0.012280986155379954,1750.157717150294
2025-04-11 15:30:00,7.909999847412109,8.069999694824219,7.894999980926514,7.97790002822876,406641,1h,1H,yfinance,730d,2026-04-02T03:04:46Z,0.008571325919684236,0.008571325919684236,7.912716349306383,7.928610014915466,8.124365978240967,9.439984970092773,10.250348563194274,7.912716349306383,8.124365978240967,9.439984970092773,10.250348563194274,0.044548893843410015,0.4345768861355946,1375583.45,0.29561347223245527,50.255640676930774,0.17499971389770508,0.4003009548333298,0.05017623101529438,19.308067269964482,26.284117097406767,21.771734834642203,7.928610014915466,0.4345768861355946,8.797763787186655,7.059456242644277,0.21924492959954364,-0.0496531883304181,-0.07393925792644153,0.024286069596023432,9.06999969482422,7.460000038146973,7.610000133514404,-0.11258061942792696,-0.2243169522033447,0.014999986350081596,0.034076457607415955,0.05850477010946523,0.8576434181591047,0.2734907889632769,0.8016537976676898,0.008237838441926604,-0.018027985248877054,-0.20740588203868804,0.11342069697170779,1750.157717150294
2025-04-11 16:30:00,7.96999979019165,8.149999618530273,7.96999979019165,8.085000038146973,539976,1h,1H,yfinance,730d,2026-04-02T03:04:46Z,0.013424586612924783,0.013424586612924783,7.9291243196721535,7.935110020637512,8.08726598739624,9.403734970092774,10.221073565483094,7.9291243196721535,8.08726598739624,9.403734970092774,10.221073565483094,0.044148977243787586,0.43589320996425457,1341663.2,0.40246762376727635,51.87365672813836,0.17999982833862305,0.3845651600837079,0.047565263855193204,18.80025034509434,26.891269602613367,21.043842484744502,7.935110020637512,0.43589320996425457,8.806896440566021,7.063323600709003,0.2197288802955927,-0.03141982547046762,-0.06543537143524675,0.034015545964779126,9.06999969482422,7.460000038146973,7.610000133514404,-0.08952703446490873,-0.2150485545214208,0.05479453077419327,0.01634193786143423,0.057640798982299624,0.8252013277921352,0.2731791636610816,0.8043398235459799,0.019658629653225512,-0.0002801873034470326,-0.20876550436862062,0.343868668020207,1750.157717150294
2025-04-11 17:30:00,8.074999809265137,8.300000190734863,8.069999694824219,8.295000076293945,1416034,1h,1H,yfinance,730d,2026-04-02T03:04:46Z,0.02597403056971448,0.02597403056971448,7.96396962982661,7.956860017776489,8.05236598968506,9.37058497428894,10.194648566246032,7.96396962982661,8.05236598968506,9.37058497428894,10.194648566246032,0.044333361254162415,0.44240682179215246,1351007.0,1.0481322450586859,54.966708708707124,0.23000049591064453,0.3735248269284891,0.04503011735900709,18.698136072782393,28.57695825619681,20.118278800921733,7.956860017776489,0.44240682179215246,8.841673661360794,7.072046374192184,0.22240271705359527,-2.4226734047338994e-05,-0.05235314249500687,0.05232891576095953,9.06999969482422,7.460000038146973,7.610000133514404,-0.047646378878927975,-0.15872207250265713,0.0627803022078508,0.055343503230329105,0.05723896686234156,0.7867038807199913,0.2731791636610816,0.8141276738423511,0.04156601065222065,0.030132024167765836,-0.21013795253854683,0.7643192687393002,1750.157717150294
2025-04-11 18:30:00,8.300000190734863,8.489999771118164,8.29010009765625,8.34000015258789,1514803,1h,1H,yfinance,730d,2026-04-02T03:04:46Z,0.005424963939729244,0.005424963939729244,7.99978206056578,7.98036003112793,8.019965991973876,9.33898497581482,10.167948565483094,7.99978206056578,8.019965991973876,9.33898497581482,10.167948565483094,0.04433141181242828,0.44959329327453174,1339973.45,1.1304723985389413,55.62485538951862,0.19989967346191406,0.3611230302523052,0.04330012273923631,19.042294789086885,31.20515504020816,19.322816347484622,7.98036003112793,0.44959329327453174,8.879546617676993,7.081173444578866,0.2253498797151322,0.028163490347669295,-0.03624981592647163,0.06441330627414094,9.06999969482422,7.460000038146973,7.75,0.05703425775883275,-0.17138594135239082,0.041198491170595375,0.059720492231674305,0.05681320988932609,0.7621488527683316,0.2729368121744713,0.8256485371825925,0.04252842008024027,0.03990467801662678,-0.21125033822465678,0.7999232347097238,1750.157717150294
2025-04-11 19:30:00,8.335000038146973,8.350000381469727,8.199999809265137,8.274999618530273,1006924,1h,1H,yfinance,730d,2026-04-02T03:04:46Z,-0.007793828881099918,-0.007793828881099918,8.025993256562398,8.021110010147094,7.986965980529785,9.305884971618653,10.13827356338501,8.025993256562398,7.986965980529785,9.305884971618653,10.13827356338501,0.04255070823130187,0.4373505079176777,1259133.2,0.7996961719379649,54.38838553630818,0.15000057220458984,0.34604285467746837,0.041817869562503884,19.03902003173389,30.238967708929515,20.584343692141893,8.021110010147094,0.4373505079176777,8.89581102598245,7.146408994311739,0.21809974298540136,0.04474170482763462,-0.020051511775650382,0.064793216603285,9.06999969482422,7.520100116729736,7.855000019073486,0.07537354566993759,-0.1790674919481695,0.04613084993732475,0.10924927295117581,0.05603045578848538,0.7463417702751889,0.2703882274880999,0.8066170077430616,0.031024990179785883,0.03606296041608825,-0.21219663973408676,0.5805174654809568,1750.157717150294
2025-04-14 13:30:00,8.539999961853027,9.06999969482422,8.289999961853027,8.545000076293945,1759826,1h,1H,yfinance,730d,2026-04-02T03:04:46Z,0.03262845561455463,0.03262845561455463,8.075422477489212,8.075410008430481,7.958865985870362,9.27553497314453,10.11019856452942,8.075422477489212,7.958865985870362,9.27553497314453,10.11019856452942,0.04290894142333767,0.4315688126772764,1283019.45,1.3716284659597329,58.5136528289842,0.7950000762939471,0.378111227650074,0.04424941185185626,20.42169324894451,39.29902845913084,17.492933846681147,8.075410008430481,0.4315688126772764,8.938547633785033,7.212272383075928,0.21376936265860516,0.0787589554830852,-0.00028941832390326445,0.07904837380698847,9.06999969482422,7.610000133514404,7.894999980926514,0.13479413521974237,-0.1380962124003926,0.07108387496190427,0.14559591762448032,0.05583124252666372,0.7925564585227305,0.2557345237391764,0.8359034186429538,0.05814898231191146,0.07364542781147043,-0.21278836067639506,1.0881000991483134,1750.157717150294
2025-04-14 14:30:00,8.538999557495117,8.640000343322754,8.380000114440918,8.420000076293945,1284593,1h,1H,yfinance,730d,2026-04-02T03:04:46Z,-0.014628437552245632,-0.014628437552245632,8.108239391661092,8.127660012245178,7.941465988159179,9.24393497467041,10.081698565483093,8.108239391661092,7.941465988159179,9.24393497467041,10.081698565483093,0.04298961703956502,0.40611572725648815,1297822.85,0.9898061203037071,55.988956113733366,0.26000022888183594,0.369674727738057,0.04390436156632067,21.70560409349723,37.32475300105689,16.614136804175903,8.127660012245178,0.40611572725648815,8.939891466758155,7.315428557732202,0.1998684623346115,0.09454159966632325,0.01867678527414204,0.0758648143921812,9.06999969482422,7.610000133514404,7.96999979019165,0.09635420110620019,-0.15461846947337354,0.04143476024321102,0.14169492559917907,0.055613148210780186,0.7894601003330745,0.23449062602333318,0.8523516087791221,0.03844986187179966,0.06025765127600691,-0.2122888879708692,0.7198442326370087,1750.157717150294
2025-04-14 15:30:00,8.40999984741211,8.470000267028809,8.229999542236328,8.354999542236328,398473,1h,1H,yfinance,730d,2026-04-02T03:04:46Z,-0.007719778321691795,-0.007719778321691795,8.131740358382544,8.145899987220764,7.925137977600098,9.208784971237183,10.052973561286926,8.131740358382544,7.925137977600098,9.208784971237183,10.052973561286926,0.039385827558798915,0.4077213364195653,1263201.3,0.3154469521207744,54.66803446129204,0.24000072479248047,0.3604122989562301,0.0431373212092075,22.35706041587303,35.549411696727574,18.796687252558904,8.145899987220764,0.4077213364195653,8.961342660059895,7.330457314381633,0.20020935049985694,0.1006442942478376,0.035070287068881156,0.06557400717895645,9.06999969482422,7.610000133514404,8.069999694824219,0.06297702294065965,-0.16616774844927995,0.0072332086064537116,0.0456558656305337,0.05447381984580664,0.7918908813685512,0.22387629838436374,0.8942856030079879,0.027455276978148868,0.054240262548261864,-0.21166230774553374,0.5128491848177172,1750.157717150294
2025-04-14 16:30:00,8.354999542236328,8.5600004196167,8.349499702453613,8.550000190734863,363616,1h,1H,yfinance,730d,2026-04-02T03:04:46Z,0.02333939667055218,0.02333939667055218,8.171574628130383,8.123900008201598,7.912337989807129,9.178384971618652,10.026773562431336,8.171574628130383,7.912337989807129,9.178384971618652,10.026773562431336,0.028288279120291453,0.37187674780784236,1133062.1,0.32091444943750214,57.8785983558363,0.21050071716308594,0.3497043288281484,0.04090109017858299,23.13066336655075,35.859232323725934,17.98851143479783,8.123900008201598,0.37187674780784236,8.867653503817284,7.380146512585914,0.18310257262271026,0.11983427142984304,0.052023083941073536,0.0678111874887695,9.06999969482422,7.75,8.199999809265137,0.11545991301843217,-0.14414410544296985,0.025179860228397022,-0.04894322487046898,0.05315291808656996,0.7694984894708422,0.2218848932804078,0.8252142357042476,0.04630999285030857,0.08059086982244534,-0.210878959164556,1.145810231602437,1750.157717150294
2025-04-14 17:30:00,8.5600004196167,8.720000267028809,8.520000457763672,8.710000038146973,619034,1h,1H,yfinance,730d,2026-04-02T03:04:46Z,0.01871343202839837,0.01871343202839837,8.222853238608153,8.115400004386903,7.904737987518311,9.151584968566894,10.00014856338501,8.222853238608153,7.904737987518311,9.151584968566894,10.00014856338501,0.028536517253934735,0.3561058258687024,1099177.3,0.5631793888028801,60.35936313235178,0.19999980926513672,0.33901114885936184,0.03892206054817486,24.14178885987396,37.71929443710117,17.230487722086792,8.115400004386903,0.3561058258687024,8.827611656124308,7.403188352649498,0.17552102209439044,0.14626704170582983,0.0708718754940248,0.07539516621180503,9.06999969482422,7.855000019073486,8.199999809265137,0.1159513426922123,-0.12462309496363144,0.052568028963119184,-0.01914415248908452,0.051486759039768806,0.755962528503904,0.2213437598244839,0.7929793107046301,0.05924303710682266,0.10187080860873343,-0.20953794462003583,1.6697284643113406,1750.157717150294
2025-04-14 18:30:00,8.710000038146973,8.75,8.574999809265137,8.574999809265137,393018,1h,1H,yfinance,730d,2026-04-02T03:04:46Z,-0.01549945215735693,-0.01549945215735693,8.25639100724215,8.10864999294281,7.894237976074219,9.1233109664917,9.97452356338501,8.25639100724215,7.894237976074219,9.1233109664917,9.97452356338501,0.028428595820003746,0.3459045180219058,1027792.35,0.3823904702151169,57.29326557748771,0.17500019073486328,0.3272960804218977,0.038168639965246415,25.135503745542447,36.93343752405859,16.57242505602854,8.10864999294281,0.3459045180219058,8.800459028986623,7.416840956898999,0.17063482494519142,0.1545403672054917,0.08760557383631817,0.06693479336917352,9.06999969482422,7.894999980926514,8.229999542236328,0.0705367745616372,-0.13382093083766178,0.0035107937628249264,-0.01549945215735693,0.04887074743524379,0.7810119952804444,0.22104091786994512,0.7719603528139013,0.038589354809324794,0.08623528138550718,-0.20855989502568406,1.3482038887181949,1750.157717150294
2025-04-14 19:30:00,8.59000015258789,8.619999885559082,8.46500015258789,8.46500015258789,1186307,1h,1H,yfinance,730d,2026-04-02T03:04:46Z,-0.012827948585887206,-0.012827948585887206,8.276258544894127,8.137400007247924,7.884597988128662,9.093860969543456,9.948473563194275,8.276258544894127,7.884597988128662,9.093860969543456,9.948473563194275,0.01896504150217076,0.35040298256348873,970663.55,1.2221608609904018,54.848444162133866,0.1549997329711914,0.31498919846113294,0.03721077292182157,25.60373968849771,35.63528122856272,18.48433737613929,8.137400007247924,0.35040298256348873,8.838205972374903,7.436594042120947,0.172243213926506,0.15048627221011301,0.10018171351107714,0.05030455869903587,9.06999969482422,7.96999979019165,8.229999542236328,0.0701508413989731,-0.14839029075074994,0.0053444270648690395,0.07287709706368029,0.04629769060710015,0.8037284891293255,0.22024513294686773,0.7820523051833259,0.02280518505674345,0.07361214425048734,-0.20745650696617424,0.9349239636697699,1750.157717150294
2025-04-15 13:30:00,8.399999618530273,8.729999542236328,8.369999885559082,8.409500122070312,1121135,1h,1H,yfinance,730d,2026-04-02T03:04:46Z,-0.006556412228842179,-0.006556412228842179,8.288948218910907,8.173125004768371,7.873687992095947,9.064455966949463,9.92082106590271,8.288948218910907,7.873687992095947,9.064455966949463,9.92082106590271,0.017992583457492377,0.33973816041110294,986812.55,1.1361174926281592,53.60553392211997,0.3599996566772461,0.31820423119085534,0.03783866181959428,26.26926333403436,35.22478041518096,16.990607775316324,8.173125004768371,0.33973816041110294,8.852601325590577,7.493648683946166,0.16627087446375402,0.14116769082247238,0.1083789089733562,0.03278878184911618,9.06999969482422,8.069999694824219,8.229999542236328,0.0540994613011434,-0.16240038306551774,0.006523109852786035,0.09285249310847932,0.044639764605431675,0.8476447435161911,0.21948690494756817,0.7575434830769217,0.01454369118682286,0.0680509731287604,-0.20634714205688487,0.6957567469486313,1750.157717150294
2025-04-15 14:30:00,8.390000343322754,8.5,8.239999771118164,8.380000114440918,879751,1h,1H,yfinance,730d,2026-04-02T03:04:46Z,-0.003507938308006331,-0.003507938308006331,8.297619828009003,8.215625,7.8906879901885985,9.03375597000122,9.89212106704712,8.297619828009003,7.8906879901885985,9.03375597000122,9.89212106704712,0.01709637573834811,0.30834259923065255,982217.8,0.8956781276006197,52.919095700986,0.26000022888183594,0.31404680245449684,0.037475751571090385,26.340151012817532,33.14173080540493,18.942648378043177,8.215625,0.30834259923065255,8.832310198461304,7.598939801538695,0.15012496272926398,0.12990478239365721,0.1126840836574164,0.01722069873624081,9.06999969482422,8.199999809265137,8.349499702453613,0.036487331465932415,-0.15863452988500282,-0.019883049415386544,0.1128817902986754,0.044076886709088464,0.8502359029673265,0.2186723362924725,0.6865292852063054,0.009928182796931306,0.062011338537366845,-0.2023259787555315,0.5330924590084276,1750.157717150294
2025-04-15 15:30:00,8.380000114440918,8.51990032196045,8.375,8.449999809265137,364092,1h,1H,yfinance,730d,2026-04-02T03:04:46Z,0.008353185425808096,0.008353185425808096,8.312132207176253,8.254124999046326,7.905687990188599,9.004305963516236,9.863521065711975,8.312132207176253,7.905687990188599,9.004305963516236,9.863521065711975,0.016791963102715204,0.2863472889845253,959769.65,0.379353525088025,54.41089899269754,0.14490032196044922,0.3019649109906363,0.035735493231555115,26.454148378099323,32.47651272267213,18.29337808469368,8.254124999046326,0.2863472889845253,8.826819577015376,7.681430421077275,0.13876566638746549,0.1251841912471594,0.11518410517536501,0.010000086071794395,9.06999969482422,8.199999809265137,8.239999771118164,0.0186859230314127,-0.14861464515100575,-0.029850772415972338,0.10026041642413475,0.043602242152778484,0.8195792571019866,0.21593455282200325,0.6426283546285955,0.01658631006492617,0.06885065787469213,-0.19849230943798413,0.6840463233070679,1750.157717150294
2025-04-15 16:30:00,8.460000038146973,8.5,8.399999618530273,8.45199966430664,360833,1h,1H,yfinance,730d,2026-04-02T03:04:46Z,0.00023666924102316855,0.00023666924102316855,8.325452917379147,8.283724975585937,7.925527982711792,8.975325956344605,9.834631066322327,8.325452917379147,7.925527982711792,8.975325956344605,9.834631066322327,0.016266442798410892,0.27442596446711826,930476.75,0.3877936767361463,54.45529988172905,0.10000038146972656,0.2875388731677142,0.034020218242791715,26.560003074432412,31.66974884676424,17.83894392998368,8.283724975585937,0.27442596446711826,8.832576904520174,7.734873046651701,0.13251331509721312,0.12021865452603997,0.1161910150455,0.0040276394805399685,9.06999969482422,8.229999542236328,8.239999771118164,0.01342919780211238,-0.1505527812737849,-0.014344040547452419,0.07531800518272225,0.0432187219742219,0.7871639115817285,0.20698935657923107,0.6401938596610395,0.015199983494391223,0.06642733238003307,-0.19412045767004527,0.6131879286548577,1750.157717150294
2025-04-15 17:30:00,8.460000038146973,8.475000381469727,8.3149995803833,8.354999542236328,289481,1h,1H,yfinance,730d,2026-04-02T03:04:46Z,-0.01147658849064448,-0.01147658849064448,8.32826688165126,8.318224954605103,7.941651973724365,8.945484952926636,9.821506066322327,8.32826688165126,7.941651973724365,8.945484952926636,9.821506066322327,0.01532770237040625,0.23501560050985096,903046.35,0.320560511650371,51.81909645110657,0.16000080108642578,0.2784290108761936,0.03332483855548702,26.257005013417356,30.369806007335526,19.28731478288267,8.318224954605103,0.23501560050985096,8.788256155624806,7.848193753585401,0.11301238030584529,0.10722036212039754,0.11439688446047952,-0.007176522340081981,9.06999969482422,8.229999542236328,8.239999771118164,0.009667664941870324,-0.10064590134080043,-0.012994755861632568,0.09001951517511708,0.04247759538585569,0.7845274256410385,0.2000389064172342,0.5649520002380336,0.003209870788839053,0.05204805875144847,-0.19140181555697744,0.15647721917798144,1750.157717150294
2025-04-15 18:30:00,8.354999542236328,8.430000305175781,8.345000267028809,8.41759967803955,424596,1h,1H,yfinance,730d,2026-04-02T03:04:46Z,0.007492536114067416,0.007492536114067416,8.336774767021573,8.34885494709015,7.95980396270752,8.91506094932556,9.810744066238403,8.336774767021573,7.95980396270752,8.91506094932556,9.810744066238403,0.015018432832548645,0.2040046600318076,851772.45,0.49848524685202017,53.38739876897737,0.08500003814697266,0.26461265568124925,0.031435642677518874,25.975649671046234,29.672982984346984,18.84477507785151,8.34885494709015,0.2040046600318076,8.756864267153764,7.940845627026534,0.09774018656434309,0.10080837335246784,0.11167918223887718,-0.010870808886409344,9.06999969482422,8.229999542236328,8.239999771118164,-0.014909350159965085,-0.08219032932615566,0.0009631435699704038,0.07848813109215991,0.041359479870543434,0.7600589460001309,0.19148551747866088,0.5104312213858954,0.009694985564165925,0.05751344096875366,-0.18866459985440875,0.3369762775942606,1750.157717150294
2025-04-15 19:30:00,8.404999732971191,8.430000305175781,8.319999694824219,8.324999809265137,712181,1h,1H,yfinance,730d,2026-04-02T03:04:46Z,-0.011000745143059598,-0.011000745143059598,8.335653342473341,8.364604926109314,7.976903963088989,8.885610942840577,9.801568565368653,8.335653342473341,7.976903963088989,8.885610942840577,9.801568565368653,0.01442781663300588,0.1888310537306299,809641.9,0.8796246834557352,50.75556595083683,0.1100006103515625,0.2535689381577002,0.030458732008077152,25.58544733932856,28.75352430916817,18.965091882048156,8.364604926109314,0.1888310537306299,8.742267033570574,7.986942818648054,0.09030004663637459,0.08724903793858019,0.10679315337881778,-0.019544115440237597,9.06999969482422,8.239999771118164,8.239999771118164,-0.011282691943943934,-0.0941240272703131,-0.006563282150915617,0.03932578918630991,0.03991157536337893,0.7631553435504006,0.17931179735855035,0.5035923345066436,-0.001278068169404345,0.043637963774776356,-0.18616046912395756,-0.20973836697789197,1750.157717150294
2025-04-16 13:30:00,8.279999732971191,8.579999923706055,8.100700378417969,8.510000228881836,729519,1h,1H,yfinance,730d,2026-04-02T03:04:46Z,0.02222227313576708,0.02222227313576708,8.352257807845579,8.39459993839264,7.998305969238281,8.857660942077636,9.794343566894531,8.352257807845579,7.998305969238281,8.857660942077636,9.794343566894531,0.014663241572655337,0.15964247128757994,788541.65,0.9251496100427923,55.47775744043755,0.47929954528808594,0.26969255295272776,0.03169125096347545,24.169862309501593,25.103455005138457,22.36578214017308,8.39459993839264,0.15964247128757994,8.7138848809678,8.075314995817479,0.07606912656192547,0.09038920420266727,0.10351236354358768,-0.013123159340920412,9.06999969482422,8.239999771118164,8.3149995803833,0.018551848610157906,-0.0638063711738146,0.007100641535034313,0.07583978039967243,0.03854535025671064,0.8221809051523171,0.17388211801044823,0.43747527021355137,0.01888620115246975,0.0639753294774601,-0.18337498428449706,0.7228671014576963,1750.157717150294
2025-04-16 14:30:00,8.5,9.050000190734863,8.470000267028809,8.989999771118164,729904,1h,1H,yfinance,730d,2026-04-02T03:04:46Z,0.056404175008982094,0.056404175008982094,8.412995137681063,8.445204925537109,8.033105964660644,8.835260944366455,9.793086066246033,8.412995137681063,8.033105964660644,8.835260944366455,9.793086066246033,0.018618891555506917,0.17879586460224325,804704.8,0.9070456644473849,64.88618855331268,0.5799999237060547,0.291857365149394,0.032464668807560285,24.337641947797245,33.04275995063494,19.19100434900137,8.445204925537109,0.17879586460224325,8.802796654741595,8.087613196332622,0.08468515148121021,0.13010993379933566,0.10883187759473728,0.021278056204598383,9.06999969482422,8.100700378417969,8.100700378417969,0.051461938078095404,-0.012087978652787545,0.06365358828438361,0.1268629262472858,0.038003650892420346,0.8542513165237821,0.17143901943584872,0.4939666113343515,0.06858492415534001,0.11911878302951573,-0.17971659696237507,3.047021511336567,1750.157717150294
2025-04-16 15:30:00,8.989999771118164,9.300000190734863,8.890000343322754,8.970000267028809,1160137,1h,1H,yfinance,730d,2026-04-02T03:04:46Z,-0.002224638998724715,-0.002224638998724715,8.46604324523799,8.4894549369812,8.072705974578858,8.814960947036743,9.791561069488525,8.46604324523799,8.072705974578858,8.814960947036743,9.791561069488525,0.018625989267256712,0.19311402632549476,835712.85,1.3882005045153967,64.27671211797562,0.4099998474121094,0.3002961138824451,0.03347782663800456,25.081370791350185,35.76685054291706,17.319444794702854,8.4894549369812,0.19311402632549476,8.87568298963219,8.10322688433021,0.09099007074494954,0.158152027216385,0.11869590751906683,0.03945611969731816,9.06999969482422,8.100700378417969,8.100700378417969,0.02985077241597245,0.002570774373564344,0.07360870837676514,0.10946199439779747,0.03765720669534233,0.8890151335134823,0.16845284970447272,0.5401515670680493,0.059526865997794776,0.11115161326023171,-0.17554454113203566,2.488402003682769,1750.157717150294
2025-04-16 16:30:00,8.989899635314941,9.260000228881836,8.979999542236328,9.210000038146973,802209,1h,1H,yfinance,730d,2026-04-02T03:04:46Z,0.026755826529942794,0.026755826529942794,8.536896273134085,8.535204935073853,8.118707971572876,8.796360950469971,9.792111067771911,8.536896273134085,8.118707971572876,8.796360950469971,9.792111067771911,0.018669941718327542,0.24345141678910184,805021.6,0.9965061807037228,68.14372747298918,0.28999996185302734,0.2995606744517724,0.032525588839415816,25.771976146077915,33.29361314236339,16.121824708704917,8.535204935073853,0.24345141678910184,9.022107768652058,8.048302101495649,0.11409282783061643,0.19746530690906816,0.13444978739706712,0.06301551951200104,9.300000190734863,8.100700378417969,8.100700378417969,0.07405250647302974,0.028475724914957423,0.09413614218013877,0.11030740849152987,0.037343262246455976,0.8709894873338931,0.158197918596509,0.7212030906779209,0.07884642655565233,0.13441696269839776,-0.17089298565113187,2.771785483826877,1750.157717150294
2025-04-16 17:30:00,9.199999809265137,9.199999809265137,8.819999694824219,8.885000228881836,598792,1h,1H,yfinance,730d,2026-04-02T03:04:46Z,-0.035287709871771655,-0.035287709871771655,8.570049030824347,8.56245493888855,8.157607975006103,8.774910955429077,9.788386068344117,8.570049030824347,8.157607975006103,8.774910955429077,9.788386068344117,0.020670403916416943,0.25047678864909045,759221.05,0.7886925685213811,58.852994092698964,0.3900003433227539,0.3060206507996997,0.0344423908741094,25.674425176065007,30.262883838394327,18.38882101024907,8.56245493888855,0.25047678864909045,9.063408516186731,8.061501361590368,0.11701167033836864,0.20009008191883382,0.14757784630142046,0.05251223561741336,9.300000190734863,8.100700378417969,8.100700378417969,0.04961607427325854,0.17994687666920695,0.06726731921284346,0.06534772977490078,0.03647313307668834,0.9443222440389448,0.14444531455836473,0.8100759148618059,0.03675022125599137,0.08916734612699861,-0.16660336872203996,1.2877252688078864,1750.157717150294
2025-04-16 18:30:00,8.885000228881836,8.949000358581543,8.770000457763672,8.78499984741211,510137,1h,1H,yfinance,730d,2026-04-02T03:04:46Z,-0.011254966673457378,-0.011254966673457378,8.590520537166038,8.587954950332641,8.196907968521119,8.751560955047607,9.78568606853485,8.590520537166038,8.196907968521119,8.751560955047607,9.78568606853485,0.020777449991381255,0.2458315578270748,734381.7,0.6946483007406095,56.30906130505778,0.1789999008178711,0.29694774008671193,0.03380167845696514,25.36006852659596,28.95985195907791,18.799746267083744,8.587954950332641,0.2458315578270748,9.079618065986791,8.09629183467849,0.1145006275644486,0.19188906231443958,0.1564400895040243,0.035448972810415286,9.300000190734863,8.100700378417969,8.100700378417969,0.044651848491721546,0.1409090993536688,0.032314877924087604,0.06163145044016538,0.03508894205283226,0.9633142659607997,0.1356394907423393,0.8441540655881253,0.022638827228766534,0.0717455754230083,-0.16235735429142062,0.8015443534636659,1750.157717150294
2025-04-16 19:30:00,8.789999961853027,8.970000267028809,8.779999732971191,8.899999618530273,817459,1h,1H,yfinance,730d,2026-04-02T03:04:46Z,0.013090469335869326,0.013090469335869326,8.619994735391202,8.605704927444458,8.237587957382202,8.731362953186036,9.783286066055298,8.619994735391202,8.237587957382202,8.731362953186036,9.783286066055298,0.019807908161098522,0.2547438533577621,687263.35,1.189440699842353,58.52909994987933,0.1900005340576172,0.28930865394177663,0.03250659172382666,25.131495688922847,28.11982067183731,17.91785031512421,8.605704927444458,0.2547438533577621,9.115192634159982,8.096217220728935,0.11840696631154897,0.1924507630290897,0.1636422242090374,0.0288085388200523,9.300000190734863,8.100700378417969,8.470000267028809,0.06205244594129078,0.1930294333806719,-0.010011140698471532,0.041544709077439235,0.034231304558450554,0.9496159186197851,0.12546014070438105,0.9437815520273382,0.03248318493623348,0.08041330357564735,-0.1579937557009753,1.1552572798390852,1750.157717150294
2025-04-17 13:30:00,8.899999618530273,9.109700202941896,8.604999542236328,8.633299827575684,714768,1h,1H,yfinance,730d,2026-04-02T03:04:46Z,-0.029966269930990386,-0.029966269930990386,8.621261887027819,8.616369915008544,8.271253957748414,8.711095952987671,9.777652564048767,8.621261887027819,8.271253957748414,8.711095952987671,9.777652564048767,0.0207216441788692,0.25118608281996807,658772.1,1.0850004121303862,51.937907531104386,0.5047006607055682,0.3046937972820475,0.035292854802612426,24.11829690488297,24.792805578887375,19.90037184433936,8.616369915008544,0.25118608281996807,9.118742080648481,8.113997749368608,0.11660877390253933,0.16942247384870335,0.1647982741369706,0.004624199711732752,9.300000190734863,8.100700378417969,8.770000457763672,0.021692310348878863,0.14366519674301936,-0.037536279758066504,0.025332511799171176,0.034231304558450554,1.0310110951906393,0.1177093183249588,0.9906503203137987,0.0013963084181420893,0.0437715818758182,-0.1540654667807687,0.0673998828958749,1750.157717150294
2025-04-17 14:30:00,8.635000228881836,9.0,8.595000267028809,8.890000343322754,581796,1h,1H,yfinance,730d,2026-04-02T03:04:46Z,0.029733765868659168,0.029733765868659168,8.646856025722574,8.643119955062867,8.271053972244262,8.693595952987671,9.774527564048768,8.646856025722574,8.271053972244262,8.693595952987671,9.774527564048768,0.021485354982049537,0.25041333937382154,667938.25,0.8710326141675522,56.96174466560052,0.4049997329711914,0.3118585069741292,0.03507969571771333,23.132959155601014,22.492980632063695,18.283402792130563,8.643119955062867,0.25041333937382154,9.14394663381051,8.142293276315224,0.11589025290671212,0.1699271605179824,0.16582405141317297,0.004103109104809433,9.300000190734863,8.100700378417969,8.604999542236328,0.051822136347901226,0.18375500298039094,-0.034744809283258404,0.06403361225597703,0.034231304558450554,1.0247840732395732,0.11681022212045399,0.9921242405241453,0.02811939008546882,0.07483282942603586,-0.1538154741446902,0.9858915219022731,1750.157717150294
2025-04-17 15:30:00,8.890000343322754,8.989999771118164,8.760000228881836,8.90999984741211,370402,1h,1H,yfinance,730d,2026-04-02T03:04:46Z,0.00224966291529749,0.00224966291529749,8.671917342073959,8.661119937896729,8.289353971481324,8.680095949172973,9.772927565574646,8.671917342073959,8.289353971481324,8.680095949172973,9.772927565574646,0.02098958691275673,0.25595023046663107,668277.55,0.5542637187198642,57.33591767329989,0.22999954223632812,0.30601143806428627,0.034344718664969076,22.21800267412491,21.285421836775782,17.30183951198634,8.661119937896729,0.25595023046663107,9.17302039882999,8.149219476963466,0.11820652862534363,0.16998148047946948,0.16665553722643228,0.0033259432530372,9.300000190734863,8.100700378417969,8.595000267028809,0.06642732921409933,0.19277109741170606,0.002813688000705916,0.04210522206389622,0.0341824684538804,1.0047465914086218,0.11681022212045399,1.0119536328203347,0.027454425122692694,0.07487264726130105,-0.15180441931435595,0.9723761883770916,1750.157717150294
2025-04-17 16:30:00,8.90999984741211,8.949999809265137,8.779999732971191,8.789999961853027,288692,1h,1H,yfinance,730d,2026-04-02T03:04:46Z,-0.01346800085456068,-0.01346800085456068,8.683163305862442,8.665119934082032,8.303291978836059,8.667145948410035,9.770752563476563,8.683163305862442,8.303291978836059,8.667145948410035,9.770752563476563,0.020901642904968546,0.25730441178721414,651760.45,0.44294188148421715,54.286240615006776,0.1700000762939453,0.2962963407949762,0.03370834380897013,21.368400227039956,20.413099377806873,16.5927728416841,8.665119934082032,0.25730441178721414,9.179728757656461,8.150511110507603,0.11877708040724212,0.15851428752173824,0.16502728728549348,-0.006512999763755245,9.300000190734863,8.100700378417969,8.595000267028809,0.04424067407066423,0.18146750019435864,0.0005691650003147863,0.00918483620616306,0.03391094834987843,0.9940253944296127,0.11681022212045399,1.0168380664901049,0.012303886524678731,0.05861626741026571,-0.1501891052001385,0.4853396290548986,1750.157717150294
2025-04-17 17:30:00,8.779999732971191,8.899999618530273,8.75,8.8100004196167,285000,1h,1H,yfinance,730d,2026-04-02T03:04:46Z,0.002275364943170599,0.002275364943170599,8.695243030981894,8.676869964599609,8.325191984176636,8.656245956420898,9.768202567100525,8.695243030981894,8.325191984176636,8.656245956420898,9.768202567100525,0.020570344737682083,0.25828459694218653,646359.55,0.44093105764430957,54.718546582223,0.14999961853027344,0.285846574918926,0.0324456936781125,20.417051551823857,19.647964364742098,16.720479637004527,8.676869964599609,0.25828459694218653,9.193439158483983,8.160300770715235,0.11906809621255188,0.14931906702008568,0.16188564323241195,-0.012566576212326264,9.300000190734863,8.470000267028809,8.595000267028809,0.058258332908523336,0.21517247167126885,-0.01011226997428083,0.027405319601016,0.03375501113296764,0.9612111680337632,0.11681022212045399,1.0193294221268545,0.01319772066472602,0.05823390455878008,-0.14772529265353018,0.5154409383804239,1750.157717150294
2025-04-17 18:30:00,8.805000305175781,8.850000381469727,8.75,8.770000457763672,415051,1h,1H,yfinance,730d,2026-04-02T03:04:46Z,-0.004540290572967676,-0.004540290572967676,8.702362785913492,8.692119979858399,8.341491994857789,8.645395965576173,9.764002571105957,8.702362785913492,8.341491994857789,8.645395965576173,9.764002571105957,0.02035867440824928,0.2542982375635931,607796.75,0.6828779522101756,53.62628581271583,0.10000038146972656,0.2725718468154118,0.031080026520878535,19.533656353408908,19.1330794284967,16.282310932497893,8.692119979858399,0.2542982375635931,9.200716454985585,8.183523504731212,0.11702472499360776,0.13722231249609784,0.15695297708514913,-0.01973066458905129,9.300000190734863,8.595000267028809,8.595000267028809,0.03055231749576559,0.2546496058555332,0.01583411128052714,0.03603075010961909,0.03359308522348735,0.9251911908093589,0.11681022212045399,1.0018363364888783,0.007772334194072528,0.051370721589140356,-0.1456892873479695,0.3062564595470202,1750.157717150294
2025-04-17 19:30:00,8.770000457763672,8.779999732971191,8.604999542236328,8.635000228881836,616198,1h,1H,yfinance,730d,2026-04-02T03:04:46Z,-0.015393411839828008,-0.015393411839828008,8.69594730429143,8.703394985198974,8.356991996765137,8.631045970916748,9.75970257282257,8.69594730429143,8.356991996765137,8.631045970916748,9.75970257282257,0.020633118300496602,0.24639379452269702,582549.9,1.0577600305141241,49.99875910080312,0.17500019073486328,0.26560244280965833,0.03075882290324522,18.362822866873444,18.232621770827024,19.415521750013127,8.703394985198974,0.24639379452269702,9.196182574244368,8.21060739615358,0.11324031366689206,0.11541176220329952,0.1486447341087792,-0.03323297190547969,9.300000190734863,8.595000267028809,8.595000267028809,-0.03948827044209968,0.24965628929348482,-0.0286839262759363,0.026814924019051833,0.03340133259674579,0.9208860998031551,0.11624951340462572,0.9741143025067156,-0.007008675797692154,0.03326654282118624,-0.14372472578862205,-0.27758311222743887,1750.157717150294
2025-04-21 13:30:00,8.369999885559082,8.664999961853027,8.260000228881836,8.579999923706055,961275,1h,1H,yfinance,730d,2026-04-02T03:04:46Z,-0.006369461924484954,-0.006369461924484954,8.684904696616632,8.713394975662231,8.371191997528076,8.616995973587036,9.755452570915223,8.684904696616632,8.371191997528076,8.616995973587036,9.755452570915223,0.020677462844728857,0.23694304612804953,586626.1,1.6386502407581252,48.55762106687019,0.4049997329711914,0.2755593921069107,0.032116479552121636,18.726660012806125,16.318539476498263,26.320087251051195,8.713394975662231,0.23694304612804953,9.187281067918331,8.239508883406131,0.10877186069947066,0.0926210017353366,0.13743998763409068,-0.04481898589875408,9.300000190734863,8.595000267028809,8.604999542236328,-0.043478297849810055,0.2363112180063054,-0.03703702910858098,0.023866325362034813,0.03292521369745142,0.9754372392914072,0.11519544023558037,0.9442375538218077,-0.012078978017046715,0.024943631234313868,-0.14189608973284984,-0.5629836120368209,1750.157717150294
2025-04-21 14:30:00,8.59000015258789,8.699999809265137,8.579999923706055,8.619999885559082,442195,1h,1H,yfinance,730d,2026-04-02T03:04:46Z,0.004662000257425358,0.004662000257425358,8.678723286039723,8.721894979476929,8.394391994476319,8.603995971679687,9.752152571678161,8.678723286039723,8.394391994476319,8.603995971679687,9.752152571678161,0.020630923319384476,0.23029771710177752,590531.25,0.7488088056305233,49.69328919646799,0.11999988555908203,0.2644479987820658,0.03067842253978337,18.86697052049086,16.73497616149614,25.466987459199736,8.721894979476929,0.23029771710177752,9.182490413680483,8.261299545273374,0.10561820230290768,0.07690036297822367,0.12533206270291727,-0.048431699724693605,9.300000190734863,8.260000228881836,8.260000228881836,-0.06406081977678224,0.26392957017466157,-0.019340168035462346,0.020118352678250462,0.03251609028162124,0.9434843572544589,0.11429672769753252,0.9240702199489812,-0.006766363962208755,0.02687602523580246,-0.1392267570900193,-0.4424494311110139,1750.157717150294
2025-04-21 15:30:00,8.619999885559082,8.619999885559082,8.454999923706055,8.489999771118164,265314,1h,1H,yfinance,730d,2026-04-02T03:04:46Z,-0.015081219972949755,-0.015081219972949755,8.660749617951955,8.723794984817506,8.415011987686157,8.587295970916749,9.748377571105957,8.660749617951955,8.415011987686157,8.587295970916749,9.748377571105957,0.02093481983602713,0.22821048137068647,585755.3,0.4529434048654788,46.12899740467388,0.16499996185302734,0.2573445675728488,0.03031149287521778,19.446619728811285,15.968557799225449,27.7701663447202,8.723794984817506,0.22821048137068647,9.180215947558878,8.267374022076133,0.10463816803024524,0.05333688629883859,0.11093302742210155,-0.05759614112326296,9.300000190734863,8.260000228881836,8.260000228881836,-0.04445700029130806,0.23652775329698916,-0.03632243283280767,0.004495990099479208,0.03248563026569347,0.9330738738114712,0.11366657074875425,0.9205711700543411,-0.019715365801577067,0.008911191516035588,-0.1367782047519246,-1.0244718485106898,1750.157717150294
2025-04-21 16:30:00,8.5,8.539999961853027,8.387399673461914,8.425000190734863,358869,1h,1H,yfinance,730d,2026-04-02T03:04:46Z,-0.007656016741534044,-0.007656016741534044,8.638297291550328,8.727295017242431,8.436011991500855,8.567945976257324,9.745402569770812,8.638297291550328,8.436011991500855,8.567945976257324,9.745402569770812,0.020842427281099623,0.22300490152814362,589224.7,0.6090528791478023,44.41368276285014,0.15260028839111328,0.24986283334558199,0.029657308924498423,20.215174716890093,15.271945155307437,28.491216141113323,8.727295017242431,0.22300490152814362,9.173304820298718,8.281285214186145,0.10221031881587805,0.02908249347046521,0.0945629206317743,-0.06548042716130908,9.300000190734863,8.260000228881836,8.260000228881836,-0.040978903008552114,0.21223027653948767,-0.039338682898630406,0.008378294713801804,0.03245518124283639,0.9137927378250115,0.11366657074875425,0.8992117747776626,-0.024692030572287083,-0.0013053325169625207,-0.13435982442957717,-1.3555523866788994,1750.157717150294
2025-04-21 17:30:00,8.42199993133545,8.527299880981445,8.420000076293945,8.520000457763672,202674,1h,1H,yfinance,730d,2026-04-02T03:04:46Z,0.011275995831226515,0.011275995831226515,8.62703092642779,8.732415056228637,8.446607999801635,8.54944598197937,9.739052572250365,8.62703092642779,8.446607999801635,8.54944598197937,9.739052572250365,0.020920858249835885,0.21692847408681074,578128.6,0.3505690602402303,47.48718835463895,0.1072998046875,0.2396797598700047,0.028131425703340374,20.928832920106128,14.783592120869358,27.580148708913406,8.732415056228637,0.21692847408681074,9.16627200440226,8.298558108055015,0.09936700108274431,0.017326708499302512,0.07911567820527994,-0.06178896970597743,9.300000190734863,8.260000228881836,8.260000228881836,-0.04269653674764473,-0.04269653674764473,-0.013317865439484211,0.012165080740448087,0.03245518124283639,0.8667776492405086,0.11366657074875425,0.8741972281576318,-0.012406408366549715,0.00868898591763223,-0.13270742332075636,-0.9791918712338386,1750.157717150294
2025-04-21 18:30:00,8.524999618530273,8.619999885559082,8.510000228881836,8.550000190734863,208765,1h,1H,yfinance,730d,2026-04-02T03:04:46Z,0.0035210952299720155,0.0035210952299720155,8.619694665885605,8.743665075302124,8.43780800819397,8.53189598083496,9.73265257358551,8.619694665885605,8.43780800819397,8.53189598083496,9.73265257358551,0.020749251775768668,0.20073813769490217,552957.8,0.3775423730346149,48.456398853766906,0.1099996566772461,0.23041689535623625,0.026949343884918927,20.981222151868312,17.153151246729305,26.639677343987344,8.743665075302124,0.20073813769490217,9.145141350691928,8.34218879991232,0.09183249173709496,0.010312021382853587,0.06535494684079467,-0.05504292545794108,9.300000190734863,8.260000228881836,8.260000228881836,-0.009648644030032738,0.06941842565604617,-0.003496472405355555,0.027027073468436136,0.03245518124283639,0.8303556736681996,0.11366657074875425,0.8079111662485112,-0.008085492334963251,0.013296365884592598,-0.13304128094593215,-0.9647637802718272,1750.157717150294
2025-04-21 19:30:00,8.5600004196167,8.65999984741211,8.529999732971191,8.569999694824219,430038,1h,1H,yfinance,730d,2026-04-02T03:04:46Z,0.0023391232331231304,0.0023391232331231304,8.614961811498807,8.746665048599244,8.431607999801635,8.513895978927613,9.725502572059632,8.614961811498807,8.431607999801635,8.513895978927613,9.725502572059632,0.020204009162703505,0.19764822357317063,537983.75,0.7993512815210496,49.130456745374026,0.13000011444091797,0.22324426814799922,0.02604950712925063,20.772722083143876,17.719502232992628,25.531614627331294,8.746665048599244,0.19764822357317063,9.141961495745585,8.351368601452902,0.09038792384296163,0.006294070020882003,0.053542771476812134,-0.04724870145593013,9.300000190734863,8.260000228881836,8.387399673461914,-0.03599557211928417,0.05892675546149473,-0.005800486241145708,0.007050465843555731,0.03245518124283639,0.8026301543147402,0.11366657074875425,0.7952023470713552,-0.005219073242388017,0.01641344035750225,-0.13304140970310607,-0.893837296289296,1750.157717150294
2025-04-22 13:30:00,8.630000114440918,9.05500030517578,8.539999961853027,8.5600004196167,451181,1h,1H,yfinance,730d,2026-04-02T03:04:46Z,-0.00116677661185427,-0.00116677661185427,8.60972739322432,8.72516508102417,8.42860800743103,8.496645984649659,9.717602572441102,8.60972739322432,8.42860800743103,8.496645984649659,9.717602572441102,0.015623627139324522,0.19334985519102957,524047.6,0.8609542339283683,48.78693050799375,0.5150003433227521,0.24408398780333873,0.02851448315866652,20.01733902710472,26.60827400262178,21.683761617801423,8.72516508102417,0.19334985519102957,9.111864791406228,8.33846537064211,0.08864009031143004,0.002276712156389138,0.04328955961272754,-0.0410128474563384,9.300000190734863,8.260000228881836,8.387399673461914,-0.039281642400596284,0.10952692810321785,0.008245070716805802,-0.04783085233026452,0.03228108661511707,0.8833185666468034,0.11366657074875425,0.779825499507308,-0.0057756734140914645,0.015588862605762088,-0.13264532639620707,-0.8542269723672014,1750.157717150294
2025-04-22 14:30:00,8.5600004196167,8.779999732971191,8.520000457763672,8.710000038146973,589363,1h,1H,yfinance,730d,2026-04-02T03:04:46Z,0.017523319062756615,0.017523319062756615,8.619277168931239,8.712165069580077,8.445008010864258,8.480745983123779,9.713077573776244,8.619277168931239,8.445008010864258,8.480745983123779,9.713077573776244,0.01621174248309703,0.18501203127316476,495508.9,1.1894095141378893,53.98470719959099,0.25999927520751953,0.24522079404649452,0.028153937195465793,19.214503792893282,24.593141948115292,20.62412999957212,8.712165069580077,0.18501203127316476,9.082189132126407,8.342141007033748,0.08494422674297764,0.011069045653503196,0.03684545682088267,-0.025776411167379477,9.300000190734863,8.260000228881836,8.387399673461914,-0.009101242781938468,0.09490887764700062,0.03382787429791745,-0.028985531899873296,0.03159825303650009,0.8909966371540964,0.11366657074875425,0.7473105433147643,0.010525577428087685,0.03137854066471091,-0.13055280916684642,-0.01170211157731766,1750.157717150294
2025-04-22 15:30:00,8.699999809265137,8.899999618530273,8.6899995803833,8.890000343322754,207320,1h,1H,yfinance,730d,2026-04-02T03:04:46Z,0.020665936209809166,0.020665936209809166,8.645060328397097,8.696165084838867,8.468908014297485,8.471045989990234,9.708777575492858,8.645060328397097,8.468908014297485,8.471045989990234,9.708777575492858,0.0157312891868001,0.15219309654862767,465764.45,0.44511769844177673,59.32029614133899,0.21000003814697266,0.24270502576795724,0.02730090173171389,18.969764001501645,26.604821936735725,19.349488054227123,8.696165084838867,0.15219309654862767,9.000551277936122,8.391778891741613,0.07000469520247032,0.032190481761803724,0.035914461809066885,-0.0037239800472631604,9.260000228881836,8.260000228881836,8.420000076293945,0.009080581145935351,0.1310432814646545,0.04342721428165275,-0.034744809283258404,0.030919424712061876,0.8829692656300822,0.11100608718318136,0.6306383458679085,0.02833294455113089,0.04972215170059324,-0.127706042450193,1.2736140001064624,1750.157717150294
2025-04-22 16:30:00,8.889900207519531,8.920000076293945,8.609999656677246,8.619999885559082,381213,1h,1H,yfinance,730d,2026-04-02T03:04:46Z,-0.030371253918619723,-0.030371253918619723,8.642673619555381,8.68291506767273,8.4907080078125,8.456595993041992,9.703456497192382,8.642673619555381,8.4907080078125,8.456595993041992,9.703456497192382,0.015234172909711402,0.14660933455935476,454885.5,0.838041661033381,49.962015477558325,0.3100004196166992,0.24751183961429596,0.028713670870106126,18.31003876165059,24.224703192555374,19.92713515574586,8.68291506767273,0.14660933455935476,8.97613373679144,8.389696398554019,0.06753922313725942,0.026833274312668465,0.0340982243097872,-0.0072649499971187345,9.199999809265137,8.260000228881836,8.510000228881836,-0.017103827180738773,0.09529860367294285,0.008187098627211009,-0.029825586549940275,0.030718622721514294,0.9347317140620381,0.10719503150118917,0.6300592685259874,-0.002623462946118482,0.015227455428642234,-0.12498108171359157,-0.4291348999212318,1750.157717150294
2025-04-22 17:30:00,8.619999885559082,8.699999809265137,8.574999809265137,8.649999618530273,320629,1h,1H,yfinance,730d,2026-04-02T03:04:46Z,0.003480247490658339,0.003480247490658339,8.643371333743467,8.676165056228637,8.510108003616333,8.442295989990235,9.696432495117188,8.643371333743467,8.510108003616333,8.442295989990235,9.696432495117188,0.0150952622342499,0.1448510978637441,445410.1,0.7198512112769783,50.889076722946285,0.125,0.23876099392756053,0.027602428260930786,17.50897645915551,23.31880985867063,20.22901889016979,8.676165056228637,0.1448510978637441,8.965867251956125,8.38646286050115,0.06678116284095123,0.024723380801074057,0.03222325560804457,-0.007499874806970515,9.109700202941896,8.387399673461914,8.520000457763672,0.001737045657308478,0.15951736920887338,0.009334880578160343,-0.015367129337128471,0.030494957707500575,0.9051472878134755,0.10512818516657646,0.6352355720317624,0.0007668633604724917,0.01643828901519151,-0.12234649105206996,-0.18063679243202133,1750.157717150294
2025-04-22 18:30:00,8.645000457763672,8.670000076293945,8.53499984741211,8.545000076293945,301653,1h,1H,yfinance,730d,2026-04-02T03:04:46Z,-0.012138675938365928,-0.012138675938365928,8.634002642557798,8.658415079116821,8.523808002471924,8.42860499382019,9.687707495689391,8.634002642557798,8.523808002471924,8.42860499382019,9.687707495689391,0.01494692064815922,0.13791988942457475,419619.8,0.7188721790535146,47.56729012505947,0.13500022888183594,0.23134951071000878,0.027074254961311533,16.545264566394966,22.346859095728437,20.620842252758422,8.658415079116821,0.13791988942457475,8.934254857965971,8.382575300267671,0.06371599798084208,0.014412550540361835,0.028661114594508028,-0.014248564054146193,9.109700202941896,8.387399673461914,8.520000457763672,-0.004079236331390512,0.14559591762448032,-0.001752376470493866,-0.03988759072497039,0.0299844008998581,0.902944669521133,0.10342424342306164,0.6160644339471631,-0.010308378390475603,0.0024862213949299328,-0.12014189050767199,-0.8223252157180713,1750.157717150294
2025-04-22 19:30:00,8.545000076293945,8.609999656677246,8.5,8.59000015258789,670364,1h,1H,yfinance,730d,2026-04-02T03:04:46Z,0.005266246447298117,0.005266246447298117,8.62981192922733,8.656250095367431,8.542308006286621,8.4149049949646,9.676507496833802,8.62981192922733,8.542308006286621,8.4149049949646,9.676507496833802,0.013548576901870907,0.1386351328482467,417399.6,1.6060484964527997,49.10073852167381,0.1099996566772461,0.22268166399338288,0.0259233597250049,15.454467565854662,21.55837066268184,21.015928721847338,8.656250095367431,0.1386351328482467,8.933520361063925,8.378979829670937,0.0640624433540525,0.009759768809230351,0.024880845437452493,-0.015121076628222142,9.109700202941896,8.387399673461914,8.520000457763672,-0.003480247490658228,0.16474578340174784,-0.013777254309244702,-0.005015425833988618,0.029185489897302276,0.8882276712237437,0.10078865994931119,0.6356116192662042,-0.004613284387415817,0.005583051590526855,-0.11721165833006342,-0.4778726821869852,1750.157717150294
2025-04-23 13:30:00,8.949999809265137,9.43000030517578,8.890000343322754,9.024999618530272,970186,1h,1H,yfinance,730d,2026-04-02T03:04:46Z,0.050640216323084575,0.050640216323084575,8.667448852018087,8.663000059127807,8.566708002090454,8.404954986572266,9.668432493209838,8.667448852018087,8.566708002090454,8.404954986572266,9.668432493209838,0.016334677050476445,0.15244995791985988,436819.1,2.2210246758898595,60.98052092626391,0.8400001525878888,0.2667758417501333,0.029559651304847143,17.25893526832492,38.66503588621855,16.289279021881946,8.663000059127807,0.15244995791985988,8.967899974967526,8.358100143288087,0.07039129949409624,0.040704016658486,0.028045479681659196,0.012658536976826801,9.05500030517578,8.420000076293945,8.5,0.06301529585808763,0.1295085943120895,0.015185519684362658,0.015185519684362658,0.029136661087476635,1.0145174567566466,0.09559974640991964,0.7363126173187452,0.041252134580400224,0.05349681771901005,-0.11395068351494697,2.3745467977942063,1750.157717150294
2025-04-23 14:30:00,9.024999618530272,9.109999656677246,8.760000228881836,8.800000190734863,475394,1h,1H,yfinance,730d,2026-04-02T03:04:46Z,-0.02493068557403988,-0.02493068557403988,8.680072789038732,8.657500076293946,8.582508001327515,8.393054990768432,9.659782495498657,8.680072789038732,8.582508001327515,8.393054990768432,9.659782495498657,0.017268642910737677,0.14525407702018986,442068.7,1.0753848892717353,53.96461922937641,0.34999942779541016,0.2727203836105102,0.03099095201130173,18.292691649656064,35.120657193102474,18.200910742727256,8.657500076293946,0.14525407702018986,8.948008230334326,8.366991922253566,0.0671113257823357,0.046535549745778226,0.031743493694483,0.014792056051295223,9.43000030517578,8.5,8.5,0.044510384748999154,-0.021134547855463315,0.020881706214095352,-0.012345640691474924,0.029136661087476635,1.0636411604698968,0.09111020779002829,0.7365950249723918,0.013816405070655291,0.025341332553806772,-0.11152160979536951,0.9810403767262945,1750.157717150294
2025-04-23 15:30:00,8.800000190734863,8.960000038146973,8.75,8.95989990234375,253554,1h,1H,yfinance,730d,2026-04-02T03:04:46Z,0.01817042137990388,0.01817042137990388,8.706722990305877,8.66599507331848,8.603503999710084,8.383153991699219,9.653032493591308,8.706722990305877,8.603503999710084,8.383153991699219,9.653032493591308,0.01745393645518802,0.1572293028434252,440311.8,0.5758510219349107,57.690123559611486,0.21000003814697266,0.26824035893454323,0.029937874514019552,19.203095607927995,33.15670980022977,17.449407481859573,8.66599507331848,0.1572293028434252,8.98045367900533,8.35153646763163,0.07257299433622551,0.0633296275949835,0.03806072047458311,0.025268907120400398,9.43000030517578,8.5,8.5,0.0516313874348715,0.008997723746973385,0.03582662398615599,0.01932877602139449,0.029136661087476635,1.0274984640188334,0.08951400707719584,0.8107445606098206,0.029078323993971367,0.04142450595079361,-0.10872526271697636,1.8692751523419946,1750.157717150294
2025-04-23 16:30:00,8.960000038146973,9.039999961853027,8.920000076293945,9.005000114440918,329620,1h,1H,yfinance,730d,2026-04-02T03:04:46Z,0.005033562047425333,0.005033562047425333,8.735130335461596,8.675745058059693,8.624046001434326,8.374205989837646,9.646807494163513,8.735130335461596,8.624046001434326,8.374205989837646,9.646807494163513,0.01747349637581055,0.1712756123252038,442542.8,0.7448319123031716,58.705212635927644,0.11999988555908203,0.25765175369343885,0.028612076670632595,20.262091664406974,34.271501078273666,16.868909949578534,8.675745058059693,0.1712756123252038,9.0182962827101,8.333193833409286,0.07896756355978438,0.07936341345501852,0.046321259070670195,0.03304215438434832,9.43000030517578,8.5,8.5,0.05321636415857767,0.03386912456968316,0.05383265465650866,0.0221339030120844,0.02866287377036936,0.9982277736648557,0.08679215852720384,0.9098467522850356,0.030894762712783352,0.04417347877588229,-0.10602072171005539,1.922369751953144,1750.157717150294
2025-04-23 17:30:00,9.005000114440918,9.029999732971191,8.930000305175781,8.9350004196167,312014,1h,1H,yfinance,730d,2026-04-02T03:04:46Z,-0.007773425200957362,-0.007773425200957362,8.754165581571606,8.683995056152344,8.641046009063722,8.36415599822998,9.638082494735718,8.754165581571606,8.641046009063722,8.36415599822998,9.638082494735718,0.017541110396992788,0.1793982609028852,437390.95,0.7133526653900818,56.441791169418046,0.09999942779541016,0.2463908732721511,0.027575921846763714,21.24544514542317,33.27797793236334,16.379884025592727,8.683995056152344,0.1793982609028852,9.042791577958115,8.325198534346574,0.08263397652479632,0.08543704879009262,0.054144417014554684,0.031292631775537934,9.43000030517578,8.5,8.5,0.04259051782848022,0.1324462066938632,0.040163010582120906,0.018814133778859876,0.028563279914649558,0.965432608900792,0.08378910163388698,0.9862138979107578,0.02065700452659569,0.03401838275651392,-0.10344759823508187,1.3991515982433804,1750.157717150294
2025-04-23 18:30:00,8.9399995803833,8.960000038146973,8.84000015258789,8.869999885559082,250373,1h,1H,yfinance,730d,2026-04-02T03:04:46Z,-0.007274821601005121,-0.007274821601005121,8.765197420046603,8.695745038986207,8.652546005249024,8.352455997467041,9.629532494544982,8.765197420046603,8.652546005249024,8.352455997467041,9.629532494544982,0.017246545028501963,0.18345446053871745,419099.7,0.5974067745693924,54.346400472575816,0.11999988555908203,0.23736294557836046,0.026760197141017135,21.64586956687377,32.07627588014145,18.496723954030696,8.695745038986207,0.18345446053871745,9.062653960063642,8.328836117908772,0.08438815062595517,0.08403672562306319,0.06012287873625639,0.023913846886806804,9.43000030517578,8.5,8.75,0.03621488910584225,0.15269651561866282,-0.01717448637371044,0.027214782912365454,0.02833421017706616,0.9444483179092447,0.08351106357537574,1.010502644955393,0.011956657732864029,0.02513177973028302,-0.10145731268360225,0.9498534189965873,1750.157717150294
2025-04-23 19:30:00,8.869999885559082,8.979999542236328,8.829999923706055,8.970000267028809,637456,1h,1H,yfinance,730d,2026-04-02T03:04:46Z,0.011274000311153776,0.011274000311153776,8.784702453092526,8.715245056152344,8.665146007537842,8.34255599975586,9.621677494049072,8.784702453092526,8.665146007537842,8.34255599975586,9.621677494049072,0.017273142907664272,0.19069934017176488,402908.75,1.5821349126818418,56.99176347023274,0.14999961853027344,0.23112270793206854,0.02576618740822232,22.083806002469753,31.207387177774297,17.63926307102531,8.715245056152344,0.19069934017176488,9.096643736495874,8.333846375808815,0.08752448792573869,0.08995916125761205,0.06609013524052752,0.02386902601708453,9.43000030517578,8.5,8.75,0.02985077241597245,0.19123506203157326,0.01931819006923785,0.045454585873037745,0.028142681449403083,0.9155555221184807,0.08351106357537574,1.0480585946165144,0.021093237355017225,0.03518166447810245,-0.09941421203348755,1.335899802521621,1750.157717150294
2025-04-24 13:30:00,9.050000190734863,9.199999809265137,8.989999771118164,9.100000381469728,418380,1h,1H,yfinance,730d,2026-04-02T03:04:46Z,0.014492765949936759,0.014492765949936759,8.814730827223688,8.739245080947876,8.681646022796631,8.334306001663208,9.615002493858338,8.814730827223688,8.681646022796631,8.334306001663208,9.615002493858338,0.017470041534953535,0.2067328905706536,401718.0,1.0414768568996162,60.21887566417589,0.22999954223632812,0.23104248181094422,0.025389282651175984,23.162957537307292,35.789828906802185,16.385003186521928,8.739245080947876,0.2067328905706536,9.152710862089183,8.32577929980657,0.0946227682852582,0.10394445002916797,0.07366099819825561,0.030283451830912356,9.43000030517578,8.5,8.75,0.02362205062283307,0.1848959094883582,0.01563638887185892,0.055684513025897164,0.02786692698213558,0.9110901488151916,0.08351106357537574,1.1330566781711888,0.03236282080957098,0.04818836860827602,-0.09707293073068846,1.7450309891476086,1750.157717150294
2025-04-24 14:30:00,9.100000381469728,9.149999618530272,8.8149995803833,8.824999809265137,467374,1h,1H,yfinance,730d,2026-04-02T03:04:46Z,-0.030219841832597405,-0.030219841832597405,8.815708825513349,8.755995082855225,8.687246017456054,8.323056001663208,9.608952493667603,8.815708825513349,8.687246017456054,8.323056001663208,9.608952493667603,0.01852715982267882,0.1992974107399157,411821.0,1.1348959863630073,51.427922679673806,0.3350000381469709,0.23846802154923186,0.027021872714248732,23.180638782879484,32.198573486605305,19.98268304760599,8.755995082855225,0.1992974107399157,9.154589904335056,8.357400261375394,0.09104500806774184,0.09177966538624105,0.0772847316358527,0.01449493375038835,9.43000030517578,8.5,8.829999923706055,0.023781894017131933,0.12277349355708678,-0.019988928693862262,0.03945819165821396,0.02758917505384725,0.9794375026258928,0.08351106357537574,1.0902149268589554,0.0010539122758794761,0.015857015161339083,-0.09592163941063947,0.3462399544164825,1750.157717150294
2025-04-24 15:30:00,8.819999694824219,8.84000015258789,8.585000038146973,8.699999809265137,922371,1h,1H,yfinance,730d,2026-04-02T03:04:46Z,-0.014164306255141867,-0.014164306255141867,8.804688919203995,8.769745063781738,8.692846012115478,8.317156000137329,9.603377494812012,8.804688919203995,8.692846012115478,8.317156000137329,9.603377494812012,0.018751588575338263,0.18495753176036983,439996.1,2.096316308258187,47.9979762274926,0.25500011444091797,0.23964888532720943,0.027545849492087732,22.09974947020453,29.751350419078204,25.319171092012706,8.769745063781738,0.18495753176036983,9.139660127302477,8.399830000260998,0.08436164582445063,0.07123141912313535,0.07607406913330923,-0.0048426500101738795,9.43000030517578,8.5,8.8149995803833,0.005780369125999885,0.1350293349723508,-0.026301130309476117,0.03264090353762783,0.027560885669425723,0.9994544378029668,0.08349781117462347,1.0103455963416883,-0.011890154314313173,0.0008229522459834993,-0.09481367187621503,-0.37708793933821794,1750.157717150294
2025-04-24 16:30:00,8.6899995803833,8.765000343322754,8.670000076293945,8.6850004196167,448519,1h,1H,yfinance,730d,2026-04-02T03:04:46Z,-0.0017240678134801124,-0.0017240678134801124,8.793290014481396,8.777995061874389,8.699446029663086,8.312292003631592,9.59830249786377,8.793290014481396,8.699446029663086,8.312292003631592,9.59830249786377,0.01863619065056628,0.17714878043705665,452288.35,0.9916660466713326,47.587835809466505,0.0950002670288086,0.22931684116303794,0.026403780090221173,21.096066537006354,28.87097578110527,24.56994943417456,8.777995061874389,0.17714878043705665,9.132292622748503,8.423697501000275,0.0807240282950125,0.05312407921144846,0.07148407114893708,-0.01835999193748862,9.43000030517578,8.585000038146973,8.585000038146973,0.016383890236718823,0.11274831654485684,-0.020856760803748542,0.019366191665245003,0.02742337561190081,0.962820203606256,0.08167900240990442,0.9883082054540848,-0.012315025967113424,-0.0016605206811021178,-0.09364744113875723,-0.524952201354454,1750.157717150294
2025-04-24 17:30:00,8.6850004196167,8.765000343322754,8.654999732971191,8.704999923706055,413649,1h,1H,yfinance,730d,2026-04-02T03:04:46Z,0.002302763744741254,0.002302763744741254,8.784881434407554,8.78574504852295,8.70254602432251,8.30744200706482,9.58950249671936,8.784881434407554,8.70254602432251,8.30744200706482,9.58950249671936,0.01863027255510457,0.1702614447366107,462532.55,0.8943132758980963,48.22313126543298,0.1100006103515625,0.22079425324793256,0.02536407296761146,20.09208603812541,27.843572954831597,24.1808751573311,8.78574504852295,0.1702614447366107,9.126267937996172,8.445222159049727,0.07751713431075957,0.03992741631099861,0.06517274018134939,-0.025245323870350778,9.43000030517578,8.585000038146973,8.585000038146973,0.013387633186888737,0.08676650124406282,-0.029542958242355977,0.01812862333490428,0.02742337561190081,0.9249070328382301,0.07984579592739843,0.9708355137600951,-0.009093066457178223,0.00028197488145265126,-0.0924924387579319,-0.4742419808653988,1750.157717150294
2025-04-24 18:30:00,8.710000038146973,8.755000114440918,8.59000015258789,8.595000267028809,652846,1h,1H,yfinance,730d,2026-04-02T03:04:46Z,-0.012636376523989079,-0.012636376523989079,8.766797513704816,8.786995077133179,8.700246028900146,8.302492008209228,9.579477496147156,8.766797513704816,8.700246028900146,8.302492008209228,9.579477496147156,0.018863746942331304,0.16875803001192097,473672.95,1.3782632088237252,44.99282496617269,0.16499996185302734,0.21680894671972506,0.02522500756066566,18.840894467602507,26.3299992548699,25.00784240126214,8.786995077133179,0.16875803001192097,9.124511137157022,8.449479017109336,0.07682172507463376,0.020358235827149684,0.05620983931050945,-0.035851603483359765,9.43000030517578,8.585000038146973,8.585000038146973,-0.047645359520966823,0.08658554067164581,-0.05549451574411446,0.0029172197310214365,0.02742337561190081,0.9198359792628471,0.07824234893527197,0.9818432871715871,-0.01959635162183715,-0.012096871918533814,-0.0917828208898277,-1.137692885433707,1750.157717150294
2025-04-24 19:30:00,8.595000267028809,8.71500015258789,8.539999961853027,8.710000038146973,1298731,1h,1H,yfinance,730d,2026-04-02T03:04:46Z,0.01337984497328204,0.01337984497328204,8.761388230318355,8.794495058059692,8.702946033477783,8.298592004776001,9.571052494049072,8.761388230318355,8.702946033477783,8.298592004776001,9.571052494049072,0.019071596906631877,0.161688299063289,516050.45,2.516674484054805,48.850453575913434,0.17500019073486328,0.21382260700652064,0.0245490936934612,17.5558819970539,24.790754391984056,25.216173266916524,8.794495058059692,0.161688299063289,9.117871656186269,8.471118459933114,0.0735406856201982,0.013968025043507026,0.047761476457108966,-0.03379345141360194,9.43000030517578,8.585000038146973,8.585000038146973,-0.010227289845135212,0.09176600450341232,-0.013031135819111195,0.017523319062756615,0.02718757834651271,0.902952568286026,0.07716942969269666,0.9529769225074125,-0.005865302486374957,0.0008105306688166447,-0.09070125371384652,-0.5225796820315703,1750.157717150294
2025-04-25 13:30:00,8.539999961853027,8.630000114440918,8.25,8.4399995803833,1320552,1h,1H,yfinance,730d,2026-04-02T03:04:46Z,-0.03099890431471386,-0.03099890431471386,8.730779787467398,8.78099503517151,8.70244602203369,8.293522005081178,9.561027493476868,8.730779787467398,8.70244602203369,8.293522005081178,9.561027493476868,0.019890371850437835,0.17856997844303538,552609.9,2.3896640288203304,41.49299157308049,0.46000003814697266,0.23140670923083864,0.027417857907088825,17.585131125164672,21.270746571767173,30.587222477335864,8.78099503517151,0.17856997844303538,9.13813499205758,8.423855078285438,0.08134384667240512,-0.01273622818457909,0.03566193552877136,-0.04839816371335045,9.43000030517578,8.539999961853027,8.539999961853027,-0.05802523774003909,0.04390841565384718,-0.029885084434708387,-0.03099890431471386,0.02718757834651271,1.008470028394627,0.07716942969269666,1.0540941794740712,-0.03330518168623353,-0.03015777874242509,-0.08980012577402952,-1.9095900540582047,1750.157717150294
2025-04-25 14:30:00,8.430000305175781,8.569999694824219,8.25,8.46030044555664,785525,1h,1H,yfinance,730d,2026-04-02T03:04:46Z,0.002405315898418303,0.002405315898418303,8.705019850142564,8.759510040283203,8.703462028503418,8.288575010299683,9.551003994941711,8.705019850142564,8.703462028503418,8.288575010299683,9.551003994941711,0.01926694725344358,0.18966753893576652,581520.15,1.350813037175066,42.19790813287662,0.31999969482421875,0.2377347796303658,0.02810003984612915,17.61229102983896,19.225660740575716,27.646399733157796,8.759510040283203,0.18966753893576652,9.138845118154736,8.38017496241167,0.08661102644486912,-0.03189377946700667,0.022150792529615757,-0.05404457199662242,9.43000030517578,8.25,8.25,-0.06048857989582557,0.019927711602450993,-0.02587218920019063,-0.04833519473245684,0.02724605643420018,1.031343376755875,0.07824234893527197,1.106958413486798,-0.028112446473274377,-0.02793848955167899,-0.08873852077615696,-1.5775477259073514,1750.157717150294
2025-04-25 15:30:00,8.460000038146973,8.550000190734863,8.420000076293945,8.460000038146973,845226,1h,1H,yfinance,730d,2026-04-02T03:04:46Z,-3.550788906392377e-05,-3.550788906392377e-05,8.681684629952509,8.751510047912598,8.705062026977538,8.29787500858307,9.540178995132447,8.681684629952509,8.705062026977538,8.29787500858307,9.540178995132447,0.018158715061795047,0.1985495740449864,604720.8,1.3977127957232494,42.189807515081974,0.13000011444091797,0.2300394464025481,0.02719142380204227,17.637510941322226,18.449601883974385,26.530431150565647,8.751510047912598,0.1985495740449864,9.148609196002571,8.354410899822625,0.09074985823382303,-0.04656375921706335,0.008407882180279935,-0.054971641397343285,9.43000030517578,8.25,8.25,-0.053161763756257696,0.014388475223450214,-0.028144731499868403,-0.018561467463607983,0.0271328393816769,1.002159170278542,0.07984579592739843,1.1365640129173409,-0.025534743687959605,-0.02815166486707421,-0.0875368238458627,-1.4681976084198318,1750.157717150294
2025-04-25 16:30:00,8.46500015258789,8.510000228881836,8.399999618530273,8.420000076293945,536496,1h,1H,yfinance,730d,2026-04-02T03:04:46Z,-0.004728127857288822,-0.004728127857288822,8.656762291508835,8.740010070800782,8.704462032318116,8.305075011253358,9.528878993988037,8.656762291508835,8.704462032318116,8.305075011253358,9.528878993988037,0.018150716108248106,0.2104029671376665,615514.15,0.8716225289053062,41.05955602460976,0.1100006103515625,0.2214652438274777,0.02630228525187323,17.74677814739603,17.79504336502441,26.234248641223296,8.740010070800782,0.2104029671376665,9.160816005076114,8.31920413652545,0.09629415317979766,-0.06071757211245554,-0.005417208678267161,-0.055300363434188385,9.43000030517578,8.25,8.25,-0.05073278636652123,0.017522714736925238,-0.020360696369746467,-0.02658954362768029,0.027048063837780134,0.9724276535880835,0.08103393748370881,1.1883188225816719,-0.027349973031733033,-0.03268001571699819,-0.08651772807589042,-1.5209386011056314,1750.157717150294
2025-04-25 17:30:00,8.420000076293945,8.479999542236328,8.33080005645752,8.470000267028809,465912,1h,1H,yfinance,730d,2026-04-02T03:04:46Z,0.005938264879074673,0.005938264879074673,8.638975432034547,8.736260080337525,8.704822044372559,8.315175013542175,9.519528994560241,8.638975432034547,8.704822044372559,8.315175013542175,9.519528994560241,0.018032354224069975,0.21447416152215298,623727.1,0.7469805304274899,43.11115023379341,0.1491994857788086,0.2163034039668585,0.02553759116264297,18.14711472942326,16.918294954233254,27.226842425525067,8.736260080337525,0.21447416152215298,9.16520840338183,8.307311757293219,0.09819953140125236,-0.06712618441219043,-0.017759003825051814,-0.04936718058713861,9.43000030517578,8.25,8.25,-0.0557413584298162,-0.008777040210123044,-0.027554508618489404,-0.008777040210123044,0.026891034927632933,0.9496693314841825,0.08198891159860072,1.197717221592295,-0.01955963022873697,-0.02697605719528251,-0.08558269538894536,-1.241454035390712,1750.157717150294
2025-04-25 18:30:00,8.470000267028809,8.54990005493164,8.46500015258789,8.489999771118164,642335,1h,1H,yfinance,730d,2026-04-02T03:04:46Z,0.0023612164650346212,0.0023612164650346212,8.624787273852034,8.731260061264038,8.707522048950196,8.32458701133728,9.507278995513916,8.624787273852034,8.707522048950196,8.32458701133728,9.507278995513916,0.017998769719796148,0.21894468351953572,622325.65,1.0321525394301199,43.951527112492236,0.08489990234375,0.2069174395652079,0.024371901665900295,18.049161339934972,18.83544664932615,26.428885704265685,8.731260061264038,0.21894468351953572,9.16914942830311,8.293370694224967,0.10030381960142358,-0.06978680415656591,-0.028164563891354633,-0.041622240265211274,9.43000030517578,8.25,8.25,-0.06703303129455962,0.008313502872915546,0.005924193509567965,-0.01164148774078888,0.026891034927632933,0.9063207024753069,0.08349781117462347,1.201274838111059,-0.01562792199437868,-0.024980962047435384,-0.08412048778005687,-1.1019234916674612,1750.157717150294
2025-04-25 19:30:00,8.494999885559082,8.630000114440918,8.46500015258789,8.614999771118164,935949,1h,1H,yfinance,730d,2026-04-02T03:04:46Z,0.014723204166062986,0.014723204166062986,8.623855130734523,8.710760068893432,8.711470050811768,8.335637006759644,9.494928994178771,8.623855130734523,8.711470050811768,8.335637006759644,9.494928994178771,0.014206457361364033,0.20947124177883378,620613.8,1.5081021401715526,49.02047892728045,0.16499996185302734,0.20392333401433785,0.023670730055964945,17.44334268892792,20.552533821185808,24.901433118749527,8.710760068893432,0.20947124177883378,9.1297025524511,8.291817585335764,0.09618965055729936,-0.06110453410835248,-0.03475255793475421,-0.026351976173598274,9.43000030517578,8.25,8.25,-0.023796038831241595,0.031119119464636524,0.018285322909870283,-0.045429347893853556,0.026581988615619154,0.8904800313568866,0.0843748982252029,1.1400268632095059,-0.001026844663101878,-0.011073938053040133,-0.08251340729849932,-0.4571524805126927,1750.157717150294
2025-04-28 13:30:00,8.5600004196167,8.760000228881836,8.404999732971191,8.425000190734863,999226,1h,1H,yfinance,730d,2026-04-02T03:04:46Z,-0.022054507885220787,-0.022054507885220787,8.60491656502027,8.692010068893433,8.713470058441162,8.345187010765075,9.48090449333191,8.60491656502027,8.713470058441162,8.345187010765075,9.48090449333191,0.013988725482261377,0.217281807943769,646805.4,1.544863416415509,42.6992446900273,0.35500049591064453,0.21471455986407403,0.025485407122031855,16.27609910847253,22.45002033569451,21.960644755805177,8.692010068893433,0.217281807943769,9.12657368478097,8.257446453005896,0.09999151230685606,-0.06876249949593216,-0.0415545462469898,-0.02720795324894236,9.199999809265137,8.25,8.33080005645752,-0.03160915224818861,-0.014619882714792864,-0.004137097784195243,-0.04261363544001073,0.026353032671047202,0.9670768233832698,0.08549958853541215,1.1694970001573946,-0.02090855535041236,-0.03310619830808326,-0.08094527641645344,-1.2288643981997331,1750.157717150294
2025-04-28 14:30:00,8.429800033569336,8.510000228881836,8.335000038146973,8.380000114440918,658367,1h,1H,yfinance,730d,2026-04-02T03:04:46Z,-0.005341255225540853,-0.005341255225540853,8.58349595067938,8.66301507949829,8.710870056152343,8.354588012695313,9.466005492210389,8.58349595067938,8.710870056152343,8.354588012695313,9.466005492210389,0.013203736458418427,0.21828865544012943,667046.05,0.9869888293319479,41.33956828156447,0.17500019073486328,0.21187781921198756,0.02528374896402054,15.42080375995651,21.12555153996529,23.02488764056783,8.66301507949829,0.21828865544012943,9.099592390378549,8.226437768618032,0.10079107721131708,-0.0775684613757921,-0.04875732927275026,-0.028811132103041835,9.199999809265137,8.25,8.33080005645752,-0.03511805301550486,-0.0378874767233941,-0.004750589250663406,-0.06472168151690405,0.026034236330047776,0.9711730601000556,0.0870677571853039,1.1576165559979479,-0.023707803604469002,-0.03798356990502194,-0.07977339931605254,-1.2965170566777142,1750.157717150294
2025-04-28 15:30:00,8.385000228881836,8.484999656677246,8.329999923706055,8.46500015258789,389885,1h,1H,yfinance,730d,2026-04-02T03:04:46Z,0.010143202504316884,0.010143202504316884,8.572210636575429,8.63601508140564,8.700370063781738,8.366738014221191,9.451980490684509,8.572210636575429,8.700370063781738,8.366738014221191,9.451980490684509,0.013409415952783983,0.2074457629227153,670059.3,0.5818664109281073,44.908131736547084,0.1549997329711914,0.2078150987662164,0.02454992262494926,14.654591332954636,20.0000816710413,21.97009009282075,8.63601508140564,0.2074457629227153,9.05090660725107,8.22112355556021,0.09608402068188618,-0.07680311836537435,-0.05436648709127508,-0.022436631274099263,9.199999809265137,8.25,8.33080005645752,-0.02757033580949042,-0.012827948585887206,-0.0005903322648502796,-0.05996668017661133,0.025651889285432647,0.9570415009895907,0.08913717307978086,1.077934349520908,-0.012506748671118562,-0.027052862058552618,-0.0795188296932614,-0.8243838119820343,1750.157717150294
2025-04-28 16:30:00,8.46500015258789,8.5600004196167,8.430000305175781,8.449999809265137,365726,1h,1H,yfinance,730d,2026-04-02T03:04:46Z,-0.0017720428886428552,-0.0017720428886428552,8.560571510164925,8.611765050888062,8.689970054626464,8.381338014602662,9.43795548915863,8.560571510164925,8.689970054626464,8.381338014602662,9.43795548915863,0.013366242017554366,0.19926402842635707,672744.9,0.5436325121156622,44.39485968332615,0.13000011444091797,0.20225688560012367,0.023935726646804878,13.736521529305532,21.730576663423697,20.961431433713795,8.611765050888062,0.19926402842635707,9.010293107740775,8.213236994035348,0.0925543264354655,-0.07652485002267007,-0.058798159677554085,-0.01772669034511598,9.199999809265137,8.25,8.329999923706055,-0.016870326149948656,-0.0017720428886428552,-0.004711420839974778,-0.0542809835002076,0.025511499142337413,0.9382328538695135,0.09089743315078244,1.0182281636262993,-0.01291639241241005,-0.027614622818357026,-0.07925290974209154,-0.811813566655406,1750.157717150294
2025-04-28 17:30:00,8.45009994506836,8.555000305175781,8.420000076293945,8.550000190734863,288783,1h,1H,yfinance,730d,2026-04-02T03:04:46Z,0.011834364938100972,0.011834364938100972,8.559564717838253,8.59576506614685,8.676770057678223,8.39773901462555,9.425605487823486,8.559564717838253,8.676770057678223,8.39773901462555,9.425605487823486,0.013684030666116086,0.1905430054307682,674665.4,0.4280388471085074,48.6115642058055,0.13500022888183594,0.19745283869167454,0.02309389874700151,12.819819802075992,20.669334885121174,20.299510206931313,8.59576506614685,0.1905430054307682,8.976851077008387,8.214679055285313,0.08866831699772443,-0.0674575170440761,-0.06053003115085849,-0.006927485893217608,9.199999809265137,8.25,8.329999923706055,-0.018369672412326343,0.01670730324336578,-0.007544931179361392,-0.03607662896875552,0.02543734488660392,0.9078737914649049,0.09089743315078244,0.9754765775469114,-0.0011174081181321016,-0.014610260050763713,-0.07944693114014267,-0.24018134545807185,1750.157717150294
2025-04-28 18:30:00,8.550000190734863,8.640000343322754,8.520000457763672,8.614999771118164,851761,1h,1H,yfinance,730d,2026-04-02T03:04:46Z,0.007602289933716921,0.007602289933716921,8.564844246722053,8.578015041351318,8.671370048522949,8.414489011764527,9.414080486297607,8.564844246722053,8.671370048522949,8.414489011764527,9.414080486297607,0.013531974483085992,0.17031580359190515,685380.65,1.242756123914499,51.20189237772697,0.11999988555908203,0.19192048489648936,0.02227747997625071,12.49793847577848,22.90972924023543,19.392907475429187,8.578015041351318,0.17031580359190515,8.918646648535129,8.237383434167507,0.07941968055354454,-0.05439958289016644,-0.059303941498720085,0.0049043586085536425,9.199999809265137,8.329999923706055,8.329999923706055,0.020734620786191593,0.028042918074939083,0.022551878466690933,-0.03957641977063553,0.025376677809393722,0.8778721999616602,0.09089743315078244,0.8737285289651867,0.0058559762385996805,-0.006500734842285527,-0.07889357211845482,0.21715383415308762,1750.157717150294
2025-04-28 19:30:00,8.614999771118164,8.649999618530273,8.569999694824219,8.619999885559082,1252436,1h,1H,yfinance,730d,2026-04-02T03:04:46Z,0.0005803963521486821,0.0005803963521486821,8.570097164706532,8.554015016555786,8.66807004928589,8.432489008903504,9.403880486488342,8.570097164706532,8.66807004928589,8.432489008903504,9.403880486488342,0.013017976953401152,0.12204988060297767,727083.45,1.7225478038318711,51.40481790313799,0.07999992370605469,0.1839261590971726,0.021337141709862492,12.260512370023532,22.5862884658502,18.790402051479113,8.554015016555786,0.12204988060297767,8.798114777761741,8.30991525534983,0.05707255849645223,-0.043150199903752906,-0.05607319317972665,0.012922993275973745,9.199999809265137,8.329999923706055,8.329999923706055,0.018876331996733775,0.020118352678250462,0.028639590434441864,-0.05274730503177427,0.025323910965816,0.8425689751738927,0.08970908761577373,0.6361959530888935,0.005822888573312923,-0.005545659351330223,-0.07824540499633936,0.5406385379264879,1750.157717150294
2025-04-29 13:30:00,8.609999656677246,8.649999618530273,8.479999542236328,8.489999771118164,424594,1h,1H,yfinance,730d,2026-04-02T03:04:46Z,-0.015081219972949755,-0.015081219972949755,8.56246884150764,8.537265014648437,8.659870052337647,8.448729004859924,9.393130483627319,8.56246884150764,8.659870052337647,8.448729004859924,9.393130483627319,0.011771644931899942,0.10558821184081257,724944.45,0.5856917726592706,46.043732846939,0.1700000762939453,0.1829314388969421,0.021546695386170708,11.389797746557349,21.087026234232393,21.05731125584362,8.537265014648437,0.10558821184081257,8.748441438330062,8.326088590966812,0.04947168052515262,-0.04421522008457046,-0.05370159856069542,0.009486378476124956,9.149999618530272,8.329999923706055,8.329999923706055,0.0035460677111016636,0.004495990099479208,0.0029532921535306844,-0.03796034508638346,0.0252543782623431,0.85318653115682,0.08763967172129677,0.5644895690900997,-0.00846357186588198,-0.019615800259453975,-0.07806347761992449,-0.4476375033373137,1750.157717150294
2025-04-29 14:30:00,8.489999771118164,8.65999984741211,8.489999771118164,8.595000267028809,281961,1h,1H,yfinance,730d,2026-04-02T03:04:46Z,0.01236754991064215,0.01236754991064215,8.565567072509655,8.53201503753662,8.659104061126708,8.465179009437561,9.382655487060546,8.565567072509655,8.659104061126708,8.465179009437561,9.382655487060546,0.011805584273691942,0.09981906390810318,692923.95,0.4069147848043065,50.53130671261625,0.1700000762939453,0.1820077701395852,0.021176005175681415,10.651793855006215,20.07263736718174,19.65244795275756,8.53201503753662,0.09981906390810318,8.731653165352826,8.332376909720415,0.04679741583621159,-0.036169652517299866,-0.05019520935201631,0.014025556834716443,8.84000015258789,8.329999923706055,8.420000076293945,0.020783870445270747,0.02872540250651423,0.017159817874159433,-0.012068913165320772,0.02488746509280746,0.8508703114887074,0.08763967172129677,0.5339752524978895,0.0034362225256068246,-0.007403051591177934,-0.07711584710018127,0.6309939907889194,1750.157717150294
2025-04-29 15:30:00,8.595000267028809,8.630000114440918,8.550000190734863,8.585399627685547,336579,1h,1H,yfinance,730d,2026-04-02T03:04:46Z,-0.0011170027975555552,-0.0011170027975555552,8.567455887288311,8.527034997940063,8.653012046813965,8.462033009529113,9.370757484436036,8.567455887288311,8.653012046813965,8.462033009529113,9.370757484436036,0.011803272552542063,0.09439975684219608,687326.95,0.4896927146534848,50.12083662504427,0.07999992370605469,0.17472149539433302,0.020351003211417716,9.966504527137305,19.41616018153689,19.009713094997828,8.527034997940063,0.09439975684219608,8.715834511624456,8.338235484255671,0.04428257037293783,-0.030219818359302764,-0.0462001311534736,0.015980312794170837,8.765000343322754,8.329999923706055,8.420000076293945,0.013624481348123885,0.019934417893947343,0.004140284931109628,-0.011468138988938392,0.02454950815920523,0.8289780422255336,0.08763967172129677,0.5052799662892506,0.0020944070950932314,-0.007813743788015692,-0.07659417489078979,0.618270975454407,1750.157717150294
2025-04-29 16:30:00,8.585000038146973,8.6850004196167,8.569999694824219,8.619999885559082,248334,1h,1H,yfinance,730d,2026-04-02T03:04:46Z,0.004030127818623441,0.004030127818623441,8.572460077599812,8.522784996032716,8.647212047576904,8.468283009529113,9.359357485771179,8.572460077599812,8.647212047576904,8.468283009529113,9.359357485771179,0.01182980156155647,0.08798749542980164,679061.2,0.36570194262313915,51.645322278647036,0.11500072479248047,0.17045572606562925,0.019774446441837013,9.749117710571243,20.785245489923053,18.093626540072815,8.522784996032716,0.08798749542980164,8.698759986892318,8.346810005173113,0.04129518483489078,-0.022453747455182693,-0.04145085441381542,0.01899710695863273,8.765000343322754,8.329999923706055,8.479999542236328,0.015312145812201416,0.035435445411738264,0.0005803963521486821,-0.009764507626874863,0.024460497679680747,0.8084237165077626,0.08763967172129677,0.4711928288163121,0.0055456435526008985,-0.0031469289602360506,-0.07608913745168233,1.1048716530853713,1750.157717150294
2025-04-29 17:30:00,8.619999885559082,8.670000076293945,8.59000015258789,8.609999656677246,278975,1h,1H,yfinance,730d,2026-04-02T03:04:46Z,-0.00116011937524374,-0.00116011937524374,8.576035275607188,8.523534965515136,8.64361204147339,8.473452010154723,9.345407485961914,8.576035275607188,8.64361204147339,8.473452010154723,9.345407485961914,0.011496968821698272,0.08866117798168417,660367.65,0.4224540678211599,51.15864785130063,0.07999992370605469,0.16399459732565966,0.01904699231880668,9.547258523759899,20.060997740074733,17.46316642284222,8.523534965515136,0.08866117798168417,8.700857321478505,8.346212609551767,0.04160770306704605,-0.016911074863267928,-0.03654289850370593,0.019631823640438,8.760000228881836,8.329999923706055,8.479999542236328,-0.0005803963521485711,0.01175081376097098,-0.00116011937524374,0.0017451296314645592,0.024153814156352586,0.7885707903319782,0.08763967172129677,0.47475877362209723,0.003960382621869929,-0.0038886966044826554,-0.07509522142749991,0.9752260586924771,1750.157717150294
2025-04-29 18:30:00,8.604999542236328,8.630000114440918,8.569999694824219,8.579999923706055,297475,1h,1H,yfinance,730d,2026-04-02T03:04:46Z,-0.003484289682628039,-0.003484289682628039,8.576412861140414,8.51703495979309,8.639012031555175,8.482102007865906,9.33145748615265,8.576412861140414,8.639012031555175,8.482102007865906,9.33145748615265,0.011107869188852284,0.07899055523484137,610304.85,0.4874203441116354,49.64719574555294,0.06000041961669922,0.15656644177501963,0.018247837198976588,9.17353399333848,19.511861508157583,17.897600178872388,8.51703495979309,0.07899055523484137,8.675016070262773,8.359053849323407,0.037097678057087746,-0.01476894740162571,-0.032188108283289885,0.017419160881664175,8.760000228881836,8.329999923706055,8.479999542236328,0.018397594001439588,-0.0456062133315398,0.010600724972226638,-0.014925386207986224,0.02380322835138491,0.7666118616181279,0.08763967172129677,0.42329777517951234,0.00041824742158746986,-0.006830886174665651,-0.07420549851135505,0.7971201585527256,1750.157717150294
2025-04-29 19:30:00,8.579299926757812,8.630000114440918,8.5600004196167,8.600000381469727,582370,1h,1H,yfinance,730d,2026-04-02T03:04:46Z,0.0023310557041396063,0.0023310557041396063,8.578659291647968,8.525034999847412,8.635612030029296,8.488552012443542,9.318432488441466,8.578659291647968,8.635612030029296,8.488552012443542,9.318432488441466,0.008667770083798014,0.07888566251922083,573395.75,1.0156510577554856,50.693096065880894,0.06999969482421875,0.15038310270710528,0.0174864065158803,8.729921666628957,18.86312584264886,17.77747886143025,8.525034999847412,0.07888566251922083,8.682806324885853,8.36726367480897,0.037013648633997365,-0.011326857205212093,-0.02801585806767433,0.016689000862462236,8.760000228881836,8.420000076293945,8.489999771118164,0.02625301480004638,-0.04124859247987955,0.0005817468627777878,0.01895744182953618,0.02338231440148323,0.7478475490335152,0.08763967172129677,0.42233896940765137,0.002487695232579634,-0.004123812931351556,-0.07327632187700417,0.9503042660515043,1750.157717150294
2025-04-30 13:30:00,8.300000190734863,8.479999542236328,8.119999885559082,8.305000305175781,624839,1h,1H,yfinance,730d,2026-04-02T03:04:46Z,-0.034302332931237633,-0.034302332931237633,8.55259653103157,8.51726999282837,8.629012031555176,8.493002014160156,9.304557490348817,8.55259653103157,8.629012031555176,8.493002014160156,9.304557490348817,0.011571158404443622,0.09150894838261033,565361.45,1.10520269820307,38.11686118074816,0.48000049591064453,0.1739272022216438,0.020942467890488838,10.69324095761103,15.144694205224074,32.343036948459705,8.51726999282837,0.09150894838261033,8.70028788959359,8.33425209606315,0.042975718022165044,-0.0320337515168827,-0.028819436757516005,-0.0032143147593666974,8.760000228881836,8.420000076293945,8.550000190734863,-0.018901340168693936,-0.09826272847152728,-0.03266001987904621,-0.01835633868799813,0.022685689361626113,0.9231576592913233,0.08404399877563448,0.5113478493199005,-0.028949831195407172,-0.03754911051166987,-0.07260371699506962,-2.3196604420046683,1750.157717150294
2025-04-30 14:30:00,8.305000305175781,8.460000038146973,8.300000190734863,8.40999984741211,219837,1h,1H,yfinance,730d,2026-04-02T03:04:46Z,0.012642930569296995,0.012642930569296995,8.539015894496384,8.514769983291625,8.625612030029297,8.498402013778687,9.290082488059998,8.539015894496384,8.625612030029297,8.498402013778687,9.290082488059998,0.01194027141871891,0.09369626142930275,534092.0,0.41160886139466607,43.49055396759464,0.15999984741210938,0.17293239116381992,0.02056271038067069,12.516323156380098,14.14382876145509,30.205586856064276,8.514769983291625,0.09369626142930275,8.70216250615023,8.32737746043302,0.044015874351584876,-0.03951601290441609,-0.030958751986896023,-0.008557260917520064,8.760000228881836,8.119999885559082,8.119999885559082,-0.004733723403066659,-0.05346093069594715,-0.02436195370475369,-0.005910188003476091,0.02191208768121071,0.9384185879423488,0.06824611952499839,0.6449579061482311,-0.015109006550442006,-0.024996740157863906,-0.07152471023639528,-1.1181890747964238,1750.157717150294
2025-04-30 15:30:00,8.40999984741211,8.5,8.3149995803833,8.319999694824219,241261,1h,1H,yfinance,730d,2026-04-02T03:04:46Z,-0.010701564116625373,-0.010701564116625373,8.51815720881332,8.50976996421814,8.6196120262146,8.50700201034546,9.274032487869263,8.51815720881332,8.6196120262146,8.50700201034546,9.274032487869263,0.012122512024282071,0.10100344407474136,519330.25,0.4645618082135597,40.263181341752365,0.18500041961669922,0.17379439319616843,0.020888749948426565,13.833892416880147,14.712391378138312,27.90892956532077,8.50976996421814,0.10100344407474136,8.711776852367622,8.307763076068658,0.04747646270084384,-0.052107357925542885,-0.035188473174625395,-0.01691888475091749,8.760000228881836,8.119999885559082,8.119999885559082,-0.026900642196462488,-0.0529311509009156,-0.03368176230159614,-0.011876529758149568,0.0214419185480166,0.9742015343285965,0.05327211951080242,0.8912065661516744,-0.023262955722873735,-0.0347593755356016,-0.0705648230702951,-1.8788494900579216,1750.157717150294
2025-04-30 16:30:00,8.3100004196167,8.390000343322754,8.300000190734863,8.385000228881836,308242,1h,1H,yfinance,730d,2026-04-02T03:04:46Z,0.007812564476180617,0.007812564476180617,8.505475591676989,8.50551996231079,8.617512035369874,8.516262011528015,9.259957489967347,8.505475591676989,8.617512035369874,8.516262011528015,9.259957489967347,0.012179211687600198,0.10432126389578945,511446.75,0.6026863989261835,43.522934090390514,0.09000015258789062,0.16780909029557717,0.020013009626113628,15.13298292820709,14.148775789464246,27.47822373304029,8.50551996231079,0.10432126389578945,8.71416249010237,8.296877434519212,0.04906049923252297,-0.05619332799817656,-0.03938944413933563,-0.016803883858840928,8.760000228881836,8.119999885559082,8.119999885559082,-0.026697568003124394,-0.05786510244069909,-0.022727237361091945,-0.01003542331372198,0.021256573442771952,0.9414974468953657,0.04926608987883779,0.9958269339657269,-0.014164447536954117,-0.02698131497045919,-0.06937887731056291,-1.1552748589141573,1750.157717150294
2025-04-30 17:30:00,8.390000343322754,8.460000038146973,8.375,8.420000076293945,185208,1h,1H,yfinance,730d,2026-04-02T03:04:46Z,0.004174102141530467,0.004174102141530467,8.497335066402414,8.50201997756958,8.617412033081054,8.526712012290954,9.243982491493226,8.497335066402414,8.617412033081054,8.526712012290954,9.243982491493226,0.01220635868118259,0.1059448674363707,488590.4,0.37906598246711354,45.25521853656105,0.08500003814697266,0.16189415799924828,0.019227334505026016,15.664398581289413,16.706585812749143,26.447722388217954,8.50201997756958,0.1059448674363707,8.713909712442321,8.290130242696838,0.0498445629231074,-0.05596219617607545,-0.042703994546683596,-0.013258201629391855,8.760000228881836,8.119999885559082,8.119999885559082,-0.02320183432950995,-0.02470663078333457,-0.020930267115292778,-0.008244958387672585,0.021059236533085127,0.9130119448926318,0.04926608987883779,1.0117418095426747,-0.009101087517925821,-0.022908496893182306,-0.0677814414932928,-0.774175316467262,1750.157717150294
2025-04-30 18:30:00,8.430000305175781,8.430000305175781,8.34000015258789,8.359999656677246,325442,1h,1H,yfinance,730d,2026-04-02T03:04:46Z,-0.0071259405074861615,-0.0071259405074861615,8.484255503571445,8.489269971847534,8.614212017059327,8.530410008430481,9.22748249053955,8.484255503571445,8.614212017059327,8.530410008430481,9.22748249053955,0.011779735654082555,0.10692062092974393,458065.05,0.7104711437818712,42.829909650037415,0.09000015258789062,0.156758871898437,0.018751062001926225,16.363072051233797,16.021459280442034,26.95791711190369,8.489269971847534,0.10692062092974393,8.703111213707022,8.275428729988047,0.05037918279631502,-0.059929722425321685,-0.04614914012241122,-0.013780582302910467,8.760000228881836,8.119999885559082,8.119999885559082,-0.015312145812201416,-0.05961762274211713,0.0066224382276287574,-0.02959954976386736,0.0209156089194577,0.8965104517938368,0.04926608987883779,1.0225934901717328,-0.014645462626849626,-0.029510808403443778,-0.06646129907143983,-1.2090307187350682,1750.157717150294
2025-04-30 19:30:00,8.369999885559082,8.460000038146973,8.350000381469727,8.399999618530273,352189,1h,1H,yfinance,730d,2026-04-02T03:04:46Z,0.00478468462867454,0.00478468462867454,8.476231133567524,8.488019943237305,8.611212005615235,8.524510006904602,9.21168248653412,8.476231133567524,8.611212005615235,8.524510006904602,9.21168248653412,0.010845590176132945,0.10780717123332519,425713.2,0.8272917071869043,44.94807976552344,0.1099996566772461,0.15341892795406623,0.018264158919201183,16.71509504177277,16.597667879111995,25.577308163494106,8.488019943237305,0.10780717123332519,8.703634285703956,8.272405600770654,0.05080439110853841,-0.059164343214371584,-0.04875218074080329,-0.010412162473568291,8.760000228881836,8.119999885559082,8.300000190734863,-0.022687683820857507,-0.05723908390750021,-0.0011890878791054327,-0.002967426900723824,0.02072573016454863,0.8812311447749154,0.04926608987883779,1.0312243418035372,-0.008993562567608415,-0.0245276027285396,-0.06518575534889182,-0.816460757666393,1750.157717150294
2025-05-01 13:30:00,8.425000190734863,8.970000267028809,8.350000381469727,8.9399995803833,808927,1h,1H,yfinance,730d,2026-04-02T03:04:46Z,0.06428571266381922,0.06428571266381922,8.520399557073787,8.516019916534423,8.618612003326415,8.525110001564025,9.19873248577118,8.520399557073787,8.618612003326415,8.525110001564025,9.19873248577118,0.0176446530633721,0.1430707975575848,433241.2,1.8671516005402995,64.22075390743949,0.619999885559082,0.18674613921156735,0.02088883086989593,17.270486127019907,32.16864218774135,19.511805780256058,8.516019916534423,0.1430707975575848,8.802161511649594,8.229878321419253,0.06720078109719005,-0.0148135295740488,-0.0419644505074524,0.0271509209334036,8.6850004196167,8.119999885559082,8.300000190734863,0.04130267291859857,0.017064803092291747,0.0745192197476614,0.06682571101369783,0.02072573016454863,1.0078694793405294,0.04926608987883779,1.3640372366156885,0.049246519543928446,0.037289946099539506,-0.06306526288726277,2.9634255982827593,1750.157717150294
2025-05-01 14:30:00,8.937199592590332,9.020000457763672,8.880000114440918,8.920000076293945,492293,1h,1H,yfinance,730d,2026-04-02T03:04:46Z,-0.002237081099336957,-0.002237081099336957,8.558456749380468,8.538769912719726,8.62581199645996,8.527210001945496,9.184907484054566,8.558456749380468,8.62581199645996,8.527210001945496,9.184907484054566,0.01761409295905406,0.16727683176590993,438361.6,1.1230294806844396,63.33638601552428,0.1400003433227539,0.18340715379093783,0.020561339935227813,17.9929119144172,32.36196621055671,18.447951223557382,8.538769912719726,0.16727683176590993,8.873323576251545,8.204216249187906,0.07836109110598087,0.018507672006816023,-0.029870026004598718,0.04837769801141474,8.970000267028809,8.119999885559082,8.300000190734863,0.03480280681180137,0.012485772013394847,0.06380439270225913,0.053750728352551125,0.020562025157949252,0.9999666753290994,0.04926608987883779,1.5905685086577332,0.04224398597792156,0.03410555202857646,-0.06087110714672106,2.2790374467859333,1750.157717150294
2025-05-01 15:30:00,8.914999961853027,8.949999809265137,8.699999809265137,8.779999732971191,309580,1h,1H,yfinance,730d,2026-04-02T03:04:46Z,-0.01569510561942966,-0.01569510561942966,8.579556081151013,8.555269908905029,8.627211990356445,8.536110000610352,9.170607481002808,8.579556081151013,8.627211990356445,8.536110000610352,9.170607481002808,0.018049725994861515,0.1738530221684002,435554.3,0.7107724570736645,57.37962931027172,0.25,0.1881637856630137,0.02143095573868978,17.486694748167366,29.290746891049075,23.530165964034936,8.555269908905029,0.1738530221684002,8.902975953241828,8.207563864568229,0.08128464631487047,0.033234994324974565,-0.01724902193868406,0.05048401626365863,9.020000457763672,8.119999885559082,8.34000015258789,0.019744492807512115,0.0011401681511507,0.04275530325597088,0.039053246290517096,0.020562025157949252,1.0422589980347632,0.04926608987883779,1.649910648780475,0.023362939751690126,0.01770997893473969,-0.05925403434527354,1.292642608470053,1750.157717150294
2025-05-01 16:30:00,8.789999961853027,8.789999961853027,8.579999923706055,8.670000076293945,480619,1h,1H,yfinance,730d,2026-04-02T03:04:46Z,-0.01252843508231194,-0.01252843508231194,8.58816979497415,8.561269903182984,8.622811985015868,8.545859999656678,9.154857482910156,8.58816979497415,8.622811985015868,8.545859999656678,9.154857482910156,0.018171805314806243,0.1756292556914295,445146.1,1.0796882192161181,53.14995978543657,0.21000003814697266,0.18972351798329648,0.02188275851369948,16.343423984615015,26.974949208995923,26.18766194287811,8.561269903182984,0.1756292556914295,8.912528414565843,8.210011391800125,0.08205757214879192,0.035619846955260215,-0.006675248159895206,0.04229509511515542,9.020000457763672,8.119999885559082,8.34000015258789,0.01048952836692063,0.004053253790896827,0.03708139142913702,0.014035074021298666,0.020562025157949252,1.0642316768705846,0.04926608987883779,1.665599448841985,0.009528256109664124,0.005472471319109884,-0.05811619666253509,0.6190891869518266,1750.157717150294
2025-05-01 17:30:00,8.65999984741211,8.859999656677246,8.65999984741211,8.829999923706055,267047,1h,1H,yfinance,730d,2026-04-02T03:04:46Z,0.018454422837848705,0.018454422837848705,8.61120123580576,8.572019910812378,8.62701198577881,8.558859996795654,9.13930748462677,8.61120123580576,8.62701198577881,8.558859996795654,9.13930748462677,0.018523674708539894,0.18492300844349613,415910.4,0.6420781976117933,57.999655322498995,0.19999980926513672,0.1904575387891422,0.0215693703776619,15.638455594995579,27.576877445257868,24.22339682674411,8.572019910812378,0.18492300844349613,8.94186592769937,8.202173893925385,0.08629145072807969,0.0498459176477013,0.0046289850016240945,0.04521693264607721,9.020000457763672,8.300000190734863,8.350000381469727,0.02674413163188971,0.029137529396622064,0.05119051484564441,0.024956489645963753,0.020562025157949252,1.048990564498128,0.04926608987883779,1.7515384504899811,0.02540861395626437,0.023529344605277114,-0.05605408284048796,1.3950671420776923,1750.157717150294
2025-05-01 18:30:00,8.829000473022461,8.890000343322754,8.75,8.819999694824219,411517,1h,1H,yfinance,730d,2026-04-02T03:04:46Z,-0.0011325287619752267,-0.0011325287619752267,8.631086803331328,8.582019901275634,8.630411987304688,8.57025999546051,9.122957482337952,8.631086803331328,8.630411987304688,8.57025999546051,9.122957482337952,0.018531231687606523,0.19249964677271825,373864.45,1.1007117686637495,57.598336524849536,0.1400003433227539,0.1868534533986859,0.021185199531053935,15.136535665917943,27.24785579375984,22.92700889334984,8.582019901275634,0.19249964677271825,8.96701919482107,8.197020607730199,0.08972230266867808,0.05962591582758492,0.01562837116681626,0.04399754466076866,9.020000457763672,8.300000190734863,8.350000381469727,0.06201076107456416,0.02320183432950995,-0.013422806620974947,0.02320183432950995,0.020562025157949252,1.0303070523607334,0.04926608987883779,1.8211776678306717,0.02188749757677977,0.02196739944725845,-0.05398967341312644,1.2362609362580488,1750.157717150294
2025-05-01 19:30:00,8.819999694824219,8.829999923706055,8.6850004196167,8.710000038146973,545845,1h,1H,yfinance,730d,2026-04-02T03:04:46Z,-0.012471616834839216,-0.012471616834839216,8.638602349504247,8.593019914627074,8.633711986541748,8.578759994506836,9.106707482337951,8.638602349504247,8.633711986541748,8.578759994506836,9.106707482337951,0.018424196936736928,0.19321147550769283,379927.0,1.4367102101193123,53.23491910448734,0.14499950408935547,0.18386388559087657,0.021109516048864803,14.277674764639837,25.71297596175162,24.16066727070909,8.593019914627074,0.19321147550769283,8.97944286564246,8.20659696361169,0.08993880029478679,0.05783390856033144,0.024069478645519296,0.03376442991481214,9.020000457763672,8.300000190734863,8.579999923706055,0.03567184258953082,0.025912870784428055,-0.023542604972064396,0.025912870784428055,0.020562025157949252,1.026626311694006,0.04945253107781518,1.818689525785144,0.008264958352530716,0.008836066308922863,-0.05193924332296351,0.6054512197710562,1750.157717150294
2025-05-02 13:30:00,8.930000305175781,9.06999969482422,8.75,9.0600004196167,887370,1h,1H,yfinance,730d,2026-04-02T03:04:46Z,0.04018374052087692,0.04018374052087692,8.678735499038766,8.61626992225647,8.643111991882325,8.592709999084473,9.09270748615265,8.678735499038766,8.643111991882325,8.592709999084473,9.09270748615265,0.020163886129133116,0.21838831224525088,410197.45,2.1632752714576844,62.872612085848125,0.35999965667724787,0.19644501209704596,0.021682671412652864,14.6399497012738,31.073732584123277,20.998084000605253,8.61626992225647,0.21838831224525088,9.053046546746971,8.179493297765967,0.10138415542490732,0.08369109673245845,0.03599380226290713,0.047697294469551316,9.020000457763672,8.34000015258789,8.579999923706055,0.08894239806917614,0.07537094534195488,0.03189073976779655,0.054101237712774974,0.020562025157949252,1.0545007724723248,0.05011187285971121,2.023156382694646,0.04393092987108105,0.04823360244850683,-0.049445722844930096,2.0318417812667504,1750.157717150294
2025-05-02 14:30:00,9.0600004196167,9.100000381469728,8.944999694824219,9.03499984741211,503753,1h,1H,yfinance,730d,2026-04-02T03:04:46Z,-0.0027594449278897093,-0.0027594449278897093,8.712665436979083,8.638749933242797,8.64331199645996,8.605009999275207,9.078257484436035,8.712665436979083,8.64331199645996,8.605009999275207,9.078257484436035,0.020183158572819652,0.23644701898751275,418556.15,1.2035493923575127,61.89143351703839,0.1550006866455096,0.19348470313622193,0.021415020077907545,15.103444504684543,30.403180784425686,19.796542931696184,8.638749933242797,0.23644701898751275,9.111643971217823,8.165855895267772,0.10948205275749008,0.10100148516173846,0.0489953388426734,0.052006146319065055,9.06999969482422,8.34000015258789,8.579999923706055,0.07751933223464591,0.06044593450451696,0.04209916584847195,0.05236800140050857,0.02072573016454863,1.0332576902182171,0.05059178695242672,2.1640281822905365,0.0369960734478505,0.045316870559870104,-0.047910679854779925,1.6758507502699311,1750.157717150294
2025-05-02 15:30:00,9.03499984741211,9.140000343322754,9.024999618530272,9.100099563598633,443357,1h,1H,yfinance,730d,2026-04-02T03:04:46Z,0.007205281381954753,0.007205281381954753,8.749563925228564,8.662754917144776,8.649313983917237,8.615910992622375,9.064607982635499,8.749563925228564,8.649313983917237,8.615910992622375,9.064607982635499,0.02020503958514601,0.25681812512557034,428307.3,1.0351376219830948,63.48922968616513,0.11500072479248225,0.18787870468309767,0.02064578561696539,15.70681965286578,30.5946448766997,18.931008517058594,8.662754917144776,0.25681812512557034,9.176391167395916,8.149118666893635,0.1185849663678201,0.11860588097549041,0.06291744726923681,0.05568843370625359,9.100000381469728,8.350000381469727,8.65999984741211,0.08077190987437999,0.06433910650199515,0.03058886095428348,0.055696019073486536,0.020767267782695976,0.994150305808075,0.05900258610286423,2.0098265889749447,0.04006321244871769,0.052118073239056706,-0.0458148879150444,1.7029352824689414,1750.157717150294
2025-05-02 16:30:00,9.103599548339844,9.119999885559082,9.010000228881836,9.06999969482422,269397,1h,1H,yfinance,730d,2026-04-02T03:04:46Z,-0.003307641698208963,-0.003307641698208963,8.780081617571007,8.685754919052124,8.651515979766845,8.627509989738464,9.052057981491089,8.780081617571007,8.651515979766845,8.627509989738464,9.052057981491089,0.020232092607533357,0.271255984039586,427828.4,0.6296847053631783,62.190868349500114,0.1099996566772461,0.18231591553982257,0.020100983646544203,16.15900608750255,29.276132751886585,18.70280750405234,8.685754919052124,0.271255984039586,9.228266887131296,8.143242950972953,0.12491993456761637,0.12864573567405557,0.07606310495020056,0.05258263072385501,9.140000343322754,8.350000381469727,8.6850004196167,0.08492823771588176,0.05834305925377947,0.02834467218255199,0.05342625510910848,0.020767267782695976,0.9679166203699195,0.07278093610158545,1.7163826306556,0.03301997519852429,0.04837114281890886,-0.044248722505229154,1.416539351684942,1750.157717150294
2025-05-02 17:30:00,9.06999969482422,9.079999923706056,8.90999984741211,9.010000228881836,489747,1h,1H,yfinance,730d,2026-04-02T03:04:46Z,-0.006615156335299854,-0.006615156335299854,8.801978628172039,8.707254934310914,8.651615982055665,8.637830991744995,9.038907980918884,8.801978628172039,8.651615982055665,8.637830991744995,9.038907980918884,0.02029218373809632,0.2789535863122247,437442.0,1.1195701372982019,59.57551260701023,0.1700000762939471,0.18143621273654575,0.020137204009712046,15.874292229322634,27.316788187304304,21.387954036308336,8.707254934310914,0.2789535863122247,9.265162106935364,8.149347761686464,0.1281476600451925,0.1302593882467704,0.08690236160951453,0.04335702663725588,9.140000343322754,8.579999923706055,8.6850004196167,0.07261912357780465,0.0525700685988153,0.03444319051905387,0.0501165861304631,0.020767267782695976,0.9696607286246426,0.07982286871042567,1.6054003334567597,0.023633504408201222,0.04142396606246712,-0.0428472111543553,1.0852891284647908,1750.157717150294
2025-05-02 18:30:00,9.020000457763672,9.029999732971191,8.869999885559082,8.880000114440918,411843,1h,1H,yfinance,730d,2026-04-02T03:04:46Z,-0.01442842520960197,-0.01442842520960197,8.809409245911931,8.721254920959472,8.650515975952148,8.645780992507934,9.024757981300354,8.809409245911931,8.650515975952148,8.645780992507934,9.024757981300354,0.020631259469400774,0.2802427012393741,428915.65,0.9601957867473476,54.251970430940794,0.15999984741210938,0.1799050437848003,0.02025957674169772,15.3403169938485,25.581475153825156,21.61741111579153,8.721254920959472,0.2802427012393741,9.281740323438221,8.160769518480723,0.1285332002236868,0.1196688289879777,0.09345565508520717,0.02621317390277053,9.140000343322754,8.579999923706055,8.75,-0.006711349972995273,0.019517804311067755,-0.019867582432562036,0.03255810704084405,0.020767267782695976,0.9755533059856201,0.08167110923183118,1.5737903088696044,0.008013121715482185,0.026528375778591684,-0.04146837024590022,0.5664561209958177,1750.157717150294
2025-05-02 19:30:00,8.887900352478027,8.899999618530273,8.75,8.8100004196167,731627,1h,1H,yfinance,730d,2026-04-02T03:04:46Z,-0.0078828484146507,-0.0078828484146507,8.809465548169529,8.746504926681519,8.649315986633301,8.650930995941161,9.01075798511505,8.809465548169529,8.649315986633301,8.650930995941161,9.01075798511505,0.01906282740776332,0.2638726998526224,434255.05,1.6847863945393382,51.57929975603874,0.14999961853027344,0.17776894198090554,0.02017808552938069,14.403850566178019,24.039661754381385,25.136178245006143,8.746504926681519,0.2638726998526224,9.274250326386763,8.218759526976275,0.12067572227515441,0.10442361369681485,0.09564924680752872,0.008774366889286137,9.140000343322754,8.579999923706055,8.869999885559082,-0.012331799970448976,-0.008998866211084255,-0.024903091488137297,0.06080675447130268,0.02060424799881804,0.9793167666462859,0.0841745114384358,1.433637335256946,6.071553878572722e-05,0.018577704090325886,-0.04011227458098632,0.240629261650196,1750.157717150294
2025-05-05 13:30:00,8.649999618530273,8.779999732971191,8.550000190734863,8.619999885559082,842698,1h,1H,yfinance,730d,2026-04-02T03:04:46Z,-0.02156646140839613,-0.02156646140839613,8.791421199349486,8.757004928588866,8.642315979003905,8.653730993270875,8.996357984542847,8.791421199349486,8.642315979003905,8.653730993270875,8.996357984542847,0.019658242835906743,0.254277298515266,465398.1,1.8107035675478693,45.0866593730076,0.26000022888183594,0.183642605330972,0.021304246840957025,14.579367416438533,21.608574189676805,30.373279486662376,8.757004928588866,0.254277298515266,9.265559525619398,8.248450331558335,0.1161480668739288,0.07613260625103102,0.09174591869622918,-0.01561331244519816,9.140000343322754,8.65999984741211,8.75,-0.018223217799343217,0.0,-0.052757629153861174,0.02497027847290534,0.020767267782695976,1.025856991101568,0.08800687669837888,1.3197612644747827,-0.019498703327180844,-0.0025821890219056565,-0.03935392590504305,-0.538801709117415,1750.157717150294
2025-05-05 14:30:00,8.619000434875488,8.625,8.494999885559082,8.614999771118164,445405,1h,1H,yfinance,730d,2026-04-02T03:04:46Z,-0.00058005968762187,-0.00058005968762187,8.774619158565551,8.771754932403564,8.632615966796875,8.657130994796752,8.981507983207702,8.774619158565551,8.632615966796875,8.657130994796752,8.981507983207702,0.01946898438855534,0.23642964375944334,475605.3,0.9365013383997193,44.926387537023395,0.13000011444091797,0.1798109988388253,0.02087185184167302,14.994369891661607,20.49267347181844,30.989601513038178,8.771754932403564,0.23642964375944334,9.24461421992245,8.298895644884677,0.10781406711947837,0.052700809450630715,0.08393689684710949,-0.031236087396478776,9.140000343322754,8.550000190734863,8.550000190734863,-0.006343749099399276,-0.004046225312788643,-0.05016537365108198,0.035456741239721534,0.020758818729319204,1.005445064761521,0.08983055148173244,1.2001937574813062,-0.018191033087922803,-0.00204065554942634,-0.03884559442168667,-0.6630097596597958,1750.157717150294
2025-05-05 15:30:00,8.619999885559082,8.670000076293945,8.600000381469727,8.645000457763672,235958,1h,1H,yfinance,730d,2026-04-02T03:04:46Z,0.0034823781128916487,0.0034823781128916487,8.762274520393944,8.784754943847656,8.629015979766846,8.65813099861145,8.966832985877991,8.762274520393944,8.629015979766846,8.65813099861145,8.966832985877991,0.019426376085841753,0.22148216848749583,471991.1,0.4999204434151407,46.1629786227306,0.06999969482421875,0.17196733426635338,0.01989211395725463,15.069764359318366,21.76597457092087,30.088573810849716,8.784754943847656,0.22148216848749583,9.227719280822647,8.341790606872664,0.10084842202347806,0.03613520223741595,0.07437655792517078,-0.03824135568775483,9.140000343322754,8.494999885559082,8.494999885559082,-0.02095124207710486,0.011702794684245177,-0.04051051740799583,0.031007778388159712,0.020758818729319204,0.9582488395237796,0.09539361115913242,1.0571821403767399,-0.013383974943642851,0.001852410290386075,-0.037674060244367036,-0.6309965584966437,1750.157717150294
2025-05-05 16:30:00,8.645000457763672,8.71500015258789,8.600000381469727,8.640000343322754,274380,1h,1H,yfinance,730d,2026-04-02T03:04:46Z,-0.0005783822066114386,-0.0005783822066114386,8.750629360672878,8.795754957199097,8.627815990447997,8.660331001281738,8.952132987976075,8.750629360672878,8.627815990447997,8.660331001281738,8.952132987976075,0.019423872108467393,0.20815556613418132,476449.7,0.575884505751604,45.97768389161961,0.11499977111816406,0.1678982226129113,0.019432663882087454,14.830021467290772,22.61552220779012,28.6165174289405,8.795754957199097,0.20815556613418132,9.21206608946746,8.379443824930735,0.09466183046120949,0.02234578344274496,0.06397040302868562,-0.04162461958594066,9.140000343322754,8.494999885559082,8.494999885559082,-0.02040809044552383,0.005820743870394551,-0.027027000903735332,0.026128297510139786,0.020758818729319204,0.9361160736300123,0.09775512624234378,0.968356689822427,-0.012642406939015638,0.0014122175169528628,-0.03622790210597626,-0.7482606243444909,1750.157717150294
2025-05-05 17:30:00,8.635000228881836,8.739999771118164,8.600000381469727,8.6899995803833,293775,1h,1H,yfinance,730d,2026-04-02T03:04:46Z,0.005786948503906819,0.005786948503906819,8.744855095883395,8.8122549533844,8.62791597366333,8.663681001663209,8.936232986450195,8.744855095883395,8.62791597366333,8.663681001663209,8.936232986450195,0.019341706760754116,0.18472023637965235,474866.35,0.6186477521517371,48.21605699773061,0.1399993896484375,0.1659054488297346,0.019091537035772422,14.432910453356769,22.328699004167994,26.891655896502602,8.8122549533844,0.18472023637965235,9.181695426143705,8.442814480625096,0.08384697780842547,0.015275998073484232,0.05423152203764534,-0.03895552396416111,9.140000343322754,8.494999885559082,8.494999885559082,-0.0022962637974829336,-0.03711911936917356,-0.013620979967969071,0.039473676705534144,0.020758818729319204,0.9196832095656793,0.09775512624234378,0.8577246128306483,-0.00627289016211563,0.007195666590806171,-0.03450189954249849,-0.6618407132710136,1750.157717150294
2025-05-05 18:30:00,8.694999694824219,8.770000457763672,8.670000076293945,8.6850004196167,278267,1h,1H,yfinance,730d,2026-04-02T03:04:46Z,-0.0005752774462597365,-0.0005752774462597365,8.739154650524663,8.826504993438721,8.627515983581542,8.665031003952027,8.92170798778534,8.739154650524663,8.627515983581542,8.665031003952027,8.92170798778534,0.01934006193767342,0.16195821945502553,471170.25,0.5905869481360506,48.00189811161702,0.10000038146972656,0.16119794401830545,0.018560499278066783,13.849651326548335,22.668649390314783,25.700052676543113,8.826504993438721,0.16195821945502553,9.150421432348772,8.502588554528671,0.07339630785930264,0.009164113542700747,0.04521804033865642,-0.036053926795955676,9.140000343322754,8.494999885559082,8.494999885559082,-0.04139072655979692,-0.01306815552563767,0.007540665304011318,0.033928668336807855,0.020758818729319204,0.8941019005022875,0.09775512624234378,0.7508179947243541,-0.006196735619584448,0.006662918520759842,-0.03297485241688858,-0.8737103575117832,1750.157717150294
2025-05-05 19:30:00,8.6899995803833,8.699999809265137,8.510000228881836,8.5600004196167,708644,1h,1H,yfinance,730d,2026-04-02T03:04:46Z,-0.014392630277560436,-0.014392630277560436,8.722092342819142,8.807505035400391,8.6268159866333,8.663531007766723,8.90755798816681,8.722092342819142,8.6268159866333,8.663531007766723,8.90755798816681,0.01329880731548641,0.1696368172706053,466156.1,1.5201860492654715,42.8740356801895,0.18999958038330078,0.16325520375866226,0.019071868663059308,14.220825139783887,20.784205467612285,30.56403480867651,8.807505035400391,0.1696368172706053,9.146778669941602,8.46823140085918,0.07704193938636508,-0.00570034429244437,0.035034363412436265,-0.040734707704880635,9.140000343322754,8.494999885559082,8.494999885559082,-0.052573263510509505,-0.04463213731019966,-0.006384138475064249,-0.04250550096226169,0.020603562776096603,0.9256587741798568,0.09775512624234378,0.7881115021566354,-0.01858406410199176,-0.0077451016829531705,-0.03151728025868139,-1.4590265236400388,1750.157717150294
2025-05-06 13:30:00,8.5,8.569999694824219,8.404999732971191,8.550000190734863,513958,1h,1H,yfinance,730d,2026-04-02T03:04:46Z,-0.001168250980329244,-0.001168250980329244,8.70570261404921,8.789005041122437,8.623615989685058,8.663281011581422,8.89329598903656,8.70570261404921,8.623615989685058,8.663281011581422,8.89329598903656,0.013300223885987865,0.17640034162508061,467239.35,1.0999886888807633,42.48303447575625,0.16499996185302734,0.1633798293368312,0.019108751542938725,15.073664324906689,19.284897678770246,32.94979225136541,8.789005041122437,0.17640034162508061,9.141805724372597,8.436204357872276,0.080282280326262,-0.01807906490836153,0.024411677748276708,-0.04249074265663824,9.140000343322754,8.494999885559082,8.510000228881836,-0.06044981914969649,-0.050527475616173656,-0.010989041295364377,-0.041479807443321026,0.020452681179331553,0.9342907844399914,0.09775512624234378,0.8212590317487287,-0.017885107063394856,-0.008536534910442373,-0.030323965342428316,-1.3549001560073595,1750.157717150294
2025-05-06 14:30:00,8.545000076293945,8.770000457763672,8.53499984741211,8.710000038146973,387120,1h,1H,yfinance,730d,2026-04-02T03:04:46Z,0.01871343202839837,0.01871343202839837,8.706111892534711,8.785505056381226,8.629015998840332,8.665731010437012,8.879795989990235,8.706111892534711,8.629015998840332,8.665731010437012,8.879795989990235,0.013642161902776768,0.17723674951394575,471116.35,0.8217078435082968,50.29372235208609,0.2350006103515625,0.16849559940931202,0.019345074474323307,14.489188641612657,25.842132756673426,29.667289699720506,8.785505056381226,0.17723674951394575,9.139978555409117,8.431031557353334,0.08069507598095906,-0.014807942920342043,0.016567753614552958,-0.031375696534895,9.140000343322754,8.404999732971191,8.404999732971191,-0.039691253449840924,-0.02518191056552621,0.008101816208643697,-0.007972630632476219,0.020218831135539204,0.9567850062469698,0.09775512624234378,0.8254817837471631,0.000446599545268489,0.009385083921217063,-0.02824163882059849,-0.42601220368415676,1750.157717150294
2025-05-06 15:30:00,8.710000038146973,8.779999732971191,8.640000343322754,8.65999984741211,365577,1h,1H,yfinance,730d,2026-04-02T03:04:46Z,-0.005740550001823053,-0.005740550001823053,8.701720269189702,8.785005044937133,8.633009986877441,8.66823600769043,8.866345987319946,8.701720269189702,8.633009986877441,8.66823600769043,8.866345987319946,0.013416486263555934,0.17757568307483954,465364.25,0.7855717322505973,48.09567948272639,0.1399993896484375,0.16646015585496385,0.019221727342721324,13.884184448831752,24.718759985337925,27.885051769674913,8.785005044937133,0.17757568307483954,9.140156411086812,8.429853678787454,0.08085399253227642,-0.016064965775580475,0.010041209736526273,-0.026106175512106748,9.140000343322754,8.404999732971191,8.404999732971191,-0.03884576832171316,-0.023675314639954648,-0.00345221339698476,-0.0011534289266247333,0.020157644769546366,0.9535701002014382,0.09775512624234378,0.827107443264224,-0.004794502751980234,0.003126355764176525,-0.026317042079815667,-0.7039544793548116,1750.157717150294
2025-05-06 16:30:00,8.670000076293945,8.680000305175781,8.505000114440918,8.579999923706055,290671,1h,1H,yfinance,730d,2026-04-02T03:04:46Z,-0.009237866641529036,-0.009237866641529036,8.690127855334117,8.772505044937134,8.635409984588623,8.670236005783082,8.85199598789215,8.690127855334117,8.635409984588623,8.670236005783082,8.85199598789215,0.012861196477498421,0.18269373620973658,466545.45,0.6230282601620056,44.727468467369846,0.17500019073486328,0.16707015834638525,0.019472046600464393,14.034103882393694,22.869328347507743,31.570472482898744,8.772505044937134,0.18269373620973658,9.137892517356606,8.407117572517661,0.08330288111497826,-0.023248496504521654,0.0033832684883166875,-0.02663176499283834,9.140000343322754,8.404999732971191,8.404999732971191,-0.033783804827546615,-0.043478297849810055,-0.012089866532819182,-0.028312571026056332,0.020119093828128126,0.9678391465743299,0.09775512624234378,0.8521586981378644,-0.012672763101001294,-0.006416610326719585,-0.024467476442575853,-1.0537040033495118,1750.157717150294
2025-05-06 17:30:00,8.574999809265137,8.609999656677246,8.5,8.59000015258789,274228,1h,1H,yfinance,730d,2026-04-02T03:04:46Z,0.0011655278520696921,0.0011655278520696921,8.680591883644,8.761005067825318,8.638809986114502,8.671636009216309,8.837970986366273,8.680591883644,8.638809986114502,8.671636009216309,8.837970986366273,0.012872915462794126,0.18654052233998952,459681.0,0.5965615285382689,45.24368568487352,0.1099996566772461,0.16299369394144675,0.01897481851526417,14.198586070435681,21.766911347792067,30.267735978944778,8.761005067825318,0.18654052233998952,9.134086112505297,8.387924023145338,0.08516854899447901,-0.027813939683293043,-0.0028561731460052587,-0.024957766537287783,9.140000343322754,8.404999732971191,8.404999732971191,-0.024971652275855405,-0.05604397884645673,0.0035046415304422762,-0.026077046507302803,0.019996548801899418,0.9489046686627146,0.09775512624234378,0.8712438136833713,-0.01043612374252989,-0.0056500644886350315,-0.022534697223944522,-0.9167172531325545,1750.157717150294
2025-05-06 18:30:00,8.59850025177002,8.710000038146973,8.595000267028809,8.694999694824219,264123,1h,1H,yfinance,730d,2026-04-02T03:04:46Z,0.012223462208518665,0.012223462208518665,8.681964056137355,8.760255050659179,8.64330997467041,8.674066009521484,8.824695982933044,8.681964056137355,8.64330997467041,8.674066009521484,8.824695982933044,0.012920490621235091,0.1867740982035595,445594.9,0.5927424214235845,50.473899167710094,0.11999988555908203,0.1599227076284207,0.01839249145961629,13.660316604855117,25.06672473256654,28.64546798842226,8.760255050659179,0.1867740982035595,9.133803247066298,8.38670685425206,0.08528249331713493,-0.022697854021789254,-0.006824509321162058,-0.015873344700627196,9.140000343322754,8.404999732971191,8.404999732971191,0.008700674044182177,-0.014730891473157204,0.016959005947916106,-0.001722197848112228,0.01968208027885951,0.9344790387513883,0.09775512624234378,0.8724094233760379,0.0015014619506110716,0.0059803154468933695,-0.02055436341528749,-0.3493811854138381,1750.157717150294
2025-05-06 19:30:00,8.6899995803833,8.720000267028809,8.649999618530273,8.680000305175781,578258,1h,1H,yfinance,730d,2026-04-02T03:04:46Z,-0.0017250592495553496,-0.0017250592495553496,8.681777032236253,8.741255044937134,8.647109985351562,8.67731601715088,8.811400485038757,8.681777032236253,8.647109985351562,8.67731601715088,8.811400485038757,0.009052359707225635,0.17422181390506572,430139.3,1.3443505394647735,49.74294927916389,0.07000064849853516,0.15349970340485744,0.017684297005534366,13.092871618657837,24.71555416159999,27.712380408048602,8.741255044937134,0.17422181390506572,9.089698672747264,8.392811417127003,0.07972393575495693,-0.01962739230428312,-0.00938508591778627,-0.01024230638649685,9.140000343322754,8.404999732971191,8.5,0.0075450418786464635,-0.0022987936238868523,-0.003444286204340119,-0.04194261554537482,0.019452355241275924,0.9091082692141095,0.0899721618891722,0.8860955886906546,-0.00020465016020043691,0.0038036199238746793,-0.01864521990189294,-0.35159052927052253,1750.157717150294
2025-05-07 13:30:00,8.6899995803833,8.869999885559082,8.619999885559082,8.710000038146973,514165,1h,1H,yfinance,730d,2026-04-02T03:04:46Z,0.0034561903129546323,0.0034561903129546323,8.684464937561083,8.725005054473877,8.64900999069214,8.680240020751953,8.797650485038757,8.684464937561083,8.64900999069214,8.680240020751953,8.797650485038757,0.00913070974225507,0.16069760911020078,430659.9,1.1939003375981836,51.26316953759906,0.25,0.1603925817330819,0.018414762460460903,12.696266654576895,28.6438946021586,24.627051083519486,8.725005054473877,0.16069760911020078,9.046400272694278,8.403609836253477,0.0736722136465928,-0.01460494482643604,-0.010429057699516225,-0.004175887126919815,9.140000343322754,8.404999732971191,8.5,0.007518748055695967,0.002878482132690152,0.005773694181969935,-0.03597120251841801,0.01938886917820538,0.9497594878385455,0.08522552115580698,0.8644384058609306,0.0029403193828843044,0.007051679616565387,-0.016895476195535886,-0.0933742350616725,1750.157717150294
2025-05-07 14:30:00,8.710000038146973,8.729999542236328,8.619999885559082,8.680000305175781,316929,1h,1H,yfinance,730d,2026-04-02T03:04:46Z,-0.003444286204340119,-0.003444286204340119,8.68403973447677,8.704000091552734,8.654109992980956,8.68379002571106,8.784700484275819,8.68403973447677,8.654109992980956,8.68379002571106,8.784700484275819,0.008898272243009441,0.13582705894117125,424338.5,0.7468777874267831,49.645917376103675,0.1099996566772461,0.1567930870862365,0.018063719075302638,12.327990616501735,27.20850944825477,23.39295551094846,8.704000091552734,0.13582705894117125,8.975654209435076,8.432345973670392,0.06242052275389642,-0.01289668182780268,-0.010922582525173516,-0.0019740993026291648,9.140000343322754,8.404999732971191,8.5,0.004629625030506013,-0.002871868897114216,0.011655056218990323,-0.04616424858726753,0.019283400908522316,0.9367496512152772,0.08450776340145225,0.7386365493708443,-0.00046515555254211804,0.0029916781986620844,-0.014865673739089091,-0.1766937056875202,1750.157717150294
2025-05-07 15:30:00,8.670000076293945,8.76200008392334,8.655400276184082,8.6899995803833,261711,1h,1H,yfinance,730d,2026-04-02T03:04:46Z,0.0011519901907788288,0.0011519901907788288,8.68460733884882,8.685000085830689,8.660309982299804,8.685590019226074,8.771625480651856,8.68460733884882,8.660309982299804,8.685590019226074,8.771625480651856,0.008926579726587978,0.10677080574331463,423954.2,0.6173096056130591,50.20975283381052,0.10659980773925781,0.1532078528471666,0.017630363664575557,12.184756848851537,27.34820402800246,22.230349793301173,8.685000085830689,0.10677080574331463,8.898541697317318,8.47145847434406,0.04917480929793337,-0.010613665423967689,-0.010860799104932352,0.0002471336809646632,9.119999885559082,8.404999732971191,8.5,0.0,0.011052857522171111,0.01164137671933374,-0.04189637565895021,0.019165239442830023,0.9199135610680469,0.08357492946170186,0.5883918731928776,0.0006208964117881965,0.003428237343025442,-0.012690407108418844,0.04682454644606809,1750.157717150294
2025-05-07 16:30:00,8.6899995803833,8.789999961853027,8.680000305175781,8.759900093078613,169795,1h,1H,yfinance,730d,2026-04-02T03:04:46Z,0.008043787810197989,0.008043787810197989,8.691778077346896,8.672495079040527,8.666207981109618,8.68328902244568,8.759274983406067,8.691778077346896,8.666207981109618,8.68328902244568,8.759274983406067,0.009125175574992542,0.07901187043336148,407956.6,0.4162084888441565,54.0806361602798,0.1099996566772461,0.1501215531207437,0.01713735904811951,12.228377779636785,27.249091363003174,21.066849381114036,8.672495079040527,0.07901187043336148,8.83051881990725,8.514471338173804,0.036442509203292735,-0.003127914631321005,-0.009314222210210082,0.0061863075788890776,9.079999923706056,8.404999732971191,8.595000267028809,0.008624026464378654,0.00572905335397178,0.007464105869150028,-0.027758060982231547,0.019100144289355574,0.897237151117758,0.08207843682362734,0.44399614093043116,0.007837523591319062,0.010811200489674766,-0.010624966389656487,1.1062263626805788,1750.157717150294
2025-05-07 17:30:00,8.755000114440918,8.970000267028809,8.720000267028809,8.920000076293945,659562,1h,1H,yfinance,730d,2026-04-02T03:04:46Z,0.01827646223292323,0.01827646223292323,8.713513505818044,8.674495077133178,8.675607986450196,8.68278902053833,8.748874983787537,8.713513505818044,8.675607986450196,8.68278902053833,8.748874983787537,0.009557767066490936,0.08455113762955851,420342.55,1.569105958937538,61.4693342438471,0.25,0.15725572789783346,0.017629565757040843,13.267349991484872,32.330785740863845,18.674607496017984,8.674495077133178,0.08455113762955851,8.843597352392296,8.505392801874061,0.038988384627685724,0.015544144219200362,-0.004342548924327993,0.019886693143528356,9.029999732971191,8.5,8.619999885559082,0.042056032596943016,0.056872099499422735,0.027649742244254982,0.004504500150622537,0.019081702849415863,0.9238989777885849,0.08077453425661774,0.4826816395353151,0.023697280131376397,0.028170024536084082,-0.00837444785450836,2.903627390992549,1750.157717150294
2025-05-07 18:30:00,8.90999984741211,9.020000457763672,8.899999618530273,8.925000190734863,770630,1h,1H,yfinance,730d,2026-04-02T03:04:46Z,0.0005605509414967624,0.0005605509414967624,8.733655094857742,8.680245065689087,8.683107986450196,8.67993902206421,8.73814998626709,8.733655094857742,8.683107986450196,8.67993902206421,8.73814998626709,0.009372998389826309,0.09661981272498046,422292.7,1.8248717062833433,61.67673384401826,0.12000083923339844,0.1545946644218024,0.017321530657477043,14.471442432685878,32.84840555084403,17.63919541175146,8.680245065689087,0.09661981272498046,8.873484691139048,8.487005440239127,0.044524002257445475,0.03039497843960426,0.0026049565484584578,0.0277900218911458,8.970000267028809,8.5,8.619999885559082,0.04385964814437848,0.054927097231196154,0.0246842883635201,0.013053321866149048,0.01902334358916174,0.9105408087853558,0.08048867815361052,0.5531709959563827,0.021908936613467045,0.02785779062774929,-0.006299044981305846,2.5331773902568955,1750.157717150294
2025-05-07 19:30:00,8.925000190734863,9.0,8.850000381469727,8.979999542236328,627865,1h,1H,yfinance,730d,2026-04-02T03:04:46Z,0.006162392193398425,0.006162392193398425,8.75711647079856,8.69824504852295,8.690407981872559,8.680889015197755,8.727899985313416,8.75711647079856,8.690407981872559,8.680889015197755,8.727899985313416,0.007915398228983225,0.11542336008387406,411551.05,1.525606604575544,63.97384306900139,0.14999961853027344,0.15426644685812174,0.017178892508017223,15.153030210230453,30.566987170824326,18.72917001230921,8.69824504852295,0.11542336008387406,8.929091768690697,8.467398328355202,0.0530789185358597,0.04607127855041249,0.011298220948849264,0.034773057601563226,9.020000457763672,8.5,8.619999885559082,0.030998794822829634,0.06146566214475491,0.034562122870164025,0.041763301793118046,0.018767658896665478,0.915345520856065,0.08000310804060946,0.6634607059130367,0.02545165091511503,0.03332312602214205,-0.00429564998498444,2.4410526041577536,1750.157717150294
2025-05-08 13:30:00,9.1899995803833,9.625,9.090700149536133,9.539999961853027,1085930,1h,1H,yfinance,730d,2026-04-02T03:04:46Z,0.062360851688555874,0.062360851688555874,8.831676803279937,8.744495058059693,8.708807983398437,8.688439016342164,8.719999985694885,8.831676803279937,8.708807983398437,8.688439016342164,8.719999985694885,0.015300030930088426,0.21509199558830472,443577.3,2.448118963707115,78.26156268265353,0.6450004577636719,0.18931887620851817,0.01984474601315882,17.888196369260292,46.709170189987226,14.171355978651423,8.744495058059693,0.21509199558830472,9.174679049236302,8.314311066883084,0.09838966991698704,0.10250064939240211,0.029538706637559836,0.07296194275484227,9.020000457763672,8.5,8.655400276184082,0.10161664318087604,0.13301661228155814,0.09781362744694566,0.1073708897632164,0.018767658896665478,1.0573905953014051,0.08000310804060946,1.2298230947108277,0.08020256790987101,0.0954426805642159,-0.0012834865039919041,3.698440295825629,1750.157717150294
2025-05-08 14:30:00,9.539999961853027,9.539999961853027,9.25,9.34000015258789,496944,1h,1H,yfinance,730d,2026-04-02T03:04:46Z,-0.02096434067765862,-0.02096434067765862,8.880088550833076,8.779245042800904,8.725807991027832,8.692839021682738,8.712100987434388,8.880088550833076,8.725807991027832,8.692839021682738,8.712100987434388,0.016332229852337683,0.24958638230619407,456626.6,1.0882940240450294,67.9038203338583,0.28999996185302734,0.1965103823259831,0.021039655151561726,20.427993516930858,41.785527184117036,12.677544432349515,8.779245042800904,0.24958638230619407,9.278417807413291,8.280072278188516,0.11371655812744755,0.12958919561620164,0.0495488044332882,0.08004039118291344,9.625,8.595000267028809,8.680000305175781,0.08857811604193588,0.10271544960225487,0.06622222323832516,0.08039325136184017,0.018767658896665478,1.1210591191690895,0.08000310804060946,1.4214017544134059,0.051791330584385786,0.07038799870356893,0.0015733292822492917,2.246737600848147,1750.157717150294
2025-05-08 15:30:00,9.329999923706056,9.489999771118164,9.284299850463867,9.349900245666504,1229658,1h,1H,yfinance,730d,2026-04-02T03:04:46Z,0.0010599671217210727,0.0010599671217210727,8.924832521769593,8.81474003791809,8.740905990600586,8.700005025863648,8.70555048942566,8.924832521769593,8.740905990600586,8.700005025863648,8.70555048942566,0.016313139427252977,0.27630848931143176,504390.5,2.4379087234989556,68.12867972092972,0.20569992065429688,0.19716677792086268,0.0210875809089242,22.786376582624953,38.671673262032584,11.732814902454377,8.81474003791809,0.27630848931143176,9.367357016540954,8.262123059295227,0.1253847478758734,0.1501253666568907,0.0696641168780087,0.08046124977888199,9.625,8.619999885559082,8.720000267028809,0.08846333871713385,0.10128392199415659,0.04819508584030996,0.08216433728412764,0.018767658896665478,1.1236127545279988,0.08000310804060946,1.5672484600501804,0.047627529464567386,0.06967175436056539,0.004061259677704765,1.9368214457762307,1750.157717150294
2025-05-08 16:30:00,9.346799850463867,9.399999618530272,9.324999809265137,9.360199928283691,287577,1h,1H,yfinance,730d,2026-04-02T03:04:46Z,0.0011015820860720282,0.0011015820860720282,8.966296084294745,8.84825005531311,8.75640199661255,8.704707021713256,8.699151487350465,8.966296084294745,8.75640199661255,8.704707021713256,8.699151487350465,0.0163206665191183,0.2988674882156545,504080.6,0.5704980513037002,68.37689665968836,0.07499980926513494,0.188440565874025,0.020132109070086703,24.976303715055185,37.572286034187954,11.399265672168355,8.84825005531311,0.2988674882156545,9.445985031744419,8.250515078881802,0.13510806604575695,0.16532575606670008,0.08879644471574699,0.07652931135095309,9.625,8.619999885559082,8.850000381469727,0.07650376731530417,0.08650031073289344,0.048761874313528075,0.07712317379316014,0.018767658896665478,1.0727022044109962,0.08000310804060946,1.688785215409085,0.04393161237212584,0.06895502649429797,0.006581160167785649,1.7129660908488376,1750.157717150294
2025-05-08 17:30:00,9.369999885559082,9.380000114440918,9.255000114440918,9.369999885559082,360700,1h,1H,yfinance,730d,2026-04-02T03:04:46Z,0.0010469816190334935,0.0010469816190334935,9.00474406536754,8.88250002861023,8.771401996612548,8.709307022094727,8.69470148563385,9.00474406536754,8.771401996612548,8.709307022094727,8.69470148563385,0.016302485740061382,0.3169027247150386,508202.25,0.7097567946619677,68.6272589117241,0.125,0.1839090968830232,0.019627438541003767,26.40553713937983,35.74819551731515,13.564567275704931,8.88250002861023,0.3169027247150386,9.516305478040307,8.248694579180151,0.14270879761072042,0.17613260184203128,0.10626367614100385,0.06986892570102743,9.625,8.619999885559082,8.850000381469727,0.07949303641981009,0.11216613334483405,0.04342988454380592,0.0788715524290804,0.01902334358916174,1.031755456080087,0.08048867815361052,1.773029460595246,0.04056259873018764,0.06824426576021803,0.008821523212203308,1.538326492418822,1750.157717150294
2025-05-08 18:30:00,9.364999771118164,9.414999961853027,9.18000030517578,9.274999618530272,432648,1h,1H,yfinance,730d,2026-04-02T03:04:46Z,-0.010138769283788762,-0.010138769283788762,9.030482689478276,8.918249988555909,8.784701995849609,8.7141570186615,8.690651483535767,9.030482689478276,8.784701995849609,8.7141570186615,8.690651483535767,0.01608835945080332,0.31882875311053577,494402.45,0.8750927508550979,63.38814621787058,0.23499965667724787,0.18755842258261068,0.02022193318562437,27.11328863705956,32.54888241121197,15.206841192420281,8.918249988555909,0.31882875311053577,9.55590749477698,8.280592482334837,0.14300059025914885,0.17501392578516928,0.12001372606983694,0.055000199715332335,9.625,8.655400276184082,9.090700149536133,0.06486791939251257,0.10680184867146214,-0.027777813876561308,0.08352793970372119,0.01904178502910145,1.0619767608298964,0.08077453425661774,1.7703672521941287,0.02707683935177574,0.0558126642101584,0.010822032443944973,1.1189380709671453,1750.157717150294
2025-05-08 19:30:00,9.270000457763672,9.274999618530272,9.140000343322754,9.15999984741211,845662,1h,1H,yfinance,730d,2026-04-02T03:04:46Z,-0.012398897665548914,-0.012398897665548914,9.042817656900546,8.94874997138977,8.79630199432373,8.717657012939453,8.686951484680176,9.042817656900546,8.79630199432373,8.717657012939453,8.686951484680176,0.01645581096969936,0.31122866013630673,510987.65,1.6549558487372444,57.65065340260001,0.13499927520751775,0.18380419777010404,0.020065960789511644,27.447117441717584,30.841290626181696,15.963501839904257,8.94874997138977,0.31122866013630673,9.571207291662382,8.326292651117157,0.13911603794109426,0.162969238576947,0.12860482857125896,0.034364410005688045,9.625,8.680000305175781,9.18000030517578,0.05529948448850974,0.08210273860559192,-0.019271980967356606,0.07134498749348173,0.019098272928992747,1.0506688675000486,0.08207843682362734,1.6949157820833145,0.012958592659683132,0.04134667651509383,0.012587903804504919,0.6787609981992657,1750.157717150294
2025-05-09 13:30:00,9.18000030517578,9.399999618530272,9.039999961853027,9.135000228881836,1049785,1h,1H,yfinance,730d,2026-04-02T03:04:46Z,-0.0027292160422182077,-0.0027292160422182077,9.051596949470193,8.969999980926513,8.807001991271973,8.721307010650635,8.683351488113404,9.051596949470193,8.807001991271973,8.721307010650635,8.683351488113404,0.016130449133704455,0.30870065982201933,544120.9,1.9293230603713254,56.454373558335305,0.3599996566772443,0.19638958769204262,0.021498585962934514,28.246932255451327,31.349444553248894,13.873321496526314,8.969999980926513,0.30870065982201933,9.587401300570551,8.352598661282475,0.13765915740398182,0.14968104696607298,0.13282007225022177,0.016860974715851212,9.625,8.720000267028809,9.140000343322754,0.051208362484052916,0.08106514024599387,-0.022984204230870775,0.0487945107776695,0.019098272928992747,1.1256822039807535,0.08423571505472863,1.6342136742656432,0.00921420605416201,0.03724289354480903,0.014239951397548856,0.5344991748655591,1750.157717150294
2025-05-09 14:30:00,9.135000228881836,9.349900245666504,9.119999885559082,9.295000076293944,871609,1h,1H,yfinance,730d,2026-04-02T03:04:46Z,0.017515034855307476,0.017515034855307476,9.074778199643884,9.001749992370605,8.826801986694337,8.727907009124756,8.679476490020752,9.074778199643884,8.826801986694337,8.727907009124756,8.679476490020752,0.016330637822974208,0.30783807936696966,569422.5,1.5306894265681459,61.903034749701376,0.22990036010742188,0.19878321429314114,0.021386036865144276,28.98961743963266,28.759671202994657,12.727248294808625,9.001749992370605,0.30783807936696966,9.617426151104544,8.386073833636667,0.1367903261600805,0.1503278243070536,0.13632162266158815,0.014006201645465455,9.625,8.850000381469727,9.039999961853027,0.06108516964001964,0.08713448759526266,-0.006965647367502714,0.0733256628256862,0.01922343255786428,1.1124983428828519,0.08522552115580698,1.6050394800168384,0.024267466576615826,0.05304277702223037,0.016974007227621657,0.952611465502806,1750.157717150294
2025-05-09 15:30:00,9.295000076293944,9.395000457763672,9.270000457763672,9.289999961853027,668417,1h,1H,yfinance,730d,2026-04-02T03:04:46Z,-0.0005379359225254898,-0.0005379359225254898,9.095275510330469,9.037249994277953,8.844401988983154,8.735007009506226,8.67600149154663,9.095275510330469,8.844401988983154,8.735007009506226,8.67600149154663,0.016095074988975718,0.29793418601652,588309.8,1.1361649933419433,61.64345114134737,0.125,0.1935129847007739,0.02083024601672602,29.856172434025467,29.09743455063528,12.140020798601709,9.037249994277953,0.29793418601652,9.633118366310994,8.441381622244913,0.13186940107008696,0.14872255156402048,0.13880180844207463,0.009920743121945852,9.625,8.850000381469727,9.039999961853027,0.04147980744332114,0.07835173635149761,-0.008537878834913304,0.08275058793244083,0.019301128528133968,1.0792242529426794,0.09183608161706099,1.4359214673373948,0.021409406598116743,0.050381922194957074,0.019409920295726524,0.8483416117983162,1750.157717150294
2025-05-09 16:30:00,9.289999961853027,9.390000343322754,9.289999961853027,9.359999656677246,496336,1h,1H,yfinance,730d,2026-04-02T03:04:46Z,0.007534951034623649,0.007534951034623649,9.120487333792067,9.075749969482422,8.865201988220214,8.742407007217407,8.673201489448548,9.120487333792067,8.865201988220214,8.742407007217407,8.673201489448548,0.016096691298438003,0.28720946587975715,599415.2,0.828033723535873,63.92422328676636,0.10000038146972656,0.18683351304141338,0.019960846142566886,30.660830643104504,27.985002376783658,11.675892261630826,9.075749969482422,0.28720946587975715,9.650168901241935,8.501331037722908,0.1265832429696765,0.1513540365910533,0.14131225407187037,0.010041782519182918,9.625,9.039999961853027,9.039999961853027,0.04873943491832744,0.08584684233672335,0.009164424974978491,0.08963905592683608,0.019736092277081292,1.0113879618280155,0.10605311402221729,1.1935834618034724,0.026260912834972006,0.055813468109864095,0.022137211847925498,0.9896947035646391,1750.157717150294
2025-05-09 17:30:00,9.359999656677246,9.5,9.300000190734863,9.4399995803833,1720742,1h,1H,yfinance,730d,2026-04-02T03:04:46Z,0.008547000709448138,0.008547000709448138,9.15091707156266,9.112999963760377,8.886301975250245,8.75190700531006,8.669601488113404,9.15091707156266,8.886301975250245,8.75190700531006,8.669601488113404,0.016027459173762196,0.2837024243581382,672246.15,2.559690375318624,66.38437386857632,0.19999980926513672,0.18777396277167935,0.01989131049983108,31.83903651739342,30.04027383581866,10.787599234488145,9.112999963760377,0.2837024243581382,9.680404812476652,8.545595115044101,0.1245264678969981,0.15807266935412656,0.1446643371283216,0.013408332225804953,9.625,9.039999961853027,9.039999961853027,0.051224951179943634,0.11189632919625137,0.030567656947100952,0.08568141595249856,0.019868028256494953,1.0011718446861237,0.11912151301222282,1.0453734573050688,0.03159055060382876,0.06230911426093688,0.024995438075666065,1.1526148123786517,1750.157717150294
2025-05-09 18:30:00,9.43000030517578,9.470000267028809,9.31999969482422,9.44499969482422,545115,1h,1H,yfinance,730d,2026-04-02T03:04:46Z,0.0005296731634722995,0.0005296731634722995,9.178924940444713,9.151249933242799,8.906801967620849,8.762107000350952,8.665026488304138,9.178924940444713,8.906801967620849,8.762107000350952,8.665026488304138,0.015992969530093826,0.274154630228788,670589.0,0.8128898624940164,66.53796755746569,0.15000057220458807,0.18507586344545854,0.01959511587352179,32.93308482923313,28.301196148327847,10.163088511555845,9.151249933242799,0.274154630228788,9.699559193700374,8.602940672785223,0.11983264897307393,0.1619340270087548,0.14811827510440825,0.013815751904346557,9.625,9.039999961853027,9.039999961853027,-0.009958099309085755,0.09889463657797504,0.03393535393269831,0.08813356713735132,0.019868028256494953,0.9862637409485289,0.12217955843503601,0.9807913083659575,0.028987572739277434,0.060425473605441926,0.027902451266947015,1.071474741594849,1750.157717150294
2025-05-09 19:30:00,9.44499969482422,9.449999809265137,9.34000015258789,9.345000267028809,1077045,1h,1H,yfinance,730d,2026-04-02T03:04:46Z,-0.010587552252670829,-0.010587552252670829,9.194741638214627,9.18299994468689,8.926501979827881,8.770356998443603,8.659901490211487,9.194741638214627,8.926501979827881,8.770356998443603,8.659901490211487,0.016322009478525707,0.2574773468582999,698733.0,1.54142569479329,60.57668230108112,0.1099996566772461,0.1797132772477291,0.019230954747192098,33.94898683308429,27.063859371996337,9.718755236363048,9.18299994468689,0.2574773468582999,9.69795463840349,8.66804525097029,0.11215391414970946,0.15513674287404555,0.14952196865833572,0.005614774215709828,9.625,9.039999961853027,9.119999885559082,0.0005353441498106015,0.08847586277681918,0.005379256624471251,0.07290473319181867,0.019868028256494953,0.9679347391156145,0.12217955843503601,0.9179433580073275,0.0163417999902995,0.04688267455120165,0.030785626131860644,0.6291828167356197,1750.157717150294
2025-05-12 13:30:00,9.899999618530272,10.089900016784668,9.699999809265137,9.850000381469728,1815886,1h,1H,yfinance,730d,2026-04-02T03:04:46Z,0.05403960406750019,0.05403960406750019,9.25714723281035,9.241499948501588,8.95550199508667,8.783357000350952,8.657626490592957,9.25714723281035,8.95550199508667,8.783357000350952,8.657626490592957,0.019559146996094772,0.26919580413683886,773680.85,2.3470737320175368,73.49241764573995,0.7448997497558594,0.2200837395697384,0.022343525994554275,36.50337958839581,41.289015787463086,7.369163096811844,9.241499948501588,0.26919580413683886,9.779891556775265,8.70310834022791,0.11651606584945598,0.18832820468545286,0.15728321586375915,0.03104498882169371,9.625,9.039999961853027,9.270000457763672,0.053487216190890585,0.14269147473786425,0.06027991624501583,0.13479263077862913,0.019926078321198984,1.1213207955116493,0.12217955843503601,0.9536461527761098,0.06404274813282784,0.09988255118181133,0.034406139467598074,2.2604380291857185,1750.157717150294
2025-05-12 14:30:00,9.829999923706056,10.130000114440918,9.8100004196167,10.109999656677246,1059314,1h,1H,yfinance,730d,2026-04-02T03:04:46Z,0.02639586448104514,0.02639586448104514,9.338371273178627,9.312499952316283,8.97890199661255,8.798756999969482,8.656326489448547,9.338371273178627,8.97890199661255,8.798756999969482,8.656326489448547,0.01998141246688057,0.29988720342242375,813561.0,1.3020707728123644,77.56728241423497,0.31999969482421875,0.227220593516487,0.022474836917172097,38.935890206209244,38.39614963871392,6.627866498648596,9.312499952316283,0.29988720342242375,9.912274359161131,8.712725545471436,0.12881061152556927,0.23292740378860266,0.17241205344872787,0.06051535033987479,10.089900016784668,9.039999961853027,9.289999961853027,0.08010509755543649,0.1742160348214088,0.08012820806729026,0.16340623070908267,0.020013403466039265,1.1229892484459045,0.12495560788643575,1.0308509854366608,0.08262986777093184,0.12597282613079241,0.03726471125565789,2.659332226449148,1750.157717150294
2025-05-12 15:30:00,10.10990047454834,10.270000457763672,10.050000190734863,10.229999542236328,1125366,1h,1H,yfinance,730d,2026-04-02T03:04:46Z,0.01186942528527446,0.01186942528527446,9.423288251184122,9.38600492477417,9.005101985931397,8.81545699119568,8.656051487922669,9.423288251184122,9.005101985931397,8.81545699119568,8.656051487922669,0.020001219372309403,0.33369341985449036,861339.55,1.3065300438137317,79.15964366074701,0.2200002670288086,0.22670485591022424,0.022160788470638137,41.394939460137,40.14570922628094,6.168448398254346,9.38600492477417,0.33369341985449036,10.05339176448315,8.71861808506519,0.14220892596112455,0.2747879933437769,0.1928872414277377,0.08190075191603921,10.130000114440918,9.039999961853027,9.300000190734863,0.09178224836508964,0.1923076495573639,0.08368644035691264,0.16782148580887046,0.020099034929799173,1.1025797282327308,0.12598399542277494,1.1287856483984515,0.08560825791897386,0.1360226189796161,0.04032444798829338,2.5292516041526643,1750.157717150294
2025-05-12 16:30:00,10.229999542236328,10.239999771118164,10.079999923706056,10.109999656677246,695489,1h,1H,yfinance,730d,2026-04-02T03:04:46Z,-0.011730194616690004,-0.011730194616690004,9.488689337421562,9.445504903793335,9.031701984405517,8.829456987380981,8.65510148525238,9.488689337421562,9.031701984405517,8.829456987380981,8.65510148525238,0.020296010827357346,0.35094364733062255,863135.9,0.8057699836143996,73.53808543965127,0.1599998474121076,0.22194021244607307,0.021952544014132633,43.678342338784205,38.07845127949862,5.850811116054829,9.445504903793335,0.35094364733062255,10.14739219845458,8.74361760913209,0.1486182690730204,0.29488062399518356,0.2132859179412269,0.08159470605395666,10.270000457763672,9.039999961853027,9.31999969482422,0.09002696199348081,0.17558130328239163,0.07040762131707012,0.13340802356559145,0.020177021127855535,1.087997275466292,0.12769692724762288,1.1638359064414134,0.06547904533088222,0.11939030695804176,0.04351196803351587,1.893451435688458,1750.157717150294
2025-05-12 17:30:00,10.104999542236328,10.140000343322754,9.970000267028809,9.984999656677246,867259,1h,1H,yfinance,730d,2026-04-02T03:04:46Z,-0.012363996463386928,-0.012363996463386928,9.535956986874485,9.498504877090454,9.058001976013184,8.840406980514526,8.65572648525238,9.535956986874485,9.058001976013184,8.840406980514526,8.65572648525238,0.020676451611690214,0.3483660690077097,867967.35,0.9991838978735779,68.1119565837983,0.1700000762939453,0.21823020272092108,0.021855804729545934,44.80977162663558,35.95967305423805,9.125638472955394,9.498504877090454,0.3483660690077097,10.195237015105874,8.801772739075034,0.14670353851075574,0.2972907406138603,0.2300868824757536,0.0672038581381067,10.270000457763672,9.119999885559082,9.34000015258789,0.09006548286113958,0.20228769292813498,0.06848575402469437,0.118767444626251,0.020526089601175197,1.06478170729093,0.1303400062978281,1.1255449702490947,0.04708941854717197,0.10234019413098805,0.04647506959077319,1.396504490154652,1750.157717150294
2025-05-12 18:30:00,9.984999656677246,10.140000343322754,9.984999656677246,10.074600219726562,893306,1h,1H,yfinance,730d,2026-04-02T03:04:46Z,0.008973516888345356,0.008973516888345356,9.587256342384206,9.553234910964965,9.082893981933594,8.8549529838562,8.655774488449097,9.587256342384206,9.082893981933594,8.8549529838562,8.655774488449097,0.020687746993799754,0.34859065464340866,881239.4,1.0136927604462533,69.83039067386173,0.1550006866455078,0.21371380871553444,0.021213130452270683,45.860384536783286,34.09677651167608,8.65288333042955,9.553234910964965,0.34859065464340866,10.250416220251783,8.856053601678148,0.14595711626155236,0.302938703215176,0.2446572466236381,0.05828145659153791,10.270000457763672,9.270000457763672,9.699999809265137,0.10285713927778817,0.19793108234439227,0.022802013153153,0.12189317742633654,0.020934950584143873,1.013287820623637,0.13348873355792196,1.0934040077488656,0.05083246550818332,0.10918394949512011,0.04934503481513719,1.4956376535536458,1750.157717150294
2025-05-12 19:30:00,10.079899787902832,10.119999885559082,9.899999618530272,9.899999618530272,1665139,1h,1H,yfinance,730d,2026-04-02T03:04:46Z,-0.01733077217837531,-0.01733077217837531,9.617041416302879,9.571234893798827,9.104493980407716,8.867452983856202,8.654874486923218,9.617041416302879,9.104493980407716,8.867452983856202,8.654874486923218,0.01674231493615453,0.35664404530209615,910199.85,1.8294213078589279,62.73561239096156,0.22000026702881037,0.21416284145219702,0.02163261108125084,46.07497240618119,31.594908611755514,10.852933911001491,9.571234893798827,0.35664404530209615,10.28452298440302,8.857946803194634,0.14904828865214248,0.2899831991382662,0.2537224371265637,0.036260762011702474,10.270000457763672,9.289999961853027,9.8100004196167,0.06508870761381957,0.18990384394953197,-0.020771517831682407,0.037735813219785364,0.021063618030242964,1.0270130729768703,0.13594919610291872,1.0963528503640967,0.029422583305892758,0.0873750523460648,0.05194985717745926,0.9218287226777145,1750.157717150294
2025-05-13 13:30:00,9.529999732971191,10.739999771118164,9.529999732971191,10.5,4189360,1h,1H,yfinance,730d,2026-04-02T03:04:46Z,0.06060610147364853,0.06060610147364853,9.701132709988318,9.629234886169433,9.140293979644776,8.88700298309326,8.657803988456726,9.701132709988318,9.140293979644776,8.88700298309326,8.657803988456726,0.020226344837012016,0.40532423044046134,1094820.65,3.8265262899452988,72.91827160801343,1.2100000381469727,0.28529406978753813,0.027170863789289346,47.53107008755451,37.5461984881316,7.565085677748702,9.629234886169433,0.40532423044046134,10.439883347050356,8.81858642528851,0.16837235158636868,0.32439150188313626,0.2678562500778783,0.05653525180525798,10.270000457763672,9.300000190734863,9.899999618530272,0.13024758268197245,0.2522361017753014,0.026393007805027624,0.1241969837752841,0.021150355680597442,1.2846528067712306,0.13722474178203115,1.226982462490712,0.08234783647368982,0.14875955011767217,0.05572891137652736,2.148317441778193,1750.157717150294
2025-05-13 14:30:00,10.515000343322754,11.074999809265137,10.5,10.75,1722642,1h,1H,yfinance,730d,2026-04-02T03:04:46Z,0.023809523809523725,0.023809523809523725,9.801024832846574,9.699239873886109,9.174093971252441,8.908602981567382,8.66175398826599,9.801024832846574,9.174093971252441,8.908602981567382,8.66175398826599,0.020549705935210407,0.467216612960923,1119469.85,1.5388016032767653,75.87619059436534,0.5749998092651367,0.3059873368930809,0.028463938315635432,49.28282075398421,40.32664661440549,6.549655509496841,9.699239873886109,0.467216612960923,10.633673099807954,8.764806647964264,0.19268174373904912,0.3675958245250346,0.28780416496730954,0.07979165955772505,10.739999771118164,9.31999969482422,9.529999732971191,0.14850431563116073,0.2767220786928546,0.06330369585127138,0.14974488684865017,0.02129958365870748,1.3363612534275566,0.13838759767253805,1.392333901156269,0.09682407537353521,0.1717778380825128,0.059149680732160315,2.2489785186679025,1750.157717150294
2025-05-13 15:30:00,10.75,11.0,10.68000030517578,10.880000114440918,923958,1h,1H,yfinance,730d,2026-04-02T03:04:46Z,0.012093033901480643,0.012093033901480643,9.903784383474607,9.775229883193969,9.210993976593018,8.927152986526488,8.666053986549377,9.903784383474607,9.210993976593018,8.927152986526488,8.666053986549377,0.020526022230141758,0.5258129087043371,1151288.9,0.8025422637185159,77.26666034984045,0.3199996948242205,0.306988219602448,0.028215828710790685,50.90944637281179,37.32408500224484,6.0619942270269345,9.775229883193969,0.5258129087043371,10.826855700602643,8.723604065785295,0.21516134760506817,0.40762661835058545,0.3117686556439647,0.09585796270662073,11.074999809265137,9.34000015258789,9.529999732971191,0.15254243623590802,0.3014354738341303,0.08963450060463041,0.16236834659533828,0.021442311414039395,1.315894922238482,0.14066248195110942,1.5296285450149572,0.09856997014143598,0.1811971804659931,0.06288213653981911,2.1010709569098043,1750.157717150294
2025-05-13 16:30:00,10.880000114440918,10.899999618530272,10.579999923706056,10.729999542236328,675001,1h,1H,yfinance,730d,2026-04-02T03:04:46Z,-0.013786817153199848,-0.013786817153199848,9.982471541451913,9.843229866027832,9.24359197616577,8.946452980041505,8.669753985404968,9.982471541451913,9.24359197616577,8.946452980041505,8.669753985404968,0.02101721486374167,0.5560790454934836,1167003.95,0.5784050688088931,72.1024985898386,0.3199996948242152,0.30791761068971707,0.02869688945257321,51.748854330078466,34.55347007250108,7.931743416995351,9.843229866027832,0.5560790454934836,10.9553879570148,8.731071775040864,0.22597421905697546,0.42237860070641275,0.33389064465645435,0.0884879560499584,11.074999809265137,9.529999732971191,9.529999732971191,0.13605080878046794,0.2773809558950586,0.06505462333150058,0.14514404197306985,0.021565598522092676,1.3306790174719683,0.14066248195110942,1.6064995862615175,0.07488406029311756,0.16080410839240833,0.06618849758906942,1.5946827764774818,1750.157717150294
2025-05-13 17:30:00,10.725000381469728,10.760000228881836,10.529999732971191,10.675000190734863,720048,1h,1H,yfinance,730d,2026-04-02T03:04:46Z,-0.005125755251430553,-0.005125755251430553,10.048426650907432,9.91322989463806,9.275691986083984,8.963603982925415,8.673378987312317,10.048426650907432,9.275691986083984,8.963603982925415,8.673378987312317,0.02084028698580269,0.5681300148523358,1181373.95,0.6095004888164328,70.24856368394514,0.23000049591064453,0.3023521024912119,0.02832338146032371,52.19646560490042,32.67597237867527,8.68198369456187,9.91322989463806,0.5681300148523358,11.049489924342733,8.776969864933388,0.22924113367314544,0.4247355776379962,0.35205963125276274,0.07267594638523345,11.074999809265137,9.529999732971191,9.529999732971191,0.142322085147347,0.19407166574801726,0.07828288909769121,0.15094346412775783,0.021744207905398386,1.3025713138666195,0.14066248195110942,1.6297247886812039,0.06235538772339533,0.15085755399707268,0.06944386952913617,1.3408379705036289,1750.157717150294
2025-05-13 18:30:00,10.675000190734863,10.789999961853027,10.640000343322754,10.734999656677246,768521,1h,1H,yfinance,730d,2026-04-02T03:04:46Z,0.005620558770055961,0.005620558770055961,10.113814556218843,9.991979885101319,9.310191974639892,8.980903978347778,8.677554984092712,10.113814556218843,9.310191974639892,8.980903978347778,8.677554984092712,0.020354496798348297,0.5674219370680411,1177516.9,0.6526623949091517,71.12093581295147,0.14999961853027344,0.29146978220828773,0.027151354590588313,52.66644496793468,32.21000638473389,8.362839059395027,9.991979885101319,0.5674219370680411,11.126823759237402,8.857136010965236,0.22715095250105685,0.4265282026864874,0.3669533455395077,0.05957485714697969,11.074999809265137,9.529999732971191,9.529999732971191,0.08984763867343792,0.20347528754028787,0.022380919683547162,0.17194321348270614,0.021904174371839284,1.2395516091898435,0.14408302111133847,1.576528245653099,0.06141946710664614,0.1530374116794153,0.07290498207235796,1.309466065790878,1750.157717150294
2025-05-13 19:30:00,10.734999656677246,10.8149995803833,10.670000076293944,10.729999542236328,1050129,1h,1H,yfinance,730d,2026-04-02T03:04:46Z,-0.0004657768608131718,-0.0004657768608131718,10.172498840601461,10.071729850769042,9.347191963195801,8.998853969573975,8.681504983901977,10.172498840601461,9.347191963195801,8.998853969573975,8.681504983901977,0.020299817103910076,0.553281611658317,1177534.1,0.8918034730374262,70.93426896871752,0.14499950408935725,0.281007619485507,0.026188968450500033,53.149971175583836,31.658299661964488,8.054609614378672,10.071729850769042,0.553281611658317,11.178293074085676,8.965166627452408,0.2197364781844582,0.42267309121424645,0.37809729467445546,0.04457579653979099,11.074999809265137,9.529999732971191,10.5,0.06132541113882217,0.22209565701265088,-0.00186050769894619,0.17460309506196126,0.022056666242385385,1.1873493556416868,0.14633032738615404,1.5016468705396333,0.05480469551981826,0.14793828825654565,0.07667875334152319,1.1897552306036243,1750.157717150294
2025-05-14 13:30:00,10.800000190734863,10.869999885559082,10.029999732971191,10.050000190734863,3194754,1h,1H,yfinance,730d,2026-04-02T03:04:46Z,-0.06337366081189422,-0.06337366081189422,10.160832302518928,10.109479856491088,9.371991958618164,9.010653972625732,8.681554985046386,10.160832302518928,9.371991958618164,9.010653972625732,8.681554985046386,0.025459289133136047,0.5239786547614921,1293691.35,2.4694870225421233,51.23828947728833,0.8400001525878906,0.3209356575642487,0.0319338956689892,50.11289484327218,25.739673046329898,20.79284627561514,10.109479856491088,0.5239786547614921,11.157437166014072,9.061522546968105,0.2073217068334355,0.36059095485594383,0.37459602671075315,-0.014005071854809314,11.074999809265137,9.529999732971191,10.529999732971191,-0.017595245313385077,0.15916956197200038,-0.0762867568911515,0.0812264774872331,0.022252157232596208,1.4350921277066404,0.14766090379188807,1.404039265028696,-0.010907778859472916,0.07234409025428423,0.07952918282047694,-0.11351543658452883,1750.157717150294
2025-05-14 14:30:00,10.039999961853027,10.18000030517578,10.010000228881836,10.119999885559082,1313978,1h,1H,yfinance,730d,2026-04-02T03:04:46Z,0.006965143631415316,0.006965143631415316,10.156943500903704,10.150979852676391,9.401991958618163,9.022153968811034,8.682354984283448,10.156943500903704,9.401991958618163,9.022153968811034,8.682354984283448,0.025441455757143776,0.4891416457704881,1325969.4,0.9909565032194559,52.69443913815151,0.17000007629394354,0.31015454461636977,0.03064768262092082,47.21217782503688,24.731938939573165,20.439373864860848,10.150979852676391,0.4891416457704881,11.129263144217367,9.172696561135416,0.1927465733828726,0.31342582704147226,0.362361986776897,-0.048936159735424756,11.074999809265137,9.529999732971191,10.029999732971191,0.0009891423562247148,0.1460928621742954,-0.056849923830482374,0.08934337213285626,0.022409181455863188,1.3676395401270711,0.14883327886258144,1.2950502391393026,-0.003637276838384995,0.07636763891111076,0.08288499786490888,-0.06333537000005401,1750.157717150294
2025-05-14 15:30:00,10.119999885559082,10.1899995803833,9.829999923706056,9.889900207519531,1644466,1h,1H,yfinance,730d,2026-04-02T03:04:46Z,-0.02273712259304428,-0.02273712259304428,10.131510806295688,10.177474880218506,9.427489967346192,9.030052967071533,8.68217948436737,10.131510806295688,9.427489967346192,9.030052967071533,8.68217948436737,0.02611407994728981,0.4590024059579899,1383375.9,1.1887340237747384,47.65649101720973,0.3599996566772443,0.3137149097635751,0.03172073561723606,43.864590671591785,22.704736795635988,22.862379733366982,10.177474880218506,0.4590024059579899,11.095479692134486,9.259470068302527,0.18039932747960177,0.25454575740542573,0.34079874090260276,-0.08625298349717703,11.074999809265137,9.529999732971191,10.010000228881836,-0.00952423159014526,0.12130391720117117,-0.07354566456090017,0.05661330879048321,0.024331902683836067,1.3036685223267999,0.15871032011925557,1.1366578263092721,-0.023847440267844466,0.049049136278583205,0.0858437082901573,-0.6265210573325299,1750.157717150294
2025-05-14 16:30:00,9.885000228881836,9.899999618530272,9.6899995803833,9.700200080871582,1404782,1h,1H,yfinance,730d,2026-04-02T03:04:46Z,-0.01918119724845313,-0.01918119724845313,10.090433594350536,10.19048490524292,9.448593959808349,9.038804969787599,8.680930485725403,10.090433594350536,9.448593959808349,9.038804969787599,8.680930485725403,0.026520838947066885,0.4412595820322982,1367577.9,1.0272043735132017,43.927734672714436,0.21000003814697088,0.30630670464810333,0.03157735944561889,41.254796927272785,21.592873722996764,25.007506444728776,10.19048490524292,0.4412595820322982,11.073004069307517,9.307965741178323,0.17320454762865073,0.1903810687282821,0.31071520646773865,-0.12033413773945656,11.074999809265137,9.529999732971191,9.829999923706056,-0.037162778739536106,0.11368542346588462,-0.0963949332929891,0.027563613565088296,0.026670161520544175,1.1839958082479054,0.17078844960750972,1.0141467296336109,-0.038673611974161304,0.02662894840581509,0.08843101270598397,-1.1111029524010463,1750.157717150294
2025-05-14 17:30:00,9.704999923706056,9.899999618530272,9.649999618530272,9.814000129699709,863663,1h,1H,yfinance,730d,2026-04-02T03:04:46Z,0.011731721807732187,0.011731721807732187,10.064106597717124,10.208934926986695,9.472073955535889,9.049944972991943,8.683550486564636,10.064106597717124,9.472073955535889,9.049944972991943,8.683550486564636,0.026608122307786166,0.41673642124982685,1383505.3,0.62425709536494,46.62568393199405,0.25,0.3022847971732388,0.030801385080324855,38.971095979143946,20.317298390153216,24.47539697924237,10.208934926986695,0.41673642124982685,11.04240776948635,9.37546208448704,0.16328301599737305,0.14701807073984874,0.27797577932216067,-0.13095770858231193,11.074999809265137,9.6899995803833,9.6899995803833,-0.008686817388315227,0.08322292220323191,-0.08536807563979709,0.039068337405844256,0.02716110918993883,1.1340253030511167,0.17078844960750972,0.9560542084234328,-0.024851333358705485,0.036098342957297413,0.09080657389984337,-0.9476848606189588,1750.157717150294
2025-05-14 18:30:00,9.81999969482422,10.020000457763672,9.8100004196167,10.020000457763672,681768,1h,1H,yfinance,730d,2026-04-02T03:04:46Z,0.02099045499709673,0.02099045499709673,10.059906012959653,10.242684936523437,9.498673973083497,9.063294973373413,8.687793488502502,10.059906012959653,9.498673973083497,9.063294973373413,8.687793488502502,0.026734860529803083,0.37012948883003716,1363741.45,0.49992467413819536,51.20278843500137,0.21000003814697266,0.29569302867136266,0.0295102809543541,36.352320775538054,22.185415886655086,23.23380185936948,10.242684936523437,0.37012948883003716,10.982943914183512,9.502425958863363,0.14454393203494015,0.12780186691082562,0.24794099683989368,-0.12013912992906806,11.074999809265137,9.649999618530272,9.649999618530272,-0.04571424211774555,0.10902054532227745,-0.002985048000182955,0.0722311579932653,0.027693346250040017,1.0656090704210748,0.17078844960750972,0.846333182174308,-0.003966792050002499,0.054884132896598326,0.09333560767231885,-0.601639386971465,1750.157717150294
2025-05-14 19:30:00,10.015000343322754,10.149999618530272,9.979999542236328,10.130000114440918,786247,1h,1H,yfinance,730d,2026-04-02T03:04:46Z,0.010978009146897394,0.010978009146897394,10.066581641672155,10.256684923171997,9.52757396697998,9.077544975280762,8.69249349117279,10.066581641672155,9.52757396697998,9.077544975280762,8.69249349117279,0.024222046754409282,0.36017311718523165,1312259.5,0.5991551213765265,53.49606437645533,0.17000007629394354,0.28671496064440416,0.028303549595786768,34.097270066624034,24.48446221440227,22.24981112918974,10.256684923171997,0.36017311718523165,10.977031157542461,9.536338688801534,0.14046375408160405,0.12006490641606149,0.22236577875512725,-0.10230087233906576,11.074999809265137,9.649999618530272,9.649999618530272,-0.057674407958984375,0.11317464645793507,0.0009881649204468435,0.028426367728669133,0.028259689153288726,1.0015520497150598,0.17078844960750972,0.8224429368871543,0.006299901498462379,0.0632297528782022,0.09606915169452956,-0.3517331046834552,1750.157717150294
2025-05-15 13:30:00,9.829999923706056,10.109999656677246,9.720000267028809,9.73040008544922,1749487,1h,1H,yfinance,730d,2026-04-02T03:04:46Z,-0.03944718899085142,-0.03944718899085142,10.034564350603304,10.237704944610597,9.550981960296632,9.088898973464966,8.695695490837098,10.034564350603304,9.550981960296632,9.088898973464966,8.695695490837098,0.025099983276015043,0.37701113101239875,1346768.15,1.299026116707616,45.18794439619532,0.4099998474121094,0.29552102398495456,0.03037090164739216,32.292241789989376,22.05808764273255,26.329170000720403,10.237704944610597,0.37701113101239875,10.991727206635394,9.4836826825858,0.14730298755518148,0.08075799879927636,0.19404422276395708,-0.11328622396468072,11.074999809265137,9.649999618530272,9.649999618530272,-0.10566176625916068,0.07281151189033186,-0.016127576489501805,-0.037546942049331844,0.02831346552805524,1.0726663473003064,0.17078844960750972,0.8624879954920818,-0.030311656244029872,0.018785306673013258,0.09835745402547436,-1.345596502148613,1750.157717150294
2025-05-15 14:30:00,9.73989963531494,9.869999885559082,9.729999542236328,9.835000038146973,489494,1h,1H,yfinance,730d,2026-04-02T03:04:46Z,0.010749810057057108,0.010749810057057108,10.015558225607464,10.217954969406128,9.576681957244872,9.100148973464966,8.699370489120483,10.015558225607464,9.576681957244872,9.100148973464966,8.699370489120483,0.025071122392436643,0.3871084148011734,1314974.55,0.37224598757443633,47.486943917379826,0.1400003433227539,0.28441240393765455,0.028918393780834304,30.616144104542908,21.28251873538155,25.403428570200465,10.217954969406128,0.3871084148011734,10.992171799008474,9.44373813980378,0.15154046615403016,0.05738582525433067,0.1667125432620318,-0.10932671800770113,11.074999809265137,9.649999618530272,9.649999618530272,-0.08341095454537373,0.09156490436266296,0.013896616167867526,-0.03861187896035889,0.028393659887979573,1.018480671210578,0.17078844960750972,0.8872992670305662,-0.01802777073362183,0.026973651422837586,0.1008476957294282,-0.9892704901696548,1750.157717150294
2025-05-15 15:30:00,9.837900161743164,9.90999984741211,9.829999923706056,9.885000228881836,502214,1h,1H,yfinance,730d,2026-04-02T03:04:46Z,0.005083903461202688,0.005083903461202688,10.003124130681213,10.206704998016358,9.60018196105957,9.114598979949951,8.704060492515564,10.003124130681213,9.60018196105957,9.114598979949951,8.704060492515564,0.025000864358596962,0.39330215920862566,1305310.8,0.3847466825525384,48.59682785948401,0.07999992370605291,0.26981151249254015,0.027295043626221593,28.883715837099604,21.890720123553834,24.865414794606345,10.206704998016358,0.39330215920862566,10.99330931643361,9.420100679599106,0.15413481991889183,0.04240894296002473,0.1418518232016304,-0.09944288024160566,11.074999809265137,9.649999618530272,9.649999618530272,-0.07400467894498874,0.1131756871046159,0.007234572879947443,-0.02225513703621218,0.028393659887979573,0.9613076910094609,0.17078844960750972,0.9024897191414892,-0.011808700987431697,0.02966800722919105,0.10295441642605341,-0.8179583091581115,1750.157717150294
2025-05-15 16:30:00,9.885000228881836,9.925000190734863,9.850000381469728,9.864999771118164,1186446,1h,1H,yfinance,730d,2026-04-02T03:04:46Z,-0.002023313839208063,-0.002023313839208063,9.989969429770447,10.200705003738403,9.624281959533691,9.128645973205566,8.708610491752625,9.989969429770447,9.624281959533691,9.128645973205566,8.708610491752625,0.024863131391208628,0.3975311920999337,1321270.15,0.8979586801381989,48.158362844148115,0.07499980926513494,0.2558963908334398,0.025939827346233665,27.206172991169232,21.851149001706467,24.344863332123516,10.200705003738403,0.3975311920999337,10.99576738793827,9.405642619538535,0.1558838107578819,0.02859614746100192,0.1192006880535047,-0.09060454059250278,11.074999809265137,9.649999618530272,9.720000267028809,-0.08104330818659466,0.11975020445542328,-0.015469129697036177,-0.01201801599250274,0.028393659887979573,0.9135781526077681,0.17078844960750972,0.9127304048729274,-0.012509513620719281,0.02501150866075985,0.1051455302367974,-0.8444751991583267,1750.157717150294
2025-05-15 17:30:00,9.864999771118164,9.869000434875488,9.720000267028809,9.765000343322754,415762,1h,1H,yfinance,730d,2026-04-02T03:04:46Z,-0.010136789672127389,-0.010136789672127389,9.968543802489714,10.185225009918213,9.647981967926025,9.141695976257324,8.719785492420197,9.968543802489714,9.647981967926025,9.141695976257324,8.719785492420197,0.02485584331791017,0.4080296866792703,1297392.95,0.32045958011410497,45.927160862996736,0.1490001678466797,0.2482609463343855,0.02542354711786004,26.175486525751673,20.91439707740784,27.041514019287693,10.185225009918213,0.4080296866792703,11.001284383276754,9.369165636559671,0.16024375947784672,0.009471112331809195,0.09725477290916561,-0.08778366057735641,11.074999809265137,9.649999618530272,9.720000267028809,-0.08993469152678557,0.13283068131843812,-0.03603156633708571,-0.03073073567699458,0.028393659887979573,0.8953952121058923,0.17078844960750972,0.9382587630844132,-0.02041857498947075,0.012128792921229259,0.10644716848971525,-1.0298874820002362,1750.157717150294
2025-05-15 18:30:00,9.765000343322754,9.84000015258789,9.729999542236328,9.800000190734863,429882,1h,1H,yfinance,730d,2026-04-02T03:04:46Z,0.0035842136386654566,0.0035842136386654566,9.952492029941633,10.180225038528445,9.672181968688966,9.155495977401733,8.730285494327545,9.952492029941633,9.672181968688966,9.155495977401733,8.730285494327545,0.024595857320175944,0.41208671098302485,1235630.1,0.3479050890715595,46.85523145584667,0.1100006103515625,0.23838520804989816,0.02432502075614986,25.218420522149653,20.225057672719775,26.150224583262982,10.180225038528445,0.41208671098302485,11.004398460494494,9.356051616562395,0.1619165428753988,-0.002828811834334033,0.07723805596046568,-0.08006686779479971,11.074999809265137,9.649999618530272,9.720000267028809,-0.024875621418442906,0.13755083587923234,0.0071528513395582305,-0.010100952691779352,0.028393659887979573,0.8567060693168278,0.17078844960750972,0.9480532392412981,-0.015321975516082276,0.013215034876274512,0.107888393223041,-0.9226816533019525,1750.157717150294
2025-05-15 19:30:00,9.800000190734863,9.880000114440918,9.800000190734863,9.81999969482422,967294,1h,1H,yfinance,730d,2026-04-02T03:04:46Z,0.002040765683684942,0.002040765683684942,9.939873712311403,10.146225023269654,9.694681968688965,9.168995971679687,8.742085492610931,9.939873712311403,9.694681968688965,9.168995971679687,8.742085492610931,0.020291484091927176,0.4123527251569266,1074526.8,0.9002046296099827,47.41067154630773,0.07999992370605469,0.22707197345390934,0.02312341960393248,24.111584629302246,20.974345939060733,25.492152563272285,10.146225023269654,0.4123527251569266,10.970930473583508,9.3215195729558,0.16256399762915755,-0.010837865349577314,0.059622871698457085,-0.0704607370480344,11.074999809265137,9.649999618530272,9.720000267028809,-0.029644287957251048,0.1359166194150212,-0.0015252001285785965,-0.06476193382626472,0.028393659887979573,0.814386722076704,0.1682437818130119,0.9662407482603611,-0.012059913531769384,0.012926440139036544,0.10896673075128316,-0.7911317387833047,1750.157717150294
2025-05-16 13:30:00,10.0,10.020600318908691,9.609999656677246,9.720000267028809,2054144,1h,1H,yfinance,730d,2026-04-02T03:04:46Z,-0.010183241436159896,-0.010183241436159896,9.918933384189252,10.094725036621096,9.715481967926026,9.181295976638793,8.752941493988038,9.918933384189252,9.715481967926026,9.181295976638793,8.752941493988038,0.0193662306326994,0.39779226655992733,1091101.9,1.882632593711,44.8846474300178,0.4106006622314453,0.24018116550944762,0.024709995772753797,23.868354257710727,18.413160119722267,28.029808034263425,10.094725036621096,0.39779226655992733,10.89030956974095,9.299140503501242,0.15762381446422274,-0.024966418721557915,0.042705013614454085,-0.067671432336012,11.074999809265137,9.649999618530272,9.720000267028809,-0.017179135979708215,0.12499998620262898,-0.016691953265811077,-0.09581392864848293,0.02831346552805524,0.8727294703034202,0.16292350681326528,0.9674712848213071,-0.020055898094601843,0.00046506175583460596,0.1099676576838895,-0.9420111980377956,1750.157717150294
2025-05-16 14:30:00,9.736000061035156,9.739999771118164,9.5600004196167,9.5600004196167,1281942,1h,1H,yfinance,730d,2026-04-02T03:04:46Z,-0.016460889199236384,-0.016460889199236384,9.8847492923252,10.028725051879885,9.73248197555542,9.19074598312378,8.763191494941712,9.8847492923252,9.73248197555542,9.19074598312378,8.763191494941712,0.019116842802819625,0.3706027020386157,1109001.1,1.1559429472161928,41.11048391925887,0.17999935150146484,0.23588246450887743,0.024673896878169274,23.83127468314458,17.409525628783452,28.016053132183615,10.028725051879885,0.3706027020386157,10.769930455957116,9.287519647802654,0.147816477217768,-0.04851480114306028,0.024461050662951213,-0.07297585180601149,11.0,9.609999656677246,9.609999656677246,-0.01445327519907047,0.10011517620752564,-0.030917319673378407,-0.12132350008638293,0.02831346552805524,0.8714544976389559,0.16224027025227816,0.9110960983232976,-0.03285352648859241,-0.01772225793707438,0.11060930040992512,-1.2647631268871484,1750.157717150294
2025-05-16 15:30:00,9.5649995803833,9.645000457763672,9.529999732971191,9.59000015258789,607374,1h,1H,yfinance,730d,2026-04-02T03:04:46Z,0.003138047244185538,0.003138047244185538,9.85667794568355,9.971725082397462,9.750681972503662,9.20239598274231,8.773791496753693,9.85667794568355,9.750681972503662,9.20239598274231,8.773791496753693,0.019139465382350812,0.34515510652318354,1105619.75,0.5493516193067282,42.09366046535117,0.11500072479248047,0.2272480545291348,0.023696355673968494,23.912275566148892,16.780223348207343,27.94633769912192,9.971725082397462,0.34515510652318354,10.662035295443829,9.281414869351096,0.13845351879283818,-0.06401837219191364,0.006765166091978242,-0.07078353828389189,10.899999618530272,9.5600004196167,9.5600004196167,-0.02282453374276372,0.104202612463562,-0.017921165855823817,-0.10624412285956542,0.02779929661100418,0.8524084621834799,0.16108015117662278,0.8595318404005301,-0.027055544937677922,-0.016479034017198413,0.11134188407730217,-1.1059518535152597,1750.157717150294
2025-05-16 16:30:00,9.595000267028809,9.869999885559082,9.595000267028809,9.850000381469728,904422,1h,1H,yfinance,730d,2026-04-02T03:04:46Z,0.027111597992172776,0.027111597992172776,9.856041987186996,9.930475091934206,9.77388198852539,9.217095985412598,8.785841999053956,9.856041987186996,9.77388198852539,9.217095985412598,8.785841999053956,0.020410980527092813,0.3056820849939683,1114838.45,0.8112583486872023,49.90038627574013,0.2799997329711914,0.23101603156071027,0.023453403311060595,22.688689472327003,22.284320247760714,25.52691157889847,9.930475091934206,0.3056820849939683,10.541839261922142,9.319110921946269,0.1231288864486459,-0.0546947315679116,-0.005526813439999727,-0.049167918127911873,10.869999885559082,9.529999732971191,9.529999732971191,-0.016966074703342438,0.15070092273556135,0.005102060179767776,-0.0772833531170497,0.027223199108404955,0.8615226747476397,0.15893378697103472,0.7747181313378372,-0.0006129849817119171,0.007787938613715628,0.11245820145386465,-0.26326276355405354,1750.157717150294
2025-05-16 17:30:00,9.845000267028809,9.93000030517578,9.739999771118164,9.755000114440918,627510,1h,1H,yfinance,730d,2026-04-02T03:04:46Z,-0.009644696786766493,-0.009644696786766493,9.84641895168737,9.88147511482239,9.793783988952637,9.229995985031128,8.79836699962616,9.84641895168737,9.793783988952637,9.229995985031128,8.79836699962616,0.02032966040687125,0.24539177645525515,1107787.9,0.5664531992089822,47.386568168392344,0.1900005340576154,0.22808635316763207,0.023381481342063956,21.24656655524374,22.83737181571738,24.008023552037987,9.88147511482239,0.24539177645525515,10.3722586677329,9.39069156191188,0.09933406646429267,-0.054344952020716875,-0.015290441156143158,-0.03905451086457372,10.869999885559082,9.529999732971191,9.529999732971191,-0.03701875575158342,0.14093566044733463,-0.006619102077728312,-0.09129013261092755,0.026742006038360813,0.8743353549664054,0.1567538126110523,0.6336947396027093,-0.00928447567537094,-0.003960050023103068,0.1131365615197426,-0.515400321104621,1750.157717150294
2025-05-16 18:30:00,9.755000114440918,9.835000038146973,9.710000038146973,9.765000343322754,505169,1h,1H,yfinance,730d,2026-04-02T03:04:46Z,0.001025138776475476,0.001025138776475476,9.838664798509788,9.833225154876711,9.810683994293212,9.243145990371705,8.812242002487183,9.838664798509788,9.810683994293212,9.243145990371705,8.812242002487183,0.020347277181901546,0.15022549297969875,1080539.9,0.467515359682692,47.685328712005614,0.125,0.2207230422270869,0.022603485352462475,20.054686748963032,21.913566564393903,24.0076903462006,9.833225154876711,0.15022549297969875,10.133676140836108,9.532774168917314,0.06110934738647595,-0.0526538534672909,-0.022763123618372707,-0.029890729848918194,10.869999885559082,9.529999732971191,9.529999732971191,0.0035558926220591314,0.12112517802011746,0.004629637351615035,-0.08993469152678557,0.02661743548622763,0.8491984648242297,0.15500931533838685,0.39423016128465344,-0.007487241073422024,-0.004656520482876791,0.11330169910497534,-0.4541493604096677,1750.157717150294
2025-05-16 19:30:00,9.765000343322754,9.779999732971191,9.68000030517578,9.779999732971191,1098573,1h,1H,yfinance,730d,2026-04-02T03:04:46Z,0.0015360357522868906,0.0015360357522868906,9.833077649410873,9.819725131988527,9.82778398513794,9.255445985794067,8.826592500209808,9.833077649410873,9.82778398513794,9.255445985794067,8.826592500209808,0.015229130710274723,0.14204761381768422,975730.85,1.1258975771853479,48.16080969340856,0.09999942779541193,0.2120999269105387,0.02168710968319241,19.099694114637106,21.175590921997646,24.209488085238746,9.819725131988527,0.14204761381768422,10.103820359623896,9.535629904353158,0.05786215475826435,-0.04953234228148595,-0.028116967350995357,-0.021415374930490595,10.869999885559082,9.529999732971191,9.529999732971191,-0.005592303504062257,0.12933024310546326,0.023012479466325564,-0.026865716680541607,0.025681687232046852,0.8444581342042895,0.152837643036461,0.3785857568116301,-0.005397894568936024,-0.004862159388017706,0.11342899141478813,-0.2796625578541735,1750.157717150294
2025-05-19 13:30:00,9.529999732971191,9.869999885559082,9.516900062561035,9.84000015258789,543798,1h,1H,yfinance,730d,2026-04-02T03:04:46Z,0.006135012398253981,0.006135012398253981,9.833736935427732,9.805725145339967,9.84498399734497,9.267695989608765,8.841092500686646,9.833736935427732,9.84498399734497,9.267695989608765,8.841092500686646,0.015207816750175242,0.12447422386406153,937221.85,0.5802233483993144,50.11403962488848,0.3530998229980469,0.22217134805964642,0.022578388680331067,18.981470786646838,18.771687849713793,26.70487810466373,9.805725145339967,0.12447422386406153,10.05467359306809,9.556776697611843,0.05077614231241892,-0.04173588446242604,-0.030840750773281495,-0.010895133689144548,10.1899995803833,9.529999732971191,9.529999732971191,-0.004552359661304295,0.14685317483518,0.02606882127447485,-0.02766795811635747,0.025066771445306918,0.9007298259209311,0.1496784716858991,0.3392347726463487,0.0006369111967592378,-0.0005062318799526899,0.11354835350725678,0.27535827245129785,1750.157717150294
2025-05-19 14:30:00,9.84000015258789,10.0600004196167,9.84000015258789,9.895000457763672,652014,1h,1H,yfinance,730d,2026-04-02T03:04:46Z,0.005589461821432717,0.005589461821432717,9.839571556602584,9.805980157852174,9.852084007263183,9.28044599533081,8.856467502117157,9.839571556602584,9.852084007263183,9.28044599533081,8.856467502117157,0.014443902272052696,0.12465151178766325,887599.25,0.7345815129969973,51.90303146901396,0.2200002670288086,0.222016270843158,0.022437216833978296,17.811545802402573,23.555853638802112,24.81470765786146,9.805980157852174,0.12465151178766325,10.0552831814275,9.556677134276848,0.05084714012514,-0.030764437217374763,-0.03082548806210015,6.105084472538685e-05,10.1899995803833,9.516900062561035,9.516900062561035,0.003041123906899701,0.1519208710121649,0.004568535487430081,0.0005157029026705562,0.024691946325461536,0.9086856312676237,0.14755973238647474,0.3445868280105435,0.005633263688589629,0.004356078416388742,0.11241688685788342,0.7141533916021731,1750.157717150294
2025-05-19 15:30:00,9.890000343322754,10.130000114440918,9.885000228881836,10.074999809265137,429058,1h,1H,yfinance,730d,2026-04-02T03:04:46Z,0.018190939178808874,0.018190939178808874,9.861993294951398,9.824720144271852,9.866784000396729,9.29629599571228,8.872512500286103,9.861993294951398,9.866784000396729,9.29629599571228,8.872512500286103,0.014240619052015884,0.13507745817847167,838813.05,0.5115061097344634,57.299983860293246,0.24499988555908203,0.22365795760858115,0.02219930142359919,16.703318795135836,23.948285792731472,22.873094733324155,9.824720144271852,0.13507745817847167,10.094875060628796,9.554565227914908,0.05499493367542961,-0.007459059487175068,-0.026152202347115135,0.018693142859940066,10.149999618530272,9.516900062561035,9.516900062561035,0.031745975938890725,0.15871192212489404,0.03280365874629809,0.03863835026791307,0.024499458817159567,0.9061139508947303,0.14592345979506083,0.37687520397793545,0.02159872836486132,0.021102702649620664,0.11206200048504478,1.8528603393069574,1750.157717150294
2025-05-19 16:30:00,10.074999809265137,10.100000381469728,10.010000228881836,10.0600004196167,302920,1h,1H,yfinance,730d,2026-04-02T03:04:46Z,-0.0014887731942827553,-0.0014887731942827553,9.880851116348094,9.8370201587677,9.880986003875732,9.310945997238159,8.88806250333786,9.880851116348094,9.880986003875732,9.310945997238159,8.88806250333786,0.014079446227154638,0.1444185715690839,810775.9,0.37361742005404946,56.728740253957824,0.0900001525878924,0.21411097153567482,0.021283395885169632,15.674250859816723,23.22924965123057,22.186340703262196,9.8370201587677,0.1444185715690839,10.125857301905867,9.548183015629533,0.058724519920949354,0.009688610608543868,-0.018984039755983336,0.028672650364527204,10.149999618530272,9.516900062561035,9.516900062561035,0.026530635083828358,0.15898618270992926,0.030209940186603834,0.02506626112348731,0.024010688215059178,0.8864134045029569,0.1425038430582721,0.4120907805759032,0.01813095867543213,0.018117059944296132,0.11171427970550218,1.54398605682327,1750.157717150294
2025-05-19 17:30:00,10.0600004196167,10.074999809265137,9.9399995803833,10.015000343322754,653404,1h,1H,yfinance,730d,2026-04-02T03:04:46Z,-0.004473168431106234,-0.004473168431106234,9.893627233202823,9.836770153045654,9.894082012176513,9.325242004394532,8.893637506961822,9.893627233202823,9.894082012176513,9.325242004394532,8.893637506961822,0.013378655842423138,0.1441055832536454,809357.7,0.8073117732740419,54.95852425547261,0.13500022888183594,0.20846020420325775,0.020814797509442252,14.77402468550941,22.154719783303033,23.558614881844836,9.836770153045654,0.1441055832536454,10.124981319552944,9.548558986538364,0.058598739631637003,0.01942323367879517,-0.011302585069027635,0.030725818747822806,10.149999618530272,9.516900062561035,9.516900062561035,0.019857500464211864,0.14982781853734828,0.024028692921054695,-0.0004990133944599018,0.023574879492514543,0.8829227532658791,0.13945863643722112,0.4201872406662738,0.012267807070050596,0.012221278436688632,0.11248991252809182,1.2368028098077966,1750.157717150294
2025-05-19 18:30:00,10.016300201416016,10.114999771118164,9.954999923706056,10.074999809265137,692630,1h,1H,yfinance,730d,2026-04-02T03:04:46Z,0.00599095994863208,0.00599095994863208,9.910900811875424,9.834020137786865,9.908182010650634,9.339792003631592,8.904037506580353,9.910900811875424,9.908182010650634,9.339792003631592,8.904037506580353,0.013218454473152813,0.13891484615792157,804676.85,0.8607554697267605,56.89013070160305,0.1599998474121076,0.20499875014674704,0.020347270871233843,13.729654878688956,22.31334249274129,22.245235868684475,9.834020137786865,0.13891484615792157,10.111849830102708,9.556190445471023,0.05650378755038177,0.03161500990668742,-0.002719066073884624,0.034334075980572046,10.149999618530272,9.516900062561035,9.516900062561035,0.036522585646475925,0.16071422293125193,0.023882078560277353,-0.005429447636172813,0.023417442326562274,0.8688938180133382,0.13079120262074204,0.43201519993838555,0.016557425051927366,0.016836368007287827,0.11277406494842235,1.7347294270068174,1750.157717150294
2025-05-19 19:30:00,10.079999923706056,10.130000114440918,10.012499809265137,10.109999656677246,891461,1h,1H,yfinance,730d,2026-04-02T03:04:46Z,0.003473930329995989,0.003473930329995989,9.929862606618455,9.853000116348266,9.924882011413574,9.354792003631593,8.914122006893159,9.929862606618455,9.924882011413574,9.354792003631593,8.914122006893159,0.00968047372668732,0.1490250780134439,761775.55,1.1702410244067296,58.021073939533125,0.11750030517578125,0.19874886122024948,0.01965864173783467,12.848850391033006,21.910181073987548,21.30585150936585,9.853000116348266,0.1490250780134439,10.151050272375153,9.554949960321379,0.06049937125898485,0.043598696945386095,0.006544486529969519,0.03705421041541657,10.130000114440918,9.516900062561035,9.84000015258789,0.0575312984225369,0.16340623070908267,0.021728063564149247,0.03901171256006997,0.023252450472998218,0.845443870987411,0.11123147645646929,0.5439051353657203,0.018140940836253394,0.01865187364955956,0.11338862130659755,1.724538874630186,1750.157717150294
2025-05-20 13:30:00,10.34000015258789,10.449999809265137,10.149999618530272,10.3149995803833,780310,1h,1H,yfinance,730d,2026-04-02T03:04:46Z,0.02027694665356994,0.02027694665356994,9.966542318405583,9.877000093460083,9.947982006072998,9.372142000198364,8.927122004032135,9.966542318405583,9.947982006072998,9.372142000198364,8.927122004032135,0.010314809223946031,0.17968987192720506,776316.35,1.005144358997463,63.98131926338419,0.3400001525878906,0.208838239175081,0.02024607345328856,13.599781641935774,30.307146478891095,18.828201551055887,9.877000093460083,0.17968987192720506,10.236379837314493,9.517620349605673,0.07277103178167792,0.06884404455686699,0.019004398135349015,0.049839646421517975,10.130000114440918,9.516900062561035,9.885000228881836,0.0755995220291803,0.17752479717587244,0.02382131768354534,0.04880524050580126,0.022863452478197478,0.8855212690469717,0.0860525491229853,0.8456580603751135,0.03496270329723172,0.03689367090594331,0.11435488409139793,2.437530185900837,1750.157717150294
2025-05-20 14:30:00,10.3149995803833,10.739999771118164,10.300000190734863,10.739999771118164,1128960,1h,1H,yfinance,730d,2026-04-02T03:04:46Z,0.04120215298341967,0.04120215298341967,10.040204932949639,9.919750070571899,9.980081996917725,9.393541994094848,8.941047003269196,10.040204932949639,9.980081996917725,9.393541994094848,8.941047003269196,0.013338508498785236,0.2601847643573954,807653.65,1.3978269026580885,72.65086763111688,0.4399995803833008,0.22534976354709668,0.020982287555825062,15.274617344779925,35.27240080982351,16.20231500174663,9.919750070571899,0.2601847643573954,10.44011959928669,9.399380541857107,0.1049158547368101,0.12174176465802233,0.03955187143988368,0.08218989321813866,10.449999809265137,9.516900062561035,9.9399995803833,0.09035526448534381,0.20403583848178464,0.06759436611707148,0.08649464061095347,0.02259093701639677,0.9287922648182263,0.0860525491229853,1.219206819624432,0.0696992584157281,0.0761434399472003,0.1162095438340296,3.1525662256670506,1750.157717150294
2025-05-20 15:30:00,10.739999771118164,10.744999885559082,10.550000190734863,10.625,632161,1h,1H,yfinance,730d,2026-04-02T03:04:46Z,-0.010707613926344783,-0.010707613926344783,10.09589970124015,9.957750082015991,10.006681995391846,9.416741991043091,8.954872002601624,10.09589970124015,10.006681995391846,9.416741991043091,8.954872002601624,0.013672638045475746,0.30161416431819854,779939.4,0.8105257921320553,67.8891711120092,0.19499969482421875,0.22318190149546255,0.021005355434867062,16.8446824101608,33.23111395341882,15.191145426098075,9.957750082015991,0.30161416431819854,10.560978410652389,9.354521753379593,0.12115755540518074,0.15262470590553612,0.06216643833301417,0.09045826757252196,10.739999771118164,9.516900062561035,9.9399995803833,0.08918502053845878,0.19047616503469933,0.06090860067558035,0.07704006553622977,0.02250780275715468,0.9332477124267483,0.0860525491229853,1.4079484761343186,0.052407444053238494,0.06179051206912489,0.11745673109393895,2.212263205517331,1750.157717150294
2025-05-20 16:30:00,10.625,10.81999969482422,10.622099876403809,10.774999618530272,555763,1h,1H,yfinance,730d,2026-04-02T03:04:46Z,0.014117611155790355,0.014117611155790355,10.16057588383921,10.008250045776368,10.03638198852539,9.440391988754273,8.96939700126648,10.16057588383921,10.03638198852539,9.440391988754273,8.96939700126648,0.013455743490951806,0.34634964260973367,786939.45,0.7062334973802623,70.59625330579325,0.19789981842041193,0.22137603841867323,0.020545340719823554,18.52972940180076,33.52910384680866,14.221133061972061,10.008250045776368,0.34634964260973367,10.700949330995835,9.315550760556901,0.13842565524465417,0.1870472111428363,0.0871425928949786,0.0999046182478577,10.744999885559082,9.516900062561035,9.954999923706056,0.10343054169968857,0.1998886601108809,0.06947889057242507,0.10343054169968857,0.022318259128788744,0.9205619757914599,0.0860525491229853,1.6086177185386785,0.06047134943092414,0.07359401334558058,0.11895838562037708,2.213802119085413,1750.157717150294
2025-05-20 17:30:00,10.774999618530272,10.800000190734863,10.545000076293944,10.550000190734863,565851,1h,1H,yfinance,730d,2026-04-02T03:04:46Z,-0.02088161816808476,-0.02088161816808476,10.197663913067368,10.045750045776368,10.060181999206543,9.46269199371338,8.984847002029419,10.197663913067368,10.060181999206543,9.46269199371338,8.984847002029419,0.01459482326337997,0.362019455012817,793737.9,0.7128940170300548,62.134528869431186,0.25500011444091975,0.22377775813454798,0.02121116152500853,19.561516878537372,30.80001693316994,15.524591293652335,10.045750045776368,0.362019455012817,10.769788955802001,9.321711135750734,0.1441483028596851,0.19393614595028374,0.10850130350603963,0.08543484244424411,10.81999969482422,9.84000015258789,10.012499809265137,0.0787321552952378,0.10587004537950295,0.0435213203758138,0.07653061075540246,0.021943205553395802,0.9666391482043978,0.0860525491229853,1.675119497664968,0.03455068539923234,0.048688800219216066,0.11968317289479025,1.3928813437406096,1750.157717150294
2025-05-20 18:30:00,10.550000190734863,10.609999656677246,10.5,10.520000457763672,571684,1h,1H,yfinance,730d,2026-04-02T03:04:46Z,-0.0028435765335376173,-0.0028435765335376173,10.228362631609873,10.08075008392334,10.08178201675415,9.484041996002198,9.000152003765105,10.228362631609873,10.08178201675415,9.484041996002198,9.000152003765105,0.01466291430253695,0.37219698380460126,773957.4,0.7386504735273544,61.08324503837977,0.1099996566772461,0.21565075088759786,0.020499119914814207,20.212690805542707,29.67783499436465,16.449468970552587,10.08075008392334,0.37219698380460126,10.825144051532542,9.336356116314137,0.14768622600739856,0.19473021992479644,0.12574708678979102,0.06898313313500543,10.81999969482422,9.885000228881836,10.149999618530272,0.06910572099909396,0.1263383603745265,0.01987405581384949,0.07128317563068731,0.021485252784181022,0.9541018726066431,0.0860525491229853,1.7162330170641096,0.028512660008017,0.04346636738240117,0.1201790828128857,1.1801556513175113,1750.157717150294
2025-05-20 19:30:00,10.520000457763672,10.539999961853027,10.40999984741211,10.420000076293944,765555,1h,1H,yfinance,730d,2026-04-02T03:04:46Z,-0.009505739269804803,-0.009505739269804803,10.246613816817879,10.115750074386597,10.101282024383545,9.504041996002197,9.015377004146576,10.246613816817879,10.101282024383545,9.504041996002197,9.015377004146576,0.014631885576617173,0.36953092126033904,709527.95,1.0789638378586779,57.58564487221694,0.13000011444091797,0.20953284828426358,0.020108718498089265,20.219289559142595,28.362622886908234,18.788543885573652,10.115750074386597,0.36953092126033904,10.854811916907275,9.376688231865918,0.14612101664947352,0.18515597144086193,0.1376288637200052,0.04752710772085672,10.81999969482422,9.9399995803833,10.300000190734863,0.053057058538926505,0.11445040080758195,-0.029795130506870104,0.07201643930397839,0.02124727870508908,0.9464138338465382,0.0860525491229853,1.6980440223872866,0.01692132274873903,0.03155223773982785,0.12045031724547006,0.8233411181658571,1750.157717150294
2025-05-21 13:30:00,10.34000015258789,10.6899995803833,10.329999923706056,10.614999771118164,849246,1h,1H,yfinance,730d,2026-04-02T03:04:46Z,0.018713982091790538,0.018713982091790538,10.281698193417906,10.16850004196167,10.126682014465333,9.526591997146607,9.028501002788543,10.281698193417906,10.126682014465333,9.526591997146607,9.028501002788543,0.014224518923512123,0.3616492385362203,687893.15,1.234560919817271,62.13830351387555,0.3599996566772443,0.22028047745519078,0.020751811795092185,20.820714011696598,29.915651814458265,16.595278597346557,10.16850004196167,0.3616492385362203,10.89179851903411,9.44520156488923,0.14226257050452917,0.19110027125918982,0.14832314522784215,0.04277712603134767,10.81999969482422,9.9399995803833,10.40999984741211,0.05359801211672832,0.1340569488310659,-0.0009411980124081065,0.11035557585715705,0.021108258479937796,0.9831134015539751,0.0860525491229853,1.6532057673411764,0.032416977373799005,0.048220903545238114,0.1216349216041075,1.2346209574882767,1750.157717150294
2025-05-21 14:30:00,10.600000381469728,10.744999885559082,10.550000190734863,10.675000190734863,404959,1h,1H,yfinance,730d,2026-04-02T03:04:46Z,0.005652418361793199,0.005652418361793199,10.319155526495711,10.222750043869018,10.143182010650635,9.549342002868652,9.036926004886627,10.319155526495711,10.143182010650635,9.549342002868652,9.036926004886627,0.014215541311705514,0.3520527275309332,677772.4,0.5974852325057792,63.43870896714814,0.19499969482421875,0.2184747072672642,0.02046601436662124,21.581317905938352,29.80661256394584,15.537269803271133,10.222750043869018,0.3520527275309332,10.926855498930884,9.518644588807152,0.13775265012649804,0.1983660636075406,0.15833172890378186,0.04003433470375875,10.81999969482422,9.954999923706056,10.329999923706056,0.06113317549360464,0.13927431388628198,-0.009280689683128562,0.11313868830900708,0.020993821495346062,0.9748589303361551,0.0860525491229853,1.6007968564606212,0.0344838938928167,0.052431098991007286,0.12241507844213961,1.284609126699943,1750.157717150294
2025-05-21 15:30:00,10.675000190734863,10.81999969482422,10.675000190734863,10.71500015258789,512916,1h,1H,yfinance,730d,2026-04-02T03:04:46Z,0.0037470689590941575,0.0037470689590941575,10.356855014694966,10.266000032424927,10.155282020568848,9.567092008590699,9.046101005077363,10.356855014694966,10.155282020568848,9.567092008590699,9.046101005077363,0.013321247789477101,0.3567056971617226,658197.1,0.7792741718248227,64.3185637763439,0.14499950408935725,0.2132264784688423,0.0198998110529512,22.556977122865124,30.87122065744183,14.782573792935525,10.266000032424927,0.3567056971617226,10.979411426748372,9.552588638101481,0.13898527022601834,0.20498893418660202,0.16766316996034591,0.03732576422625611,10.81999969482422,10.012499809265137,10.329999923706056,0.0698951358231199,0.15525612865586336,0.015639806527959266,0.08781723224553772,0.02089854253263366,0.9522104721837462,0.0860525491229853,1.6151208958073073,0.03458049160529564,0.055115961416469794,0.12261426385455221,1.2587410959107752,1750.157717150294
2025-05-21 16:30:00,10.71500015258789,10.800000190734863,10.479999542236328,10.5,363085,1h,1H,yfinance,730d,2026-04-02T03:04:46Z,-0.020065342932912955,-0.020065342932912955,10.370487870438303,10.30325002670288,10.160682029724121,9.582892007827759,9.055051004886627,10.370487870438303,10.160682029724121,9.582892007827759,9.055051004886627,0.014041028592380149,0.3399016707022723,644975.85,0.5629435582743137,56.45442208745376,0.32000064849853516,0.22085320489953464,0.02103363856186044,22.17317166692682,27.67620552936919,19.559383301947033,10.30325002670288,0.3399016707022723,10.983053368107425,9.623446685298335,0.1319590109223211,0.19069072734909298,0.17226868143809534,0.018422045910997636,10.81999969482422,10.149999618530272,10.329999923706056,0.04218364255888374,0.1462882287019327,-0.0019011841153402376,0.07637107912035934,0.02089854253263366,1.0064643756384364,0.08884344325924401,1.485298251411378,0.012488528136740618,0.033395196236161606,0.12210102673533618,0.5788437958854803,1750.157717150294
2025-05-21 17:30:00,10.492899894714355,10.585000038146973,10.390000343322754,10.425000190734863,613525,1h,1H,yfinance,730d,2026-04-02T03:04:46Z,-0.007142838977632016,-0.007142838977632016,10.375679519990356,10.336250019073486,10.166982040405273,9.599342012405396,9.067726006507874,10.375679519990356,10.166982040405273,9.599342012405396,9.067726006507874,0.014232819711903351,0.3173321056698893,650393.65,0.9433133303192612,53.97520058123438,0.19499969482421875,0.21900652560844067,0.02100781981789132,21.295878206641415,25.916032396521764,21.250737377917595,10.336250019073486,0.3173321056698893,10.970914230413264,9.701585807733707,0.12280357192765895,0.171332424075203,0.17208142996551687,-0.0007490058903138752,10.81999969482422,10.300000190734863,10.329999923706056,0.03115732391242676,0.1412150990182217,0.00047985742843659196,0.06758830765053814,0.02089854253263366,1.005228942883793,0.11303670507099542,1.086404383872736,0.004753488255827776,0.02537804722229109,0.12122731025490485,0.27967599267658627,1750.157717150294
2025-05-21 18:30:00,10.425000190734863,10.489999771118164,10.229999542236328,10.239999771118164,585414,1h,1H,yfinance,730d,2026-04-02T03:04:46Z,-0.01774584328364015,-0.01774584328364015,10.362757639145386,10.359250020980834,10.172082042694091,9.615042009353637,9.080451004505157,10.362757639145386,10.172082042694091,9.615042009353637,9.080451004505157,0.014959305201556635,0.2918272634166934,624735.7,0.9370586633675649,48.33637478532526,0.26000022888183594,0.22193464727082604,0.02167330588197774,19.90390518732126,23.747384219596906,24.622026968694467,10.359250020980834,0.2918272634166934,10.942904547814221,9.775595494147447,0.11268277638850255,0.139455287762134,0.1655562015248403,-0.02610091376270629,10.81999969482422,10.329999923706056,10.329999923706056,-0.007270946419403512,0.10166752953927949,-0.0353273676953173,0.04703477001090084,0.02089854253263366,1.037072601983333,0.11692016589684165,0.9637582663705957,-0.011846061859393742,0.006676875799763504,0.12021771139421755,-0.40863299907793577,1750.157717150294
2025-05-21 19:30:00,10.244999885559082,10.4399995803833,10.229999542236328,10.40999984741211,950713,1h,1H,yfinance,730d,2026-04-02T03:04:46Z,0.016601570321654657,0.016601570321654657,10.36725689707555,10.387750005722046,10.178790035247802,9.630842008590697,9.094851002693176,10.36725689707555,10.178790035247802,9.630842008590697,9.094851002693176,0.01526044904978287,0.26645573458993554,645081.45,1.4737875348919118,53.17713411467809,0.21000003814697266,0.22108217519055082,0.021237481117303867,18.61135881223826,22.136169621706223,22.951469533198864,10.387750005722046,0.26645573458993554,10.920661474901916,9.854838536542175,0.10260383025897206,0.1264523490130962,0.1577354310224915,-0.03128308200939528,10.81999969482422,10.229999542236328,10.229999542236328,-0.030726250534332866,0.12055972983402263,-0.024824387689730942,0.05792679735622874,0.02089854253263366,1.0162182881481303,0.11692016589684165,0.8775546072137731,0.004122879442547411,0.022714862116583356,0.11918161520553228,0.08350295678306728,1750.157717150294
2025-05-22 13:30:00,10.31999969482422,10.449999809265137,10.140000343322754,10.399999618530272,799415,1h,1H,yfinance,730d,2026-04-02T03:04:46Z,-0.0009606367942766036,-0.0009606367942766036,10.370375251499809,10.412999963760376,10.188790035247802,9.646642007827758,9.108451001644134,10.370375251499809,10.188790035247802,9.646642007827758,9.108451001644134,0.015270252761768643,0.2413058120206863,652451.5,1.2252481602080767,52.86335154509018,0.3099994659423828,0.22743341024425312,0.021868597941005888,17.866617640735956,19.981001668725035,23.543472199401098,10.412999963760376,0.2413058120206863,10.895611587801747,9.930388339719004,0.09269406044770398,0.11402606992269959,0.14899355880253312,-0.03496748887983353,10.81999969482422,10.229999542236328,10.229999542236328,-0.021176506491268565,0.11111111111111094,-0.029398089554066864,0.051035789530497144,0.02089854253263366,1.0464173713002933,0.11692016589684165,0.7927978868032715,0.002856634047661677,0.02072960406012858,0.11860842567069407,-0.05387497765279473,1750.157717150294
2025-05-22 14:30:00,10.40999984741211,11.039999961853027,10.395000457763672,10.920000076293944,1014881,1h,1H,yfinance,730d,2026-04-02T03:04:46Z,0.0500000458497285,0.0500000458497285,10.422720472908773,10.455249977111816,10.197190036773682,9.668742008209229,9.123751001358032,10.422720472908773,10.197190036773682,9.668742008209229,9.123751001358032,0.018188215313121717,0.25215804918795953,681742.65,1.4886570467609734,64.57042410225407,0.6449995040893555,0.25725955980461757,0.02355856758308073,18.434966622889977,32.784157451566635,19.32718354283731,10.455249977111816,0.25215804918795953,10.959566075487734,9.950933878735897,0.09647136117834493,0.14447245678262277,0.14808933839855107,-0.003616881615928297,10.81999969482422,10.140000343322754,10.140000343322754,0.013457119526418149,0.15677972051885924,0.040000007266089765,0.08387099583383928,0.02089854253263366,1.1272828019606327,0.11692016589684165,0.8251045526522889,0.04771111387643212,0.07088325675147988,0.11765325853981246,1.8430904770987557,1750.157717150294
2025-05-22 15:30:00,10.920000076293944,11.380000114440918,10.90999984741211,11.270000457763672,1319100,1h,1H,yfinance,730d,2026-04-02T03:04:46Z,0.03205131676047679,0.03205131676047679,10.503413804799717,10.515749979019164,10.207590045928955,9.690842008590698,9.141776003837585,10.503413804799717,10.207590045928955,9.690842008590698,9.141776003837585,0.019109473252984777,0.29206718095432144,732551.65,1.8006921423219782,69.97563787645547,0.4700002670288086,0.27245532460634553,0.02417527183139169,19.827627720539567,37.65820751807097,16.945723274554812,10.515749979019164,0.29206718095432144,11.099884340927806,9.931615617110522,0.11109704264062892,0.1946003121686637,0.1573915331525736,0.0372087790160901,11.039999961853027,10.140000343322754,10.140000343322754,0.0682464695745808,0.1932240150245359,0.08105518000659573,0.12027832879484857,0.02089854253263366,1.156792240111545,0.11692016589684165,0.9501957321771981,0.07298452362351471,0.10408043495618569,0.1165871972408814,2.5824554346709387,1750.157717150294
2025-05-22 16:30:00,11.260000228881836,11.3100004196167,11.065199851989746,11.130000114440918,867755,1h,1H,yfinance,730d,2026-04-02T03:04:46Z,-0.012422390207296852,-0.012422390207296852,10.563088691432212,10.571499967575072,10.212590045928955,9.711792011260986,9.158401005268097,10.563088691432212,10.212590045928955,9.711792011260986,9.158401005268097,0.01940101935999101,0.2975278617665864,743269.2,1.1674841362994728,65.66048418568602,0.24480056762695312,0.2704799848221032,0.024301885178883483,21.1208130254999,35.22371246864967,15.850230893485687,10.571499967575072,0.2975278617665864,11.166555691108245,9.976444244041899,0.11257734954516001,0.22048848701040136,0.17001092392413916,0.050477563086262195,11.380000114440918,10.140000343322754,10.140000343322754,0.05798475571615325,0.19101121416871192,0.08691409797029426,0.11133297382875895,0.020993821495346062,1.1575732023953218,0.11692016589684165,0.9628565669714042,0.05366909618666105,0.08983128318928935,0.11510623306999412,1.8771356186601278,1750.157717150294
2025-05-22 17:30:00,11.130000114440918,11.229999542236328,11.09000015258789,11.145000457763672,756044,1h,1H,yfinance,730d,2026-04-02T03:04:46Z,0.0013477397276295822,0.0013477397276295822,10.618508859654256,10.624999999999998,10.220890064239502,9.732241020202636,9.174076006412506,10.618508859654256,10.220890064239502,9.732241020202636,9.174076006412506,0.01942125828073172,0.29963326802971346,746439.9,1.0128665415661728,65.90310109506923,0.1399993896484375,0.2611599423096985,0.02343292342601682,22.32162795153449,33.87497733745256,15.243316921465933,10.624999999999998,0.29963326802971346,11.224266536059424,10.025733463940572,0.11280311267000967,0.23945516435077963,0.18389977200946728,0.05555539234131235,11.380000114440918,10.140000343322754,10.140000343322754,0.06957777122469921,0.13147208387221565,0.07060524698607762,0.10620354032310209,0.021006587626379192,1.1155035669187288,0.1169803340375952,0.9642912511581387,0.04958244185394589,0.0904138864341586,0.11410566656470822,1.7354563503012197,1750.157717150294
2025-05-22 18:30:00,11.149999618530272,11.164999961853027,11.020000457763672,11.109999656677246,645833,1h,1H,yfinance,730d,2026-04-02T03:04:46Z,-0.0031404934633307846,-0.0031404934633307846,10.665317506989778,10.674999999999999,10.229590053558349,9.752641019821167,9.190075504779816,10.665317506989778,10.229590053558349,9.752641019821167,9.190075504779816,0.019504747910408796,0.292882332990383,734158.5,0.8796915107568734,64.75348843616959,0.14499950408935547,0.2528627681511026,0.022759925829442213,23.039768775236677,32.48747856803717,16.59630831539023,10.674999999999999,0.292882332990383,11.260764665980766,10.089235334019232,0.10974513648351603,0.2487941762618373,0.1968786528599413,0.05191552340189601,11.380000114440918,10.140000343322754,10.140000343322754,0.04663211457676186,0.09891197170709498,0.06826923694130982,0.09891197170709498,0.02102072918987588,1.0827372173370644,0.1169803340375952,0.938150308651419,0.04169422517389054,0.08606499366146614,0.11311273212476602,1.4852369285501787,1750.157717150294
2025-05-22 19:30:00,11.109999656677246,11.15999984741211,10.970000267028809,10.989999771118164,1009585,1h,1H,yfinance,730d,2026-04-02T03:04:46Z,-0.010801070141074232,-0.010801070141074232,10.696239627382958,10.708750009536741,10.234690055847167,9.77244101524353,9.205136003494262,10.696239627382958,10.234690055847167,9.77244101524353,9.205136003494262,0.019456876462112846,0.2883092532649159,745622.25,1.354016728980392,60.83526988702746,0.18999958038330078,0.24837254045340246,0.0225998676638855,23.422409098321527,30.71232049173703,17.12740206624159,10.708750009536741,0.2883092532649159,11.285368516066573,10.13213150300691,0.10769109485538839,0.2437031642243408,0.20624355513282122,0.037459609091519575,11.380000114440918,10.140000343322754,10.395000457763672,0.029508156885720505,0.0742913257956701,0.006410228418970654,0.06543870268483132,0.021122400043434485,1.069947904471692,0.1169803340375952,0.9205914459158457,0.027463870852627803,0.07379898278790398,0.11184561009876304,0.9755141688879249,1750.157717150294
2025-05-23 13:30:00,10.850000381469728,11.229999542236328,10.84000015258789,11.154999732971191,1155069,1h,1H,yfinance,730d,2026-04-02T03:04:46Z,0.015013645613228155,0.015013645613228155,10.739931066010408,10.729500007629394,10.243190059661865,9.795191011428834,9.220486001968384,10.739931066010408,10.243190059661865,9.795191011428834,9.220486001968384,0.01766484035751007,0.30430211386161815,746927.7,1.54642678267254,64.05589963383703,0.3899993896484375,0.2584887439673335,0.023172456311523704,23.065782679613772,27.40248135781374,18.87390947558575,10.729500007629394,0.30430211386161815,11.33810423535263,10.120895779906158,0.11344503048426807,0.25009962566216615,0.21501476923869023,0.03508485642347592,11.380000114440918,10.140000343322754,10.90999984741211,0.04106388932500682,0.1033630179802989,-0.010204145529848607,0.03864059317478197,0.021224321321156196,1.0917878579432185,0.11730129294472441,0.9671251495729589,0.03864723752970689,0.08901618226338237,0.1109165023920815,1.3982805441019521,1750.157717150294
2025-05-23 14:30:00,11.158699989318848,11.260000228881836,11.109999656677246,11.1899995803833,613741,1h,1H,yfinance,730d,2026-04-02T03:04:46Z,0.0031375928507340056,0.0031375928507340056,10.782794734045922,10.757749986648559,10.265990047454833,9.8189910030365,9.23496099948883,10.782794734045922,10.265990047454833,9.8189910030365,9.23496099948883,0.017420870045102455,0.3191530909010042,746006.7,0.8227017264054063,64.71866178934948,0.15000057220458984,0.2507395888414233,0.022407470799282594,22.844908439184756,27.086183018147796,18.06741046595105,10.757749986648559,0.3191530909010042,11.396056168450567,10.11944380484655,0.11866908649005783,0.25505297073422284,0.22302240953779676,0.03203056119642608,11.380000114440918,10.140000343322754,10.84000015258789,0.06571424575079066,0.1206810180409208,0.005390787540472175,0.053176431094899,0.021455393499640804,1.044374730282049,0.11605705848716295,1.0225064122505207,0.03776431401885616,0.09000686038630534,0.11164411501283777,1.3543644290407901,1750.157717150294
2025-05-23 15:30:00,11.199999809265137,11.380000114440918,11.19499969482422,11.28499984741211,682570,1h,1H,yfinance,730d,2026-04-02T03:04:46Z,0.008489747148458182,0.008489747148458182,10.830623792461749,10.78324999809265,10.289290046691894,9.845641002655029,9.24968599796295,10.830623792461749,10.289290046691894,9.845641002655029,9.24968599796295,0.017279759125455933,0.3392538697520953,752347.05,0.9072541721270788,66.52300799423907,0.1900005340576172,0.24640108492829427,0.021834389743904097,23.070723210357112,29.072955148192904,17.072279864567108,10.78324999809265,0.3392538697520953,11.461757737596841,10.104742258588459,0.12584475730864184,0.2636055789640963,0.2311390434230567,0.03246653554103962,11.380000114440918,10.140000343322754,10.84000015258789,0.08249397035422246,0.12014368821459787,0.012561631574533827,0.04733180946055593,0.02175384781294092,1.003702422286657,0.11605705848716295,1.0843352308688876,0.041952897973116965,0.09677147754624182,0.11239344221608105,1.4789804746696202,1750.157717150294
2025-05-23 16:30:00,11.28499984741211,11.529999732971191,11.279999732971191,11.46500015258789,697077,1h,1H,yfinance,730d,2026-04-02T03:04:46Z,0.015950403864388063,0.015950403864388063,10.891040588664238,10.828999996185301,10.320792045593262,9.874141006469726,9.26563600063324,10.891040588664238,10.320792045593262,9.874141006469726,9.26563600063324,0.016644764344044626,0.36540253945804063,758908.35,0.9185259326768509,69.68635002267095,0.25,0.24665815029055896,0.021514011950089947,23.76733957051987,31.311948397082766,15.836309595271015,10.828999996185301,0.36540253945804063,11.559805075101382,10.09819491726922,0.1349718495103,0.28166128691931114,0.24124349212230758,0.04041779479700355,11.380000114440918,10.140000343322754,10.84000015258789,0.1196289461768183,0.15808086811724098,0.03195324094337715,0.0867298526360778,0.02175384781294092,0.988975014217563,0.11605705848716295,1.1629783769268045,0.052700158377983586,0.11086436989912807,0.11387842614235111,1.7405466238573362,1750.157717150294
2025-05-23 17:30:00,11.4552001953125,11.55500030517578,11.39009952545166,11.44499969482422,935697,1h,1H,yfinance,730d,2026-04-02T03:04:46Z,-0.0017444795026152482,-0.0017444795026152482,10.943798598774713,10.87524995803833,10.355688037872314,9.902140998840332,9.280135998725891,10.943798598774713,10.355688037872314,9.902140998840332,9.280135998725891,0.016622875380693732,0.38154777232988835,777109.0,1.204074331914828,68.90720955127036,0.16490077972411932,0.24081833810724185,0.021041358193844888,24.492254781620403,30.521990911217134,15.06174239579796,10.87524995803833,0.38154777232988835,11.638345502698106,10.112154413378553,0.14033618493444233,0.29100220350798445,0.25119523439944297,0.03980696910854148,11.529999732971191,10.395000457763672,10.84000015258789,0.09942361792343424,0.08999997093564005,0.04140126780546449,0.08792768030517584,0.02175384781294092,0.9672476508421565,0.11605705848716295,1.2091999122135677,0.045797726586966236,0.10518969410512646,0.11589830572462412,1.4932592406627445,1750.157717150294
2025-05-23 18:30:00,11.449999809265137,11.56999969482422,11.40999984741211,11.425000190734863,581123,1h,1H,yfinance,730d,2026-04-02T03:04:46Z,-0.0017474447027203688,-0.0017474447027203688,10.989627321818537,10.925499963760377,10.387908039093018,9.929990997314453,9.295160999298096,10.989627321818537,10.387908039093018,9.929990997314453,9.295160999298096,0.016383605214028322,0.3844506244902125,767887.4,0.756781528125087,68.08742649132273,0.15999984741211115,0.23504558877187537,0.02057291771097617,25.21448758459541,29.493748158899592,14.329399212722006,10.925499963760377,0.3844506244902125,11.694401212740802,10.156598714779951,0.14075351270529537,0.2934089189876161,0.2596379713170776,0.03377094767053851,11.55500030517578,10.84000015258789,10.84000015258789,0.09855775094244135,0.0627907154171965,0.024204434265078678,0.09644914655301662,0.02175384781294092,0.9457139669211881,0.11605705848716295,1.2127957966543164,0.039616709117328064,0.09983647792596306,0.11756085127276861,1.2992571611421666,1750.157717150294
2025-05-23 19:30:00,11.425000190734863,11.43000030517578,11.31999969482422,11.420000076293944,1055432,1h,1H,yfinance,730d,2026-04-02T03:04:46Z,-0.0004376467708923082,-0.0004376467708923082,11.030615203197147,10.965749979019163,10.415908031463623,9.957291002273559,9.310486001968384,11.030615203197147,10.415908031463623,9.957291002273559,9.310486001968384,0.016096436768978557,0.39190332803616734,778196.7,1.3562535024885098,67.87002741125451,0.11000061035155895,0.22611380459899563,0.01979980762595361,25.279621313721403,28.46887540107122,16.67454338615023,10.965749979019163,0.39190332803616734,11.749556635091498,10.181943322946829,0.14295541254761354,0.2915519613711002,0.26602076932788216,0.02553119204321802,11.56999969482422,10.84000015258789,11.109999656677246,0.045787545467645296,0.04963234891296442,0.02055411121854256,0.07583611140209956,0.02175384781294092,0.9101749628943855,0.11605705848716295,1.2317683595558802,0.035300376807989364,0.09639985700691978,0.11872871397492402,1.1590871135262704,1750.157717150294
2025-05-27 13:30:00,11.800000190734863,12.850000381469728,11.520000457763672,12.84000015258789,3367014,1h,1H,yfinance,730d,2026-04-02T03:04:46Z,0.12434326329310941,0.12434326329310941,11.202937579329598,11.073999977111814,10.470108032226562,9.99884099960327,9.331936001777649,11.202937579329598,10.470108032226562,9.99884099960327,9.331936001777649,0.030828029338444446,0.5597178486751286,926299.45,3.634908775990313,83.7442210610856,1.4300003051757848,0.3121056974973377,0.024307297024013904,28.06778679351213,51.65001195880412,11.21746304398618,11.073999977111814,0.5597178486751286,12.193435674462071,9.954564279761557,0.20217368605092131,0.4000509099357856,0.2928267974494629,0.10722411248632274,11.56999969482422,10.84000015258789,11.19499969482422,0.13930786433488374,0.1966449860548456,0.13779356014190602,0.20281029725246214,0.021851493842454994,1.112386054668151,0.11605705848716295,1.7420197331063987,0.14612797417338252,0.2263483923056857,0.12196526318141299,3.1551614436742716,1750.157717150294
2025-05-27 14:30:00,12.829999923706056,12.90999984741211,12.270000457763672,12.359999656677246,2369742,1h,1H,yfinance,730d,2026-04-02T03:04:46Z,-0.03738321574816339,-0.03738321574816339,11.313133967648422,11.156249952316283,10.522700023651122,10.036840991973877,9.3501859998703,11.313133967648422,10.522700023651122,10.036840991973877,9.3501859998703,0.032485462201156064,0.6186798257548778,1019140.75,2.325235253324921,70.97848038926037,0.6399993896484375,0.33552667550813053,0.027146171911652833,30.71537763805742,45.8901911181263,9.689126077147247,11.156249952316283,0.6186798257548778,12.39360960382604,9.918890300806527,0.22182357993025298,0.44220758608976674,0.3227029551775237,0.11950463091224306,12.850000381469728,10.84000015258789,11.279999732971191,0.11051208711493476,0.1578453804061608,0.07806362775209696,0.15352304999193622,0.022138034370144243,1.2262232255029226,0.11605705848716295,1.9113320880417526,0.09253542758553834,0.17460344102716574,0.12540007480033943,1.945674732309585,1750.157717150294
2025-05-27 15:30:00,12.359999656677246,12.390000343322754,12.199999809265137,12.289999961853027,981155,1h,1H,yfinance,730d,2026-04-02T03:04:46Z,-0.0056634058874267534,-0.0056634058874267534,11.406168824239337,11.245749950408934,10.571800022125244,10.074240989685059,9.36876100063324,11.406168824239337,10.571800022125244,10.074240989685059,9.36876100063324,0.03201901429288046,0.6461352268279229,1050044.25,0.9343939553023599,69.31896089554996,0.1900005340576172,0.32513195111880816,0.02645500017314779,32.842826984848465,43.974669744980346,10.822539692074738,11.245749950408934,0.6461352268279229,12.53802040406478,9.953479496753088,0.22982379287365431,0.4646128970382204,0.351084943549663,0.11352795348855738,12.90999984741211,10.84000015258789,11.31999969482422,0.10273660449172461,0.14485331671236334,0.07383139270951156,0.17047618684314547,0.022503669231584048,1.1755860744708255,0.11605705848716295,1.9802655337768627,0.07748711694810728,0.1625267159927204,0.12840961802854078,1.6161477784931166,1750.157717150294
2025-05-27 16:30:00,12.289999961853027,12.43000030517578,12.225000381469728,12.289999961853027,654002,1h,1H,yfinance,730d,2026-04-02T03:04:46Z,0.0,0.0,11.490343218297784,11.338999938964843,10.619900016784667,10.110040988922119,9.387885999679565,11.490343218297784,10.619900016784667,10.110040988922119,9.387885999679565,0.03188334690946145,0.6554666787122664,1052068.1,0.6216346641438895,69.31896089554996,0.20499992370605113,0.31655109201789694,0.025756801708742144,34.86621555240209,42.84309710747077,10.321916419396757,11.338999938964843,0.6554666787122664,12.649933296389376,10.02806658154031,0.23122556918264,0.476872181718198,0.37624239118337005,0.10062979053482796,12.90999984741211,10.84000015258789,11.31999969482422,0.10621065181280964,0.14538681138578746,0.07571113844003596,0.17889685726583182,0.022679896746663857,1.135666621257034,0.11605705848716295,1.9923438711676102,0.06959380832783402,0.1572613623884198,0.13123444587494504,1.4508747031298745,1750.157717150294
2025-05-27 17:30:00,12.289999961853027,12.479999542236328,12.279999732971191,12.380000114440918,722079,1h,1H,yfinance,730d,2026-04-02T03:04:46Z,0.007323039289442113,0.007323039289442113,11.575072446501892,11.44599995613098,10.670200023651123,10.147240991592406,9.407738499641418,11.575072446501892,10.670200023651123,10.147240991592406,9.407738499641418,0.031304807365815965,0.6418578994210813,1058901.35,0.6819133812606811,70.3525765618704,0.19999980926513672,0.3082260003926998,0.02489709188557785,36.80704519116202,42.016086236222236,9.843514830836073,11.44599995613098,0.6418578994210813,12.729715754973142,10.162284157288816,0.22430819566001284,0.48822209292213437,0.39863833153112294,0.08958376139101143,12.90999984741211,11.109999656677246,11.31999969482422,0.12647865079812726,0.2318407840284511,0.08406305006422699,0.20898441319877836,0.022966191070482957,1.0840757968602186,0.12225692189934984,1.8347279824751233,0.06953975205418983,0.16024067843151224,0.13419394300318022,1.4551509908226614,1750.157717150294
2025-05-27 18:30:00,12.380000114440918,12.389800071716309,12.239999771118164,12.30500030517578,621744,1h,1H,yfinance,730d,2026-04-02T03:04:46Z,-0.0060581428571759854,-0.0060581428571759854,11.644589385423215,11.540749979019164,10.721000022888184,10.184490995407105,9.427363500595092,11.644589385423215,10.721000022888184,10.184490995407105,9.427363500595092,0.03145499424285222,0.6214766809234343,1042452.9,0.5964240686557637,68.28798146739342,0.14980030059814453,0.296909878978803,0.02412920533239772,38.390656456218984,40.50191289037847,10.451066838918031,11.540749979019164,0.6214766809234343,12.783703340866033,10.297796617172295,0.21540252827702383,0.48556779819270446,0.41602422486343926,0.0695435733292652,12.90999984741211,11.19499969482422,11.520000457763672,0.10309283726878937,0.21590913481477636,-0.041666654287716876,0.18203655000386587,0.023302689868770262,1.03546867199804,0.1304083034094709,1.6517547015444127,0.05671397229165254,0.14774743763696718,0.1372214535072751,1.2297329081133626,1750.157717150294
2025-05-27 19:30:00,12.30500030517578,12.425000190734863,12.295000076293944,12.390000343322754,973941,1h,1H,yfinance,730d,2026-04-02T03:04:46Z,0.006907764001535366,0.006907764001535366,11.71558090522317,11.64025001525879,10.772800025939942,10.222490997314454,9.447063503265381,11.71558090522317,10.772800025939942,10.222490997314454,9.447063503265381,0.03137875633404971,0.589346033782897,1051179.2,0.9265223284478993,69.3845582803779,0.13000011444091975,0.28498775294038275,0.02300143220689812,39.91267493146377,40.064490231493956,10.110540956396722,11.64025001525879,0.589346033782897,12.818942082824584,10.461557947692995,0.20252006031153783,0.484735316211939,0.4297664431331392,0.054968873078799774,12.90999984741211,11.279999732971191,12.199999809265137,0.10723867809996368,0.252793262150647,0.0024272400872844546,0.19134623055627653,0.023302689868770262,0.9870719790904533,0.13765401722237117,1.4712252093913087,0.05756602626498064,0.15011884686327948,0.140333186308774,1.2721733668952744,1750.157717150294
2025-05-28 13:30:00,12.40999984741211,12.5,11.960000038146973,12.0649995803833,1743200,1h,1H,yfinance,730d,2026-04-02T03:04:46Z,-0.02623089216576202,-0.02623089216576202,11.74885887428604,11.697499990463257,10.817700023651122,10.256190996170044,9.465128502845765,11.74885887428604,10.817700023651122,10.256190996170044,9.465128502845765,0.03082333867632103,0.5719561161483006,1087595.15,1.6028022927465244,60.736565033015516,0.5399999618530273,0.3032029107198574,0.025130785019905053,39.584167089626014,34.967756462089255,16.716280425754697,11.697499990463257,0.5719561161483006,12.841412222759859,10.553587758166655,0.195582343787854,0.45263305076503535,0.43433976465951846,0.018293286105516893,12.90999984741211,11.31999969482422,12.199999809265137,0.06911827589878627,0.24378873423188585,-0.01830759822360506,0.10485343370784572,0.023302689868770262,1.0784499627051538,0.14054484881986884,1.3916009404124423,0.02690820525465476,0.11530173271630417,0.14290049209566424,0.6425310955583107,1750.157717150294
2025-05-28 14:30:00,12.0649995803833,12.220000267028809,12.005000114440918,12.145000457763672,575899,1h,1H,yfinance,730d,2026-04-02T03:04:46Z,0.006630823055348234,0.006630823055348234,11.786586644141051,11.741249990463256,10.86620002746582,10.290840997695923,9.484078507423401,11.786586644141051,10.86620002746582,10.290840997695923,9.484078507423401,0.030218251079653733,0.5710470884158624,1050435.1,0.548248054544255,61.992359251632536,0.21500015258789062,0.2969027137104312,0.024446496708086712,39.27912409363381,33.1590656428328,15.851638652955858,11.741249990463256,0.5710470884158624,12.88334416729498,10.599155813631532,0.19454388208399995,0.42870532816017004,0.4332128773596488,-0.004507549199478766,12.90999984741211,11.31999969482422,11.960000038146973,0.059310972187147426,0.23751786195821945,-0.011798169612646014,0.07763974839923193,0.023302689868770262,1.0490847556980687,0.14185446262645446,1.3714329354325117,0.03040861824070018,0.11768607489881533,0.14573071268448512,0.7070353312201574,1750.157717150294
2025-05-28 15:30:00,12.140000343322754,12.223699569702148,12.039999961853027,12.085000038146973,499168,1h,1H,yfinance,730d,2026-04-02T03:04:46Z,-0.004940339016483497,-0.004940339016483497,11.815006967379711,11.788999986648559,10.916700019836426,10.324590997695923,9.502415509223939,11.815006967379711,10.916700019836426,10.324590997695923,9.502415509223939,0.03005633032660028,0.5577110356356578,1032005.75,0.4836872275178699,60.43124057676729,0.1836996078491211,0.2888167775774805,0.023898781685214258,39.004887839311984,31.74408623817181,15.131473771771484,11.788999986648559,0.5577110356356578,12.904422057919874,10.673577915377244,0.18923099033583307,0.40028664788026624,0.4266276314637723,-0.02634098358350606,12.90999984741211,11.31999969482422,11.960000038146973,0.055919647041334564,0.20608777305826398,-0.023828762000562165,0.08580412523688685,0.023302689868770262,1.0255803866335134,0.1660932014417233,1.139306056438608,0.022851706436796126,0.10701952203391696,0.1488342105477971,0.5307408901476088,1750.157717150294
2025-05-28 16:30:00,12.085000038146973,12.169699668884276,11.880999565124512,11.94499969482422,573760,1h,1H,yfinance,730d,2026-04-02T03:04:46Z,-0.011584637391876984,-0.011584637391876984,11.827387227136331,11.828999948501586,10.963800010681153,10.357240991592407,9.520515508651734,11.827387227136331,10.963800010681153,10.357240991592407,9.520515508651734,0.030256706334510778,0.5384437093224326,1022891.55,0.5609196791194531,56.834810141366326,0.28870010375976385,0.28880844373335784,0.024178187619251158,37.94866914576781,29.477502083871293,17.983483190648624,11.828999948501586,0.5384437093224326,12.905887367146452,10.75211252985672,0.182075817623328,0.36229151032604356,0.4137604072362266,-0.051468896910183026,12.90999984741211,11.520000457763672,11.960000038146973,0.04551417902916555,0.17917073641449544,-0.029256448713791072,0.07178099633932855,0.02353561899836898,1.0273019639265366,0.18565340397958052,0.980729756203953,0.00994407855507129,0.0894944894276768,0.151597305914563,0.2154352336451404,1750.157717150294
2025-05-28 17:30:00,11.94499969482422,11.979999542236328,11.810199737548828,11.859999656677246,725935,1h,1H,yfinance,730d,2026-04-02T03:04:46Z,-0.00711595147079036,-0.00711595147079036,11.830493172806895,11.866499948501588,11.003999996185303,10.388940992355346,9.53726550579071,11.830493172806895,11.003999996185303,10.388940992355346,9.53726550579071,0.030315329155231954,0.5125576613631622,1026896.65,0.7069211882227876,54.706080733848076,0.1697998046875,0.2803078266586537,0.02363472468574979,36.62883459454444,28.20204865617234,19.00949572841341,11.866499948501588,0.5125576613631622,12.891615271227913,10.841384625775262,0.17277467276368533,0.32161393215843503,0.3953311122206683,-0.07371718006223327,12.90999984741211,11.880999565124512,11.880999565124512,0.03852885967108444,0.21886043251321352,-0.0427764868409497,0.06750675276117057,0.023766753185482024,0.994444823880576,0.18565340397958052,0.9306302446395667,0.0024941042980501926,0.0777898637576051,0.15378983520004152,-0.012682069383284242,1750.157717150294
2025-05-28 18:30:00,11.860099792480469,12.0,11.850000381469728,11.90999984741211,541720,1h,1H,yfinance,730d,2026-04-02T03:04:46Z,0.004215867806262041,0.004215867806262041,11.83806523705501,11.912499952316285,11.047099990844726,10.420441989898682,9.55186550617218,11.83806523705501,11.047099990844726,10.420441989898682,9.55186550617218,0.03013217513544486,0.4714672203703281,1003503.4,0.5398287639085229,55.75586244853973,0.14999961853027166,0.27100009750662646,0.022753996723644906,35.46937641407572,27.614212609419546,18.257936402697375,11.912499952316285,0.4714672203703281,12.85543439305694,10.96956551157563,0.15831008512320036,0.29006753790159756,0.3742783973568542,-0.08421085945525664,12.90999984741211,11.810199737548828,11.810199737548828,-0.07242992944889803,0.21098116941706602,-0.012847056640035714,0.08371247456362241,0.023766753185482024,0.9573876812733613,0.18565340397958052,0.852718462089779,0.006076551270551622,0.07811098453734555,0.1565384776100922,-0.0053028180882050135,1750.157717150294
2025-05-28 19:30:00,11.90999984741211,11.989999771118164,11.845000267028809,11.979999542236328,623458,1h,1H,yfinance,730d,2026-04-02T03:04:46Z,0.005877388389675664,0.005877388389675664,11.851582789929422,11.953749942779542,11.091399974822998,10.451041984558106,9.566915502548218,11.851582789929422,11.091399974822998,10.451041984558106,9.566915502548218,0.03003775097565565,0.4383118282536755,976922.85,0.6381855025706482,57.249713512206924,0.14499950408935547,0.26200005511967855,0.02186978840825319,34.36621127329636,26.52259693553438,17.672500244511056,11.953749942779542,0.4383118282536755,12.830373599286892,11.077126286272192,0.14666923111217658,0.2676301102173859,0.3529487399289606,-0.08531862971157467,12.90999984741211,11.810199737548828,11.810199737548828,-0.03074434668253656,0.21193720433443763,-0.013585912664323296,0.07395785109941855,0.023766753185482024,0.9201841007720146,0.18565340397958052,0.7900163852008246,0.010835409462441215,0.08011608718740759,0.15934963279112502,0.05988795593623426,1750.157717150294
2025-05-29 13:30:00,12.130000114440918,12.1899995803833,11.72920036315918,11.779999732971191,759565,1h,1H,yfinance,730d,2026-04-02T03:04:46Z,-0.016694475534829833,-0.016694475534829833,11.8447653559334,11.983249950408936,11.131399974822997,10.47959197998047,9.579765501022338,11.8447653559334,11.131399974822997,10.47959197998047,9.579765501022338,0.030375254463861634,0.4044635141818697,984214.05,0.7717477717372557,51.86183758911166,0.4607992172241211,0.2761999952699959,0.02344651965457488,34.01181839679952,28.534179937778013,15.566501894836104,11.983249950408936,0.4044635141818697,12.792176978772675,11.174322922045198,0.1350096228838377,0.23104661245826463,0.32856831443482143,-0.0975217019765568,12.90999984741211,11.810199737548828,11.810199737548828,-0.04149717090844807,0.19412062912151185,-0.02523792339371378,0.05272566351317787,0.023766753185482024,0.9865259874410292,0.18565340397958052,0.7272132909487995,-0.005467868802463527,0.05826758176107205,0.16196998492656944,-0.5025180524598618,1750.157717150294
2025-05-29 14:30:00,11.78499984741211,11.890000343322754,11.720000267028809,11.854999542236328,335305,1h,1H,yfinance,730d,2026-04-02T03:04:46Z,0.006366707212668077,0.006366707212668077,11.845740040343204,12.011749935150146,11.171699962615968,10.508341979980468,9.59461549758911,11.845740040343204,11.171699962615968,10.508341979980468,9.59461549758911,0.030359613741498186,0.3731262966036645,966850.8,0.3468011817335208,53.62441785425597,0.1700000762939453,0.26861428677170657,0.022658312707200253,33.62934607608126,27.24427600029149,15.107453633941786,12.011749935150146,0.3731262966036645,12.758002528357475,11.265497341942817,0.12425376772514381,0.20573420882815796,0.30400149331348875,-0.09826728448533079,12.90999984741211,11.72920036315918,11.72920036315918,-0.03539466403310809,0.21402960833920526,-0.007534546244223783,0.05050949955971262,0.023766753185482024,0.9533617204827598,0.18565340397958052,0.6692781552166429,0.0007816735688601639,0.06116343814342451,0.16437182557478613,-0.42010009570651685,1750.157717150294
2025-05-29 15:30:00,11.854999542236328,11.856499671936035,11.68000030517578,11.84000015258789,460362,1h,1H,yfinance,730d,2026-04-02T03:04:46Z,-0.001265237471751779,-0.001265237471751779,11.845193384366507,12.030499935150146,11.210599956512452,10.531341981887817,9.60989049911499,11.845193384366507,11.210599956512452,10.531341981887817,9.60989049911499,0.030221155964707393,0.3541183472669565,955015.05,0.48204685360717614,53.204843747064075,0.17649936676025568,0.2620346496280315,0.02213130458201541,33.0321840438762,25.93349039325193,15.470966133268899,12.030499935150146,0.3541183472669565,12.738736629684059,11.322263240616234,0.11774019340037897,0.1823614716664821,0.27967348898408745,-0.09731201731760536,12.90999984741211,11.720000267028809,11.720000267028809,-0.043618736418518544,0.20816325736214658,-0.0016862988759106523,0.03270824204178968,0.023766753185482024,0.9311875462877431,0.18565340397958052,0.634193561101249,-0.0004384252422142687,0.056143310662852386,0.16656895908906333,-0.537955132888512,1750.157717150294
2025-05-29 16:30:00,11.84000015258789,11.859999656677246,11.765000343322754,11.770000457763672,349826,1h,1H,yfinance,730d,2026-04-02T03:04:46Z,-0.005912136310988081,-0.005912136310988081,11.838032153261475,12.04674997329712,11.244499969482423,10.555641984939575,9.624240503311157,11.838032153261475,11.244499969482423,10.555641984939575,9.624240503311157,0.030260874617473073,0.33374872650865334,925721.5,0.3778955117710888,51.191797686119784,0.09499931335449219,0.2501035541799216,0.02124923912088291,32.49088979198142,25.329836063790058,15.05121681200123,12.04674997329712,0.33374872650865334,12.714247426314426,11.379252520279813,0.11081784788376686,0.15638728345792074,0.25501624787885413,-0.09862896442093338,12.90999984741211,11.68000030517578,11.68000030517578,-0.04347824739078421,0.19857442194903818,-0.011754776779351328,0.028396747191389293,0.023766753185482024,0.8940741276289711,0.18565340397958052,0.5969071695338017,-0.005746875377345528,0.04673400237515746,0.16835193027583073,-0.82921519560097,1750.157717150294
2025-05-29 17:30:00,11.770000457763672,11.920000076293944,11.760000228881836,11.824999809265137,289970,1h,1H,yfinance,730d,2026-04-02T03:04:46Z,0.00467284191694195,0.00467284191694195,11.836790977642776,12.066749954223633,11.27979995727539,10.580392980575562,9.640199003219605,11.836790977642776,11.27979995727539,10.580392980575562,9.640199003219605,0.03025525836490631,0.3067869462113513,911163.85,0.3182413349695557,52.70590130991635,0.1599998474121076,0.24366757512507772,0.020606137763669055,32.22096262828359,25.900658263282274,14.345280692723449,12.066749954223633,0.3067869462113513,12.680323846646335,11.453176061800932,0.10169662829682437,0.13864235739197994,0.2317414697814793,-0.09309911238949936,12.90999984741211,11.68000030517578,11.68000030517578,-0.045601333204329464,0.21656373296374198,-0.012938208588800792,0.03501090694551179,0.023766753185482024,0.8670152629958879,0.18565340397958052,0.5477768040709325,-0.0009961456952235492,0.04833417738389034,0.1700795754847173,-0.7880066213506693,1750.157717150294
2025-05-29 18:30:00,11.829999923706056,11.895000457763672,11.75,11.75,772295,1h,1H,yfinance,730d,2026-04-02T03:04:46Z,-0.006342478687092479,-0.006342478687092479,11.828525170248227,12.083249950408936,11.314499950408935,10.604290981292724,9.654499001502991,11.828525170248227,11.314499950408935,10.604290981292724,9.654499001502991,0.030307859193933574,0.27919211474628275,897007.0,0.8609687549818452,50.409425838372876,0.14500045776367188,0.23661992388497732,0.02013786586255126,31.898760299504175,24.76695126090165,14.019245661740692,12.083249950408936,0.27919211474628275,12.641634179901502,11.52486572091637,0.09242285507363325,0.11717677688734973,0.2088285312026534,-0.09165175431530367,12.90999984741211,11.68000030517578,11.68000030517578,-0.026108544661324617,0.22907944396001478,-0.002546666693652333,0.028896665630596896,0.023766753185482024,0.8473124496808644,0.18565340397958052,0.497824726573818,-0.00663862731135223,0.03849043718236311,0.17194066192844581,-1.1936223582524115,1750.157717150294
2025-05-29 19:30:00,11.755000114440918,11.925000190734863,11.739999771118164,11.850000381469728,524263,1h,1H,yfinance,730d,2026-04-02T03:04:46Z,0.008510670763381079,0.008510670763381079,11.830570428459799,12.033749961853028,11.349999961853028,10.629090986251832,9.66919900417328,11.830570428459799,11.349999961853028,10.629090986251832,9.66919900417328,0.011708826383238726,0.22267625090047038,754869.45,0.694508169591444,53.32935648887383,0.18500041961669922,0.23293281643724317,0.019656777125635252,31.726223762561997,24.28185642817267,13.223931627848625,12.033749961853028,0.22267625090047038,12.479102463653968,11.588397460052088,0.07401724370419976,0.10700090490680658,0.18846300594348406,-0.08146210103667748,12.90999984741211,11.68000030517578,11.68000030517578,-0.024289836572658596,0.23566216818797137,-0.0004216921939801388,-0.07710278499635603,0.023540622170162333,0.8350151913380675,0.17742524519350666,0.4171742506173446,0.0016423513242598275,0.04405290055481803,0.17383042348743727,-0.8251871478895606,1750.157717150294
2025-05-30 13:30:00,11.68000030517578,11.8100004196167,11.56999969482422,11.800000190734863,593856,1h,1H,yfinance,730d,2026-04-02T03:04:46Z,-0.0042194252426398515,-0.0042194252426398515,11.8276589772479,12.005749988555909,11.38379997253418,10.654340991973877,9.684249005317689,11.8276589772479,11.38379997253418,10.654340991973877,9.684249005317689,0.008854917157549278,0.21496678538019598,666075.15,0.8915750722722503,51.690507695255135,0.2800006866455078,0.23629480716640494,0.02002498333448665,30.3618527193204,22.226634287163026,17.2435162708333,12.005749988555909,0.21496678538019598,12.4356835593163,11.575816417795517,0.0716212766666326,0.09382035289868007,0.16953447533452326,-0.07571412243584319,12.90999984741211,11.68000030517578,11.68000030517578,-0.023582941374637234,0.19796951611632063,-0.0033783751129669026,-0.045307401415650816,0.0232239759307365,0.8622547402826042,0.16554237894344284,0.4326461726824757,-0.002338483597324026,0.036560745902497915,0.17549641343208489,-0.9571236666034293,1750.157717150294
2025-05-30 14:30:00,11.8100004196167,11.890000343322754,11.720000267028809,11.779999732971191,369541,1h,1H,yfinance,730d,2026-04-02T03:04:46Z,-0.001694954020371564,-0.001694954020371564,11.823120001602499,11.980249977111816,11.413099975585938,10.680540990829467,9.699099001884461,11.823120001602499,11.413099975585938,10.680540990829467,9.699099001884461,0.008821189330480282,0.20992552194029293,635494.45,0.5815015378969872,51.015164095177134,0.1700000762939453,0.23155946924694354,0.019657001230554257,29.48124371150908,23.528818393092024,16.339274913881184,11.980249977111816,0.20992552194029293,12.400101020992402,11.56039893323123,0.0700905314467909,0.08082905366445559,0.15179339100050973,-0.07096433733605415,12.5,11.56999969482422,11.56999969482422,-0.013813308168147076,0.20758581186816638,0.0008495560593562157,-0.04149717090844807,0.022877714465271513,0.8592204986382571,0.15248965811768847,0.4596412131286728,-0.0036471141818287256,0.03214724817710324,0.17671754596673983,-0.9539109027323504,1750.157717150294
2025-05-30 15:30:00,11.770000457763672,11.770000457763672,11.524299621582031,11.529999732971191,289579,1h,1H,yfinance,730d,2026-04-02T03:04:46Z,-0.02122241134694358,-0.02122241134694358,11.795203785542375,11.942249965667724,11.428899974822999,10.704490985870361,9.712898998260497,11.795203785542375,11.428899974822999,10.704490985870361,9.712898998260497,0.009736406266056378,0.21900624501878801,617273.3,0.46912607430128594,43.384933198727865,0.25570011138916016,0.23328380082853045,0.0202327672360158,27.481491737138377,21.68669627690277,21.052145820021384,11.942249965667724,0.21900624501878801,12.3802624557053,11.504237475630148,0.07335510331751542,0.049786536558844574,0.1313920201121767,-0.08160548355333214,12.5,11.56999969482422,11.56999969482422,-0.02782461494594246,0.18074749898553089,-0.024947152731690236,-0.06183891222463822,0.02270615471542258,0.8910697337173169,0.14083942699800714,0.5208421028193575,-0.022484058554058217,0.008845974535686585,0.1766723793658127,-1.882367476147388,1750.157717150294
2025-05-30 16:30:00,11.538299560546877,11.68000030517578,11.470000267028809,11.595000267028809,528071,1h,1H,yfinance,730d,2026-04-02T03:04:46Z,0.005637513925671689,0.005637513925671689,11.776136783779178,11.902999973297119,11.448299980163574,10.72749098777771,9.727698998451233,11.776136783779178,11.448299980163574,10.72749098777771,9.727698998451233,0.009652418603894417,0.20705320929372384,607572.9,0.8691483770918683,45.66063096471335,0.21000003814697088,0.23162067492270477,0.01997590940824161,25.703946560471636,20.282242622868417,21.363302360275,11.902999973297119,0.20705320929372384,12.317106391884566,11.488893554709671,0.06958017634486151,0.030083335998545735,0.11113028328945052,-0.08104694729090478,12.5,11.524299621582031,11.524299621582031,-0.026448327826951723,0.1855828817600811,-0.013191466635846028,-0.06340871083647481,0.02239480864460783,0.8919883945090713,0.12963169530449076,0.5367528071080552,-0.015381658694714861,0.012814154688418622,0.1768764619450378,-1.4875389148466882,1750.157717150294
2025-05-30 17:30:00,11.599900245666504,11.760000228881836,11.539999961853027,11.734999656677246,423513,1h,1H,yfinance,730d,2026-04-02T03:04:46Z,0.012074116983553207,0.012074116983553207,11.772218962150422,11.874499940872193,11.467499980926513,10.751940984725952,9.743473997116089,11.772218962150422,11.467499980926513,10.751940984725952,9.743473997116089,0.010180646434870034,0.18812169361426748,597661.35,0.7086170119583607,50.29486260912824,0.2200002670288086,0.23079064578742647,0.019666864298211205,24.122016172574217,21.377203310093567,19.908696418958378,11.874499940872193,0.18812169361426748,12.250743328100727,11.498256553643659,0.06336997584774064,0.025471567941794504,0.09399854021991932,-0.06852697227812482,12.5,11.470000267028809,11.470000267028809,-0.020450742480858874,0.19258124742924676,-0.009704702201724258,-0.04632268462917288,0.022000546495134297,0.8939261714503676,0.1209969805627614,0.523731877878312,-0.003161621916211499,0.02332676487426677,0.17694161079720727,-0.7415427828381336,1750.157717150294
2025-05-30 18:30:00,11.734999656677246,11.760000228881836,11.600000381469728,11.625,532986,1h,1H,yfinance,730d,2026-04-02T03:04:46Z,-0.00937363953092718,-0.00937363953092718,11.758198108612287,11.836249923706054,11.488999977111817,10.77459098815918,9.758498997688294,11.758198108612287,11.488999977111817,10.77459098815918,9.758498997688294,0.010060751546147426,0.1541174408479383,575613.6,0.9259440708141712,46.90972807517479,0.1599998474121076,0.22573416018918943,0.019417992274338877,22.653080812383756,20.29490959887719,18.900750869664712,11.836249923706054,0.1541174408479383,12.14448480540193,11.528015042010178,0.05208319927049401,0.012793183684422615,0.07775746891281998,-0.06496428522839737,12.5,11.470000267028809,11.470000267028809,-0.01315787236712418,0.17483572129387426,-0.014830524398827594,-0.061743367403135685,0.02155951376456805,0.9006693048083184,0.11427902064207292,0.4557546868871143,-0.011328105495579832,0.011837411711995705,0.1773327004320504,-1.3707074458528443,1750.157717150294
2025-05-30 19:30:00,11.619999885559082,11.640000343322754,11.520000457763672,11.579999923706056,853891,1h,1H,yfinance,730d,2026-04-02T03:04:46Z,-0.00387097430485539,-0.00387097430485539,11.741226852906932,11.811999940872195,11.510199966430664,10.795990991592408,9.773948998451234,11.741226852906932,11.510199966430664,10.795990991592408,9.773948998451234,0.008562411372802324,0.15437294698093143,531148.15,1.6076324468041543,45.558803141628644,0.11999988555908203,0.21818171200132463,0.01884125331941262,21.261954402822848,19.49760995127153,20.777268113901137,11.811999940872195,0.15437294698093143,12.120745834834057,11.503254046910332,0.05227665010283857,-0.0008755642977558153,0.062030862270704826,-0.06290642656846064,12.5,11.470000267028809,11.470000267028809,-0.02319693202437656,0.14937966679234038,-0.016977912886139812,-0.0401988954451199,0.020927688442275983,0.900302647919368,0.10625723809029561,0.49198201498908484,-0.013731693563263203,0.006064182853378952,0.17764068221090112,-1.5028541056147313,1750.157717150294
2025-06-02 13:30:00,11.630000114440918,11.770000457763672,11.359999656677246,11.46500015258789,804171,1h,1H,yfinance,730d,2026-04-02T03:04:46Z,-0.009930895671488194,-0.009930895671488194,11.714919548114642,11.777999925613404,11.531099967956543,10.816190996170043,9.789148998260497,11.714919548114642,11.531099967956543,10.816190996170043,9.789148998260497,0.008486978234598657,0.15215446481437173,542561.75,1.4821741488411226,42.21312460023125,0.4100008010864258,0.23188307550740328,0.02022530069090862,20.8198560449406,17.03515102148561,23.08181119979691,11.777999925613404,0.15215446481437173,12.082308855242147,11.473690995984661,0.051674126600555925,-0.020748490306921497,0.045474991755179564,-0.06622348206210106,12.223699569702148,11.470000267028809,11.470000267028809,-0.03167229688912088,0.13966199546388536,-0.005637431213240007,-0.05599014240803035,0.02041945249984243,0.9904918210253039,0.09705974168522881,0.5323950559042137,-0.021333428240825847,-0.005732307893638544,0.17794713003199614,-2.057118556510141,1750.157717150294
2025-06-02 14:30:00,11.449999809265137,11.630000114440918,11.43000030517578,11.625,421107,1h,1H,yfinance,730d,2026-04-02T03:04:46Z,0.013955503295479232,0.013955503295479232,11.706355781627533,11.754999923706055,11.55129997253418,10.838990993499756,9.80467399597168,11.706355781627533,11.55129997253418,10.838990993499756,9.80467399597168,0.009220695143699676,0.13813028807004737,538658.7,0.7817696066173256,47.941254744720894,0.1999998092651385,0.2296056993472415,0.019751027900837978,20.409336141192796,15.975251075999571,21.645697695342033,11.754999923706055,0.13813028807004737,12.03126049984615,11.478739347565961,0.04700307578615389,-0.023318475958641116,0.03171629821241543,-0.055034774171056546,12.223699569702148,11.359999656677246,11.359999656677246,-0.012319494657965557,0.16075882191563506,0.0025872990323680956,-0.03806371838601219,0.02022903396346221,0.9763702970943838,0.0832200493889165,0.5648047090971073,-0.006949710323618907,0.0063802366522434095,0.17814217762672313,-0.9411398870038628,1750.157717150294
2025-06-02 15:30:00,11.630000114440918,11.850000381469728,11.630000114440918,11.779999732971191,361642,1h,1H,yfinance,730d,2026-04-02T03:04:46Z,0.013333310363113249,0.013333310363113249,11.713369491279309,11.746749925613404,11.573399963378906,10.85829098701477,9.820823993682861,11.713369491279309,11.573399963378906,10.85829098701477,9.820823993682861,0.009506400256773948,0.1312942035495189,528052.8,0.6848595443485954,52.820300589132906,0.22500038146972834,0.2292767480702763,0.019463221839347813,19.22142807330852,21.7093036913334,20.128413988573588,11.746749925613404,0.1312942035495189,12.009338332712442,11.484161518514366,0.04470826547970901,-0.01270160879965232,0.02283271681000188,-0.0355343256096542,12.1899995803833,11.359999656677246,11.359999656677246,-0.003805503342053873,0.16923076486196154,0.0038346891870884026,-0.013813308168147076,0.02018158327672994,0.9644051000591999,0.0736861735108576,0.6067388676808042,0.005688392374328277,0.017851259806627162,0.17845508389350728,0.25324657493540365,1750.157717150294
2025-06-02 16:30:00,11.779999732971191,11.8149995803833,11.670000076293944,11.670000076293944,344945,1h,1H,yfinance,730d,2026-04-02T03:04:46Z,-0.009337831848108435,-0.009337831848108435,11.709239070804513,11.737249946594238,11.592499961853028,10.873890991210937,9.83632399559021,11.709239070804513,11.592499961853028,10.873890991210937,9.83632399559021,0.009593894597571064,0.1296193279320812,509003.3,0.6776871584133148,49.289746646141225,0.14499950408935725,0.22325694492878206,0.01913084348493698,18.118370581701694,20.70218791833512,19.19463723084992,11.737249946594238,0.1296193279320812,11.9964886024584,11.478011290730075,0.04417366198108192,-0.013013704192935904,0.015663432609414326,-0.02867713680235023,12.1899995803833,11.359999656677246,11.359999656677246,-0.0068085041451962924,0.15430271736818302,0.003870974304855279,-0.016020201170607318,0.020081424598518957,0.9526636614390354,0.07248818999207401,0.60939115717901,-0.003351113959950358,0.006685366805774695,0.17853986581269,-0.518825944966575,1750.157717150294
2025-06-02 17:30:00,11.675000190734863,11.789999961853027,11.579999923706056,11.739999771118164,295390,1h,1H,yfinance,730d,2026-04-02T03:04:46Z,0.005998260014274948,0.005998260014274948,11.712168661310574,11.72874994277954,11.61729995727539,10.888990993499755,9.852223992347717,11.712168661310574,11.61729995727539,10.888990993499755,9.852223992347717,0.00964783888700793,0.12343893945522644,496686.8,0.5947208582954087,51.510885633935246,0.21000003814697088,0.22231002301579555,0.018936118172907072,17.08889939516658,19.30534187886552,20.79123021029206,11.72874994277954,0.12343893945522644,11.975627821689994,11.481872063869087,0.042097901330471525,-0.007525897814881333,0.011025566524555195,-0.018551464339436528,12.1899995803833,11.359999656677246,11.359999656677246,-0.009282751629576036,0.13814835178906626,0.01381691264820839,-0.01427372615213629,0.020000446371364132,0.9467847777647141,0.07085590405671174,0.59413399477307,0.0023762558935414013,0.010561818520140154,0.17915507872117176,0.09113678704850081,1750.157717150294
2025-06-02 18:30:00,11.729999542236328,11.8149995803833,11.6899995803833,11.755000114440918,392868,1h,1H,yfinance,730d,2026-04-02T03:04:46Z,0.0012777124033389597,0.0012777124033389597,11.716247847322988,11.71749997138977,11.64389995574951,10.905440998077392,9.867448992729187,11.716247847322988,11.64389995574951,10.905440998077392,9.867448992729187,0.009543232668448238,0.10949312961009644,485157.3,0.8097744793286631,51.99611389513822,0.125,0.21535930708609588,0.01832065546486289,15.976528654955317,19.334129025114773,19.929247570525064,11.71749997138977,0.10949312961009644,11.936486230609963,11.498513712169578,0.037377641946641255,-0.0019439606118574204,0.008431661097272673,-0.010375621709130093,12.1899995803833,11.359999656677246,11.359999656677246,-0.003813565725980128,0.09450655167165611,0.025294370518396114,-0.0187812551246066,0.019863468654539793,0.9223291149945106,0.06983535389582621,0.535225209890075,0.0033075663491348717,0.009541490317988233,0.1800314310547031,0.3424885486850633,1750.157717150294
2025-06-02 19:30:00,11.755000114440918,11.8100004196167,11.734999656677246,11.800000190734863,645241,1h,1H,yfinance,730d,2026-04-02T03:04:46Z,0.003828164683610913,0.003828164683610913,11.724224260981261,11.718499994277954,11.675099964141845,10.923591003417968,9.881998991966247,11.724224260981261,11.675099964141845,10.923591003417968,9.881998991966247,0.008869539345510047,0.11014875707764103,479441.1,1.3458191214728985,53.49945191726343,0.07500076293945312,0.20533369678990712,0.01740116046363552,14.943612967616284,18.82969771913987,19.40928950228012,11.718499994277954,0.11014875707764103,11.938797508433236,11.498202480122671,0.03759824453007667,0.006041255084751285,0.007953579894768395,-0.0019123248100171106,12.1899995803833,11.359999656677246,11.43000030517578,0.0016978317671512144,0.11058825324563415,0.015053779848160254,0.0016978317671512144,0.01970894609952459,0.8829066950492732,0.06647507609630107,0.5655991198206207,0.006463193475903406,0.01069800061469528,0.18145124014213443,0.7399102687964253,1750.157717150294
2025-06-03 13:30:00,12.020000457763672,14.100000381469728,11.970000267028809,13.899999618530272,4845218,1h,1H,yfinance,730d,2026-04-02T03:04:46Z,0.17796605032636248,0.17796605032636248,11.931440961700215,11.820749998092651,11.74489995956421,10.961844997406006,9.908398990631104,11.931440961700215,11.74489995956421,10.961844997406006,9.908398990631104,0.03980565201421728,0.48856228835906923,704936.75,6.8732662894933485,81.93365737043736,2.300000190734865,0.35495273207168987,0.025536168475752886,18.783481540094915,56.19718581014115,10.42592646269975,11.820749998092651,0.48856228835906923,12.79787457481079,10.843625421374513,0.16532361768513892,0.17974995387250026,0.042312854690314775,0.1374370991821855,11.925000190734863,11.359999656677246,11.579999923706056,0.20555073204224183,0.290023212123905,0.17996603850723236,0.17250106750389427,0.01970894609952459,1.2956638242756602,0.06647507609630107,2.487001555976228,0.16498917969330829,0.18349238106631138,0.1853479023876219,4.255853695587479,1750.157717150294
2025-06-03 14:30:00,13.890000343322754,13.890000343322754,13.390000343322754,13.494999885559082,2973749,1h,1H,yfinance,730d,2026-04-02T03:04:46Z,-0.029136672236399153,-0.029136672236399153,12.08035133540106,11.903499984741211,11.806799964904785,10.997795000076295,9.932623991966247,12.08035133540106,11.806799964904785,10.997795000076295,9.932623991966247,0.04061003581411185,0.6099038081353285,830606.1,3.580215700318117,72.70068054553765,0.5099992752075178,0.36602748515282046,0.027123192905285184,22.349073785967928,50.60421705497705,9.388296551007704,11.903499984741211,0.6099038081353285,13.123307601011868,10.683692368470554,0.20494940443303178,0.2814904092227781,0.09014836559680744,0.19134204362597068,14.100000381469728,11.359999656677246,11.579999923706056,0.16386369769503628,0.2791468854579313,0.15638387295064238,0.1397803810508782,0.01970894609952459,1.3761868731245572,0.06647507609630107,3.083101464015262,0.1171032622215582,0.14298539194975768,0.1886889078308429,2.60942771563207,1750.157717150294
2025-06-03 15:30:00,13.5,14.100000381469728,13.494999885559082,14.050000190734863,1531562,1h,1H,yfinance,730d,2026-04-02T03:04:46Z,0.04112636605278408,0.04112636605278408,12.267936940670946,12.017499971389771,11.869399967193603,11.033295001983642,9.960148992538452,12.267936940670946,11.869399967193603,11.033295001983642,9.960148992538452,0.04113485809316368,0.7671171414806741,889692.9,1.7214501767969599,76.5933062444344,0.6050004959106463,0.3830969859212366,0.02726668901925469,25.813170382612036,48.81139007007232,8.329272656303617,12.017499971389771,0.7671171414806741,13.55173425435112,10.483265688428423,0.255333353295431,0.40226725289616105,0.15257214305667818,0.24969510983948287,14.100000381469728,11.359999656677246,11.579999923706056,0.1972731658956952,0.3355512908144487,0.19676324230427866,0.19371279900565064,0.01970894609952459,1.3834676335084402,0.06647507609630107,3.841038901941757,0.1452618528023224,0.1837161296753269,0.19168899743221202,2.6495304425371082,1750.157717150294
2025-06-03 16:30:00,14.045000076293944,14.31999969482422,13.90999984741211,14.130000114440918,1499521,1h,1H,yfinance,730d,2026-04-02T03:04:46Z,0.005693944670464024,0.005693944670464024,12.445276290553801,12.132749986648559,11.926599960327149,11.067095003128053,9.987848992347717,12.445276290553801,11.926599960327149,11.067095003128053,9.987848992347717,0.041129266643471364,0.8924495334947427,950170.45,1.5781600027658196,77.10018470725468,0.40999984741211115,0.3850186188848705,0.02724830967916128,29.179264977469998,49.180067760907534,7.695722494119399,12.132749986648559,0.8924495334947427,13.917649053638044,10.347850919659074,0.2942282778353912,0.4986905032162898,0.22179581508860052,0.2768946881276893,14.100000381469728,11.359999656677246,11.6899995803833,0.215483880812122,0.3560460663131302,0.20204168242264275,0.19492603318012436,0.01970894609952459,1.3825350955634583,0.06647507609630107,4.426144280138149,0.13537054417713912,0.1847467141887209,0.1941109611754066,2.2379418138875913,1750.157717150294
2025-06-03 17:30:00,14.130000114440918,14.25,13.833499908447266,13.960000038146973,1402019,1h,1H,yfinance,730d,2026-04-02T03:04:46Z,-0.012031144721662446,-0.012031144721662446,12.589535695086484,12.243249988555908,11.98319995880127,11.097895002365112,10.0125239944458,12.589535695086484,11.98319995880127,11.097895002365112,10.0125239944458,0.041258786879160826,0.971531357875047,981656.65,1.4282172896195426,73.45971651882734,0.4165000915527344,0.38726729550400363,0.027741210203851036,31.98166149415525,45.40203807834686,8.515518910245646,12.243249988555908,0.971531357875047,14.186312704306001,10.300187272805815,0.3174096285816798,0.5549914425010183,0.2884349405710841,0.2665565019299342,14.31999969482422,11.43000030517578,11.734999656677246,0.20552678153034232,0.31512014499802987,0.18305083156762159,0.1880851096295295,0.01970894609952459,1.407544069772467,0.06647507609630107,4.774866720300628,0.10885741748167588,0.1649642905185611,0.1968210978019782,1.7670557266890234,1750.157717150294
2025-06-03 18:30:00,13.960000038146973,14.25,13.960000038146973,14.039999961853027,2124237,1h,1H,yfinance,730d,2026-04-02T03:04:46Z,0.005730653544946174,0.005730653544946174,12.72767514906425,12.352749967575074,12.041099948883057,11.13099500656128,10.038723993301392,12.72767514906425,12.041099948883057,11.13099500656128,10.038723993301392,0.04126632945070468,1.0419050794495734,1061655.35,2.000872505375685,74.0799605868456,0.28999996185302734,0.3803196288146482,0.027088292724215424,34.58388683107727,42.929195254046135,8.051717267771782,12.352749967575074,1.0419050794495734,14.43656012647422,10.268939808675928,0.33738400993608253,0.5991589365097525,0.3505797397588178,0.2485791967509347,14.31999969482422,11.579999923706056,11.970000267028809,0.22459657871735006,0.3152224553624592,0.010071967421935613,0.18481008522226539,0.019863468654539793,1.3637241911434435,0.06647507609630107,5.075345975494955,0.1031079751344266,0.1660064297660273,0.19946518670279234,1.6193893547090765,1750.157717150294
2025-06-03 19:30:00,14.039999961853027,14.350000381469728,13.984999656677246,14.350000381469728,2970142,1h,1H,yfinance,730d,2026-04-02T03:04:46Z,0.02207980202699278,0.02207980202699278,12.882182314055248,12.480249977111816,12.105899963378906,11.167745008468628,10.06567449569702,12.882182314055248,12.105899963378906,11.167745008468628,10.06567449569702,0.04123389463306446,1.1195909016918744,1180469.65,2.5160680751089197,76.38318271297231,0.36500072479248225,0.3792254213844935,0.02642685793055381,37.08633588647604,41.86138912008594,7.498167382581476,12.480249977111816,1.1195909016918744,14.719431780495565,10.241068173728067,0.3588360501576975,0.651664454616963,0.41079668273044684,0.24086777188651615,14.31999969482422,11.579999923706056,13.390000343322754,0.23440863496513797,0.33924406692648623,0.06335683609938947,0.21610170758616398,0.019863468654539793,1.3304251332011923,0.06647507609630107,5.3980539960249025,0.11394172444004314,0.18537245680861103,0.20269138134300513,1.670030009651232,1750.157717150294
2025-06-04 13:30:00,14.595000267028809,15.81999969482422,14.460000038146973,15.05500030517578,5660057,1h,1H,yfinance,730d,2026-04-02T03:04:46Z,0.049128913237969085,0.049128913237969085,13.089117360828633,12.644000005722045,12.187199974060059,11.210945014953614,10.095924496650696,13.089117360828633,12.187199974060059,11.210945014953614,10.095924496650696,0.04195730953626734,1.2383937813368149,1444995.45,3.9170067974954526,80.60421759677686,1.4699993133544922,0.4571378422394934,0.030364518962004493,40.22729982166621,55.21524156208143,5.775913973066844,12.644000005722045,1.2383937813368149,15.120787568395675,10.167212443048415,0.39177278733830423,0.7416141911548095,0.4769601844153194,0.26465400673949013,14.350000381469728,11.579999923706056,13.494999885559082,0.27801363721920525,0.4338095528738837,0.0715302562845268,0.27801363721920525,0.020100605049575115,1.5106271123239814,0.06647507609630107,5.893528978752142,0.15019217034682408,0.23531248664334004,0.20714056232325628,1.946876943173213,1750.157717150294
2025-06-04 14:30:00,15.05500030517578,15.494999885559082,15.039999961853027,15.345000267028809,2233460,1h,1H,yfinance,730d,2026-04-02T03:04:46Z,0.019262700496480933,0.019262700496480933,13.303963351895316,12.834750032424926,12.270999984741211,11.257095022201538,10.127974495887756,13.303963351895316,12.270999984741211,11.257095022201538,10.127974495887756,0.041220482340892435,1.3416235966771954,1542189.5,1.4482396618573787,82.02722227869197,0.4549999237060547,0.4569851337728192,0.029780718528544112,43.14390919005708,51.28842881206196,5.365140933036708,12.834750032424926,1.3416235966771954,15.517997225779318,10.151502839070535,0.4181222363623133,0.8267700877792361,0.5469221650881028,0.27984792269113334,15.81999969482422,11.6899995803833,13.833499908447266,0.314910039992214,0.47194244472691294,0.08598727124893335,0.33087602969740226,0.020100605049575115,1.4815831889186646,0.06647507609630107,6.28990985668957,0.15341570486532663,0.25050935425882703,0.21159467667731424,1.8710540279859635,1750.157717150294
2025-06-04 15:30:00,15.345000267028809,15.65999984741211,15.31999969482422,15.510000228881836,1881081,1h,1H,yfinance,730d,2026-04-02T03:04:46Z,0.01075268549897368,0.01075268549897368,13.514062102084509,13.030500030517578,12.357399997711182,11.311695022583008,10.161174497604371,13.514062102084509,12.357399997711182,11.311695022583008,10.161174497604371,0.04117638482951857,1.4292078295510169,1609840.0,1.1684894150971525,82.8004146989935,0.34000015258788885,0.44862906368818134,0.028925148747114132,45.91541323759869,51.13907261420769,5.074708705560075,13.030500030517578,1.4292078295510169,15.888915689619612,10.172084371415544,0.4387269333344987,0.8972281793817558,0.6169833679468334,0.2802448114349224,15.81999969482422,11.734999656677246,13.833499908447266,0.32112440641083606,0.5146484937067739,0.11103153198419391,0.33764552580353135,0.02288073458333075,1.264170459290538,0.11434679676643977,3.8368100002890757,0.14769342568652677,0.25511840935427954,0.2161389414801016,1.7348772845326412,1750.157717150294
2025-06-04 16:30:00,15.50450038909912,15.670000076293944,15.09000015258789,15.5649995803833,2532716,1h,1H,yfinance,730d,2026-04-02T03:04:46Z,0.0035460574268109113,0.0035460574268109113,13.709389480970108,13.222000026702881,12.442999992370606,11.36614501953125,10.194149494171143,13.709389480970108,12.442999992370606,11.36614501953125,10.194149494171143,0.04125297617722454,1.4977420034817113,1715300.15,1.4765439156523132,83.06198789094104,0.5799999237060529,0.45801269654660076,0.029425808473765587,47.63699295663322,46.51339638322747,8.202604459293529,13.222000026702881,1.4977420034817113,16.217484033666302,10.226516019739458,0.4531060355337776,0.9465929780005808,0.6829052899575829,0.2636876880429979,15.81999969482422,11.970000267028809,13.960000038146973,0.3241173482645765,0.4951969076399849,0.10861820674314315,0.32637409763593594,0.025981513203153346,1.1325671543331899,0.18513651105908535,2.4474158713576015,0.1353532264867776,0.25090408984384327,0.22060207175550262,1.5643545739077815,1750.157717150294
2025-06-04 17:30:00,15.5600004196167,15.5600004196167,15.130000114440918,15.18000030517578,1232486,1h,1H,yfinance,730d,2026-04-02T03:04:46Z,-0.024734936433454147,-0.024734936433454147,13.849447654703981,13.39975004196167,12.517299995422363,11.419046020507812,10.224549493789674,13.849447654703981,12.517299995422363,11.419046020507812,10.224549493789674,0.04183847014295462,1.5085767601714726,1750275.15,0.7041669991143964,74.51865567952112,0.4349994659423828,0.4563688943605852,0.030063826428579285,49.23560269573671,43.34658129821682,7.644138865337606,13.39975004196167,1.5085767601714726,16.416903562304615,10.382596521618726,0.4503298212122836,0.9437695250158615,0.7350781369692387,0.2086913880466228,15.81999969482422,13.390000343322754,13.984999656677246,0.28644068303446546,0.4596154674975861,0.05783971440013591,0.30580647786458326,0.026757575327384618,1.1235631801739128,0.2301413788642314,1.9567529465353088,0.09607261485405694,0.2127216181386704,0.2242397577541475,1.1800859659350422,1750.157717150294
2025-06-04 18:30:00,15.1899995803833,15.28499984741211,15.119999885559082,15.234999656677246,915262,1h,1H,yfinance,730d,2026-04-02T03:04:46Z,0.0036231456123696493,0.0036231456123696493,13.981404988225245,13.58250002861023,12.593099994659424,11.474394016265869,10.256599493026734,13.981404988225245,12.593099994659424,11.474394016265869,10.256599493026734,0.04170801808174127,1.498412098349624,1753343.7,0.5220094611227679,74.91558329993035,0.16499996185302734,0.4355568277529025,0.028589224651672716,50.68001388256312,42.17366820908248,7.601293917650718,13.58250002861023,1.498412098349624,16.579324225309477,10.585675831910983,0.44127725976612925,0.9351896223696503,0.775100434049321,0.16008918832032926,15.81999969482422,13.494999885559082,14.460000038146973,0.09604317084780845,0.3951464789593424,0.011956117426286994,0.3156303762566386,0.027105742814750304,1.0547294293707803,0.2747808155654111,1.6059245579358283,0.08966156616647214,0.20978946114445352,0.22780459578452228,1.102833879869968,1750.157717150294
2025-06-04 19:30:00,15.234999656677246,15.234999656677246,14.779999732971191,14.920000076293944,1844532,1h,1H,yfinance,730d,2026-04-02T03:04:46Z,-0.020676047750696425,-0.020676047750696425,14.07079499661274,13.755250024795533,12.662999992370606,11.525454015731812,10.287699494361878,14.07079499661274,12.662999992370606,11.525454015731812,10.287699494361878,0.04208810927266113,1.4424462859768699,1805361.75,1.0216966211896314,68.34874091387638,0.4549999237060547,0.43694562032098483,0.029285899335566225,50.718243605988995,39.036792764582,12.593975858214565,13.755250024795533,1.4424462859768699,16.64014259674927,10.870357452841793,0.4194605793065724,0.8926818731732986,0.7986167218741166,0.09406515129918203,15.81999969482422,13.833499908447266,15.039999961853027,0.10559467971983794,0.32386863090283735,-0.027696329966708788,0.3013519300238463,0.027185751292223233,1.0772517934401822,0.30581895320853547,1.371597721154142,0.06035231697182941,0.1782358118363081,0.23088743011112456,0.8074824434170215,1750.157717150294
2025-06-05 13:30:00,15.0,15.04990005493164,14.31999969482422,14.479999542236328,1893723,1h,1H,yfinance,730d,2026-04-02T03:04:46Z,-0.02949065226592873,-0.02949065226592873,14.1097668581007,13.898000001907349,12.724199981689454,11.570054006576537,10.316674489974975,14.1097668581007,12.724199981689454,11.570054006576537,10.316674489974975,0.04314583391190556,1.3636856553867192,1878992.55,1.0078395467826629,60.38622651225285,0.7299003601074201,0.4578709588771588,0.0316209235740379,49.289308666121244,34.591845910344674,18.33602666142182,13.898000001907349,1.3636856553867192,16.625371312680787,11.17062869113391,0.39248399919400445,0.8141053105655978,0.8017144396124128,0.012390870953184918,15.81999969482422,13.833499908447266,14.779999732971191,0.030604935634451103,0.3009882653504077,-0.06640881182757818,0.24559135847194224,0.027257499349207986,1.1600816042927542,0.3273968192588812,1.1988021144568821,0.02623946149209888,0.1379889944415782,0.2333625524440015,0.4267842358171127,1750.157717150294
2025-06-05 14:30:00,14.479999542236328,14.619999885559082,14.3302001953125,14.449999809265137,727248,1h,1H,yfinance,730d,2026-04-02T03:04:46Z,-0.0020718048287008406,-0.0020718048287008406,14.142169996306837,14.031500005722046,12.756399974822997,11.61325400352478,10.345399489402771,14.142169996306837,12.756399974822997,11.61325400352478,10.345399489402771,0.04325069887435221,1.277793116312046,1897272.85,0.3833122895317877,59.87406454820267,0.28979969024658203,0.445865868260689,0.030855769837090662,47.96244050767262,32.98586865134436,17.48474968953115,14.031500005722046,1.277793116312046,16.58708623834614,11.475913773097954,0.36426415302454107,0.7408717821252182,0.7895459081149739,-0.048674125989755734,15.81999969482422,13.960000038146973,14.31999969482422,0.02264682889118852,0.2965454657473059,-0.07163506592852131,0.22665535966192318,0.027503949611552864,1.121866869045233,0.34811003004689,1.0464052212901624,0.021766801915030554,0.1327647171447084,0.23305049629933738,0.32751765383660897,1750.157717150294
2025-06-05 15:30:00,14.454999923706056,14.640000343322754,14.350000381469728,14.574999809265137,460456,1h,1H,yfinance,730d,2026-04-02T03:04:46Z,0.008650519145325664,0.008650519145325664,14.183391883255247,14.176749992370606,12.800699977874755,11.66170000076294,10.375299487113953,14.183391883255247,12.800699977874755,11.66170000076294,10.375299487113953,0.0430020999339799,1.160858818057202,1903048.4,0.2419570621535427,61.34519186496912,0.28999996185302557,0.4347325892315702,0.02982727923984029,46.763954690713,31.742763766440135,16.65163052147028,14.176749992370606,1.160858818057202,16.49846762848501,11.855032356256203,0.3275387712083326,0.685023612753124,0.768641449042604,-0.08361783628948005,15.81999969482422,13.984999656677246,14.31999969482422,0.04405442474481536,0.31188121149089176,-0.039855104331214086,0.24892885295453548,0.028165217427761874,1.059011147928869,0.34811003004689,0.940905871526349,0.02761031558834781,0.13860959435477382,0.23376679331262995,0.34306481606526124,1750.157717150294
2025-06-05 16:30:00,14.5600004196167,14.5600004196167,14.350000381469728,14.479999542236328,923038,1h,1H,yfinance,730d,2026-04-02T03:04:46Z,-0.006518028697908962,-0.006518028697908962,14.211640231729636,14.313749980926513,12.844499969482422,11.708149995803833,10.404149484634399,14.211640231729636,12.844499969482422,11.708149995803833,10.404149484634399,0.043175995126737435,1.0181034480998679,1934430.8,0.4771625844667072,59.558025919329964,0.22499942779540838,0.4197516491289872,0.028988374475056075,45.651075003536214,30.527401625021138,16.01407540882794,14.313749980926513,1.0181034480998679,16.34995687712625,12.277543084726776,0.2845106137683055,0.6258830187213711,0.7400897629783575,-0.1142067442569864,15.81999969482422,14.31999969482422,14.31999969482422,0.031339001536950795,0.31756140525952703,-0.04955694988217563,0.233390104304678,0.028757186699393422,1.008039304333881,0.34811003004689,0.8173008221853942,0.018883063892058072,0.1273307311798615,0.23455550003891323,0.1632933879362595,1750.157717150294
2025-06-05 17:30:00,14.470000267028809,14.539899826049805,14.380000114440918,14.380000114440918,266392,1h,1H,yfinance,730d,2026-04-02T03:04:46Z,-0.006906038049498853,-0.006906038049498853,14.227674506273567,14.444999980926514,12.88629997253418,11.753099994659424,10.433849487304688,14.227674506273567,12.88629997253418,11.753099994659424,10.433849487304688,0.043308566598904114,0.831966032107303,1928107.0,0.1381624567516222,57.65400716711108,0.15989971160888672,0.40119079644898004,0.027899220671499834,44.61768672258634,29.65832409041041,15.558174400732728,14.444999980926514,0.831966032107303,16.10893204514112,12.781067916711908,0.23038173297496675,0.5644380631319432,0.7049594230090747,-0.14052135987713144,15.81999969482422,14.31999969482422,14.31999969482422,0.002090573670641138,0.2891080644258097,-0.03619302674877456,0.22330922794081554,0.028757186699393422,0.9701651612564839,0.34811003004689,0.6618072249855443,0.010706289921110113,0.11591381118633004,0.23504752375558935,-0.07812802924292112,1750.157717150294
2025-06-05 18:30:00,14.380000114440918,14.43000030517578,13.880000114440918,14.0,1749306,1h,1H,yfinance,730d,2026-04-02T03:04:46Z,-0.026425598846783638,-0.026425598846783638,14.205991219961799,14.55499997138977,12.918699970245362,11.794449996948241,10.461547985076905,14.205991219961799,12.918699970245362,11.794449996948241,10.461547985076905,0.04405427396557691,0.5832388321468212,1983310.25,0.8820132906588871,50.983871957640005,0.5500001907348615,0.4118200388979716,0.02941571706414083,42.01895593240374,26.829057079534714,22.746300488701365,14.55499997138977,0.5832388321468212,15.721477635683414,13.388522307096128,0.1602854918016551,0.47955168636850765,0.6598778756809613,-0.1803261893124537,15.81999969482422,14.31999969482422,14.31999969482422,-0.07007640543275706,0.2511171157274026,-0.033149140705165725,0.1864406587885088,0.028956761611085104,1.0158496816467222,0.34811003004689,0.4604449109957126,-0.014500306016826725,0.083700374824488,0.23487460829635465,-0.9515826807122788,1750.157717150294
2025-06-05 19:30:00,14.020000457763672,14.15999984741211,13.899999618530272,14.100000381469728,1474624,1h,1H,yfinance,730d,2026-04-02T03:04:46Z,0.007142884390694881,0.007142884390694881,14.195896854391126,14.565000009536742,12.95459997177124,11.837799997329713,10.489747986793517,14.195896854391126,12.95459997177124,11.837799997329713,10.489747986793517,0.0211824838149889,0.5735568784262932,1814780.55,0.8125632600591846,52.53996585243163,0.2600002288818377,0.400975766753962,0.0284379968727466,39.60584877009133,25.58645242079142,21.69279127022065,14.565000009536742,0.5735568784262932,15.71211376638933,13.417886252684156,0.1575164786957075,0.4155575277523642,0.6110138060952419,-0.1954562783428777,15.81999969482422,13.880000114440918,13.880000114440918,-0.08113391097386702,0.24944621817634838,-0.024221414007977615,0.014388544491241051,0.028956761611085104,0.9820848496352607,0.34811003004689,0.45249049179792444,-0.006755224689571793,0.08841650164376946,0.23497723568582818,-0.8107297559448071,1750.157717150294
2025-06-06 13:30:00,14.25,14.279999732971191,13.890199661254885,14.15999984741211,913343,1h,1H,yfinance,730d,2026-04-02T03:04:46Z,0.004255281157384383,0.004255281157384383,14.192478091821696,14.598250007629394,12.989999961853027,11.881399993896485,10.518447985649109,14.192478091821696,12.989999961853027,11.881399993896485,10.518447985649109,0.020030931054407806,0.528032360483134,1711760.25,0.5335694645321972,53.49394032364805,0.3898000717163068,0.4001775028227009,0.028261123385240547,37.669438784724484,25.94814683907625,20.183487535678836,14.598250007629394,0.528032360483134,15.654314728595661,13.542185286663127,0.14468374228614286,0.365470238054181,0.5619050924870298,-0.1964348544328488,15.81999969482422,13.880000114440918,13.880000114440918,-0.08704064226613184,0.23506320618895948,-0.028473411134401383,0.04927750778009554,0.028956761611085104,0.9759766566721931,0.34811003004689,0.41562646806429027,-0.0022884125097436536,0.09006927551924204,0.23497306632841553,-0.8299683750751543,1750.157717150294
2025-06-06 14:30:00,14.154999732971191,14.460000038146973,14.125,14.34000015258789,0,1h,1H,yfinance,730d,2026-04-02T03:04:46Z,0.012711886095724712,0.012711886095724712,14.206527811894667,14.612750005722045,13.035499973297119,11.92659999847412,10.547797985076905,14.206527811894667,13.035499973297119,11.92659999847412,10.547797985076905,0.018169697737331136,0.5166368938315447,1635182.15,0.0,56.32992073550246,0.33500003814697266,0.3955219696315775,0.027581727016941417,36.30742568620744,27.628999891005513,18.962412310399486,14.612750005722045,0.5166368938315447,15.646023793385135,13.579476218058955,0.1414208533313006,0.33642215522143104,0.5168085050339101,-0.18038634981247903,15.81999969482422,13.880000114440918,13.880000114440918,-0.07870218187087441,0.2529489327180041,-0.009668466441596024,0.020640566399726,0.028956761611085104,0.9525142136882703,0.34811003004689,0.4062533139658498,0.009395141618029346,0.1000728918693572,0.23585036343508214,-0.5279333636267327,1750.157717150294
2025-06-06 15:30:00,14.420000076293944,14.8100004196167,14.414999961853027,14.785900115966797,2067807,1h,1H,yfinance,730d,2026-04-02T03:04:46Z,0.031094836724840258,0.031094836724840258,14.261706126568203,14.64554500579834,13.088317966461181,11.977258996963501,10.579277486801148,14.261706126568203,13.088317966461181,11.977258996963501,10.579277486801148,0.019293398193454766,0.5056528880518667,1663596.45,1.242973919546414,62.440257748707204,0.4700002670288086,0.400841848017094,0.027109735956097683,35.78386616843004,31.551886708437937,17.374265675388667,14.64554500579834,0.5056528880518667,15.656850781902072,13.634239229694607,0.13810421881921703,0.3454001824998283,0.48252684052709377,-0.13712665802726548,15.81999969482422,13.880000114440918,13.880000114440918,-0.025961803773785874,0.29417066688169213,0.028226703636689,0.046418966469472744,0.028956761611085104,0.9362143571234033,0.34811003004689,0.3967257674265075,0.03675534923707824,0.12970208653668647,0.2371655798602832,0.27757205285468534,1750.157717150294
2025-06-06 16:30:00,14.789999961853027,14.996100425720217,14.760000228881836,14.795000076293944,706096,1h,1H,yfinance,730d,2026-04-02T03:04:46Z,0.0006154485189115988,0.0006154485189115988,14.312496026542084,14.68729500770569,13.142517967224121,12.029608993530273,10.610177488327027,14.312496026542084,13.142517967224121,12.029608993530273,10.610177488327027,0.01901343112301594,0.48120684357889815,1628800.3,0.43350679638258904,62.5554059230281,0.23610019683838068,0.3890745872186145,0.026297707685857295,35.642814803122924,33.60081333633562,16.62118430145356,14.68729500770569,0.48120684357889815,15.649708694863486,13.724881320547892,0.13105390565830763,0.3492239878010235,0.45586626998187973,-0.10664228218085625,15.81999969482422,13.880000114440918,13.880000114440918,-0.02888083953388587,0.29553414863857563,0.05678571973528168,0.05981375615080631,0.028956761611085104,0.9081715710844586,0.34811003004689,0.3764726504451906,0.03371208270430759,0.1257355792239292,0.23867088761550814,0.22382281138650337,1750.157717150294
2025-06-06 17:30:00,14.795000076293944,14.90999984741211,14.720000267028809,14.795000076293944,605553,1h,1H,yfinance,730d,2026-04-02T03:04:46Z,0.0,0.0,14.358448793185119,14.725045013427735,13.199517974853515,12.081658992767334,10.642027487754822,14.358448793185119,13.199517974853515,12.081658992767334,10.642027487754822,0.019014636568983972,0.4580015705713915,1552866.1,0.3899582842332639,62.5554059230281,0.18999958038330078,0.3748549438732349,0.025336596278486386,35.363668042441745,32.38431602588335,16.781623150879497,14.725045013427735,0.4580015705713915,15.641048154570518,13.809041872284952,0.12441430777392959,0.34824008611049706,0.4343410332076032,-0.08610094709710614,15.81999969482422,13.880000114440918,13.890199661254885,-0.008378016042949632,0.1522585592268879,0.04929075716462994,0.053774937072098794,0.028956761611085104,0.8749803109470342,0.34318741068301506,0.3625258500197282,0.030403791481711018,0.1208742701422878,0.24031985352804752,0.1527397881604079,1750.157717150294
2025-06-06 18:30:00,14.800000190734863,15.074999809265137,14.800000190734863,15.0,586502,1h,1H,yfinance,730d,2026-04-02T03:04:46Z,0.013856027215202849,0.013856027215202849,14.41954890811987,14.757544994354248,13.26231798171997,12.133158988952637,10.675127487182618,14.41954890811987,13.26231798171997,12.133158988952637,10.675127487182618,0.018679273656150273,0.45327285195526446,1433684.1,0.409087329628612,65.3322037213855,0.2799997329711932,0.36807957166594624,0.024538638111063084,35.41862744271885,33.82662767293938,15.86977645041078,14.757544994354248,0.45327285195526446,15.664090698264777,13.850999290443719,0.12285860612416821,0.3598539452399354,0.4194436156140697,-0.05958967037413426,15.81999969482422,13.880000114440918,13.890199661254885,0.03591163495875094,0.21359226671956622,0.05932204531353924,0.04529613946001154,0.028956761611085104,0.8474234253345964,0.30602469248831904,0.401466316738012,0.04025445564065255,0.13102400505516099,0.24235687092671565,0.5348985817259599,1750.157717150294
2025-06-06 19:30:00,15.0,15.220000267028809,15.0,15.210000038146973,1151987,1h,1H,yfinance,730d,2026-04-02T03:04:46Z,0.014000002543131496,0.014000002543131496,14.49482996812245,14.765294981002807,13.328317985534667,12.187708988189698,10.708852486610413,14.49482996812245,13.328317985534667,12.187708988189698,10.708852486610413,0.015599567485172584,0.4595737277766031,1208280.6,0.9534101598585626,67.95389047433747,0.2200002670288086,0.35750247847757927,0.023504436395855106,35.731842379689276,35.236843401811214,15.17220784859981,14.765294981002807,0.4595737277766031,15.684442436556013,13.8461475254496,0.1245010623540934,0.38160436275489573,0.4118757650422349,-0.030271402287339155,15.81999969482422,13.880000114440918,14.125,0.052595172243153465,0.23759154478090672,0.06066944744084091,0.010295564917252475,0.028757186699393422,0.8173413012042269,0.2574461733716361,0.48360036089707203,0.04933966604626261,0.1411792586772398,0.2446074873287729,0.9676468219705001,1750.157717150294
2025-06-09 13:30:00,15.609999656677246,15.67990016937256,14.720100402832031,14.989999771118164,1371158,1h,1H,yfinance,730d,2026-04-02T03:04:46Z,-0.014464185830180387,-0.014464185830180387,14.541988996979185,14.747544956207275,13.388517990112305,12.239958982467652,10.741552486419678,14.541988996979185,13.388517990112305,12.239958982467652,10.741552486419678,0.015315041506798346,0.44341250443008073,1165165.5,1.176792481411439,62.61193564128618,0.9597997665405291,0.40052371333921855,0.02671939422647115,36.72824249314016,37.40715830245385,12.575200647063808,14.747544956207275,0.44341250443008073,15.634369965067435,13.860719947347114,0.12026747658591051,0.3767466416403309,0.4048499403618541,-0.02810329872152323,15.670000076293944,13.880000114440918,14.414999961853027,0.028473411134401383,0.2196907906953356,0.013803667923535157,-0.023134603436496537,0.028513610762209658,0.9370750849234267,0.19533361238831093,0.615702925448521,0.03080808094628895,0.11961606073118669,0.2464229921176786,0.5467929128938689,1750.157717150294
2025-06-09 14:30:00,15.0,15.1899995803833,14.920000076293944,15.037699699401855,664595,1h,1H,yfinance,730d,2026-04-02T03:04:46Z,0.0031821166785870325,0.0031821166785870325,14.589199540067058,14.723929929733277,13.453671989440918,12.292535982131959,10.773990983963012,14.589199540067058,13.453671989440918,12.292535982131959,10.773990983963012,0.015110795011314671,0.4137626931201539,1104341.2,0.6018022328606413,63.28584063726024,0.26999950408935725,0.391200555535657,0.026014654059837192,37.653471169915974,35.56303402397381,11.955259601756255,14.723929929733277,0.4137626931201539,15.551455315973584,13.89640454349297,0.11240550453438587,0.37245244824681656,0.39837044193884663,-0.025917993692030072,15.67990016937256,13.880000114440918,14.720000267028809,0.0385152054417397,0.21467686271349917,0.016404165046054242,-0.030451355416519554,0.028349560128993576,0.9176387196650563,0.1589009852486813,0.7073933768155709,0.03074193057014929,0.11773943286295063,0.24871758380590703,0.7583326744672502,1750.157717150294
2025-06-09 15:30:00,15.029999732971191,15.359999656677246,15.029999732971191,15.279999732971191,386419,1h,1H,yfinance,730d,2026-04-02T03:04:46Z,0.016112838958938225,0.016112838958938225,14.654990034629357,14.70967993736267,13.522171993255615,12.346935977935791,10.807315983772277,14.654990034629357,13.522171993255615,12.346935977935791,10.807315983772277,0.015559286276173376,0.3886994692264261,997026.35,0.38757150199691315,66.58102177760769,0.3299999237060547,0.3868290818335426,0.025316039829427654,38.74883444733164,36.53507814998407,11.226766073635346,14.70967993736267,0.3886994692264261,15.487078875815524,13.932280998909818,0.10569896038026705,0.3841723569754141,0.39553082494616015,-0.011358467970746078,15.67990016937256,13.890199661254885,14.720000267028809,0.06258689926062377,0.24177158504775131,0.032781321674635544,-0.018310302286888347,0.02808017202837019,0.9015628466894771,0.1511001104909252,0.6995293387731516,0.042648251337254584,0.12999596075189102,0.2512053884201988,1.4672512847613302,1750.157717150294
2025-06-09 16:30:00,15.279999732971191,15.295000076293944,15.119999885559082,15.279999732971191,409763,1h,1H,yfinance,730d,2026-04-02T03:04:46Z,0.0,0.0,14.71451476780477,14.71467990875244,13.59097198486328,12.400785970687867,10.840615983009338,14.71451476780477,13.59097198486328,12.400785970687867,10.840615983009338,0.01455867506879084,0.39530424827866595,955890.2,0.42867161939729065,66.58102177760769,0.1750001907348615,0.37169844675506536,0.02432581500332191,39.76595749064618,35.30642363551774,10.849216126633646,14.71467990875244,0.39530424827866595,15.505288405309773,13.924071412195108,0.10745847024332086,0.388976589090694,0.39421997777506695,-0.005243388684372963,15.67990016937256,13.890199661254885,14.720100402832031,0.09142855235508507,0.23325256735815358,0.018666648864746005,0.006587577456195204,0.027740473844220626,0.8769069749826888,0.14305229780872175,0.7511831119763337,0.038430418813653056,0.12427571405408222,0.2537084614162717,1.4300879048996051,1750.157717150294
2025-06-09 17:30:00,15.279999732971191,15.510000228881836,15.170000076293944,15.5,578392,1h,1H,yfinance,730d,2026-04-02T03:04:46Z,0.0143979234864835,0.0143979234864835,14.789322885156697,14.727929925918579,13.665571975708009,12.455035972595216,10.875665984153748,14.789322885156697,13.665571975708009,12.455035972595216,10.875665984153748,0.01486287741873129,0.4164008117596376,939046.7,0.6159352884153685,69.46676464163625,0.3400001525878924,0.36943428288598157,0.023834469863611714,41.00567634238959,37.142401792869975,10.136014635791552,14.727929925918579,0.4164008117596376,15.560731549437854,13.895128302399304,0.11309147011267214,0.4058576858204521,0.396547519384144,0.00931016643630811,15.67990016937256,14.125,14.720100402832031,0.09929075040098279,0.2847078772552738,0.01906640112595026,0.0173941811154954,0.027345731486519552,0.8715974511547163,0.13976253607525882,0.8091687034912922,0.04805339097414496,0.13423719311221505,0.25652736996697567,1.8541512222773702,1750.157717150294
2025-06-09 18:30:00,15.489999771118164,15.93000030517578,15.47920036315918,15.895000457763672,1031332,1h,1H,yfinance,730d,2026-04-02T03:04:46Z,0.025483900500882006,0.025483900500882006,14.894625511119266,14.776679944992065,13.746971988677979,12.513385972976685,10.912165985107421,14.894625511119266,13.746971988677979,12.513385972976685,10.912165985107421,0.014905761031792409,0.4871049228412888,898386.7,1.1479822664338197,73.83532966755784,0.4507999420165998,0.3752461156810257,0.023607807793282726,42.634927720358434,41.94995418494173,9.266239798282292,14.776679944992065,0.4871049228412888,15.750889790674643,13.802470099309486,0.13185774467731445,0.4459684655206946,0.40643170861145417,0.03953675690924041,15.67990016937256,14.414999961853027,14.720100402832031,0.12252829301185719,0.3087690291195353,0.060373629117006944,0.06534855070268297,0.02691456509128442,0.8771387430268193,0.13498098174826573,0.9768616509489019,0.06716348429825225,0.1562546625434904,0.2597839885719675,2.295851387106561,1750.157717150294
2025-06-09 19:30:00,15.8951997756958,15.920000076293944,15.725000381469728,15.738100051879885,1018796,1h,1H,yfinance,730d,2026-04-02T03:04:46Z,-0.009871053876387426,-0.009871053876387426,14.974956419763133,14.839584970474244,13.826733989715576,12.570616970062256,10.947929487228393,14.974956419763133,13.826733989715576,12.570616970062256,10.947929487228393,0.013272845779412687,0.5245280084540268,854640.35,1.1920757076353814,69.57696720385967,0.1949996948242152,0.3623713713341107,0.023025102784934078,44.14780399990093,40.3375143922985,8.910071262005607,14.839584970474244,0.5245280084540268,15.888640987382297,13.79052895356619,0.14138616666103812,0.45979575666239647,0.41710451822164263,0.04269123844075384,15.93000030517578,14.720000267028809,14.920000076293944,0.09749650518934505,0.3022838231031608,0.04657629600795188,0.08688539705915299,0.026508550956164223,0.8685915281830932,0.13498098174826573,1.04745249908404,0.050961325744467434,0.13823698811201512,0.2629542422469502,1.7129973365080904,1750.157717150294
2025-06-10 13:30:00,16.280000686645508,17.280000686645508,16.050600051879883,17.065000534057617,2041927,1h,1H,yfinance,730d,2026-04-02T03:04:46Z,0.08431135129422662,0.08431135129422662,15.174008240172132,14.970335006713867,13.931033992767334,12.640516977310181,10.990154490470886,15.174008240172132,13.931033992767334,12.640516977310181,10.990154490470886,0.021815118261942525,0.7057400026329258,920374.3,2.218583243795486,80.05391911883392,1.5419006347656232,0.44662346157921873,0.026171898482385995,46.50781494789563,52.14094107811202,6.712879329244245,14.970335006713867,0.7057400026329258,16.381815011979718,13.558855001448016,0.18857026307465172,0.5712388778541211,0.4479313901481383,0.12330748770598277,15.93000030517578,14.720000267028809,15.029999732971191,0.15414011999375643,0.4286313076635655,0.11681942619637287,0.18096891067886234,0.026234803084121645,0.9976022460876132,0.13498098174826573,1.3970135691139653,0.1246204868189813,0.22496295270813094,0.26759218943158314,2.9680413743434086,1750.157717150294
2025-06-10 14:30:00,17.06999969482422,17.099899291992188,16.514999389648438,16.674999237060547,1562043,1h,1H,yfinance,730d,2026-04-02T03:04:46Z,-0.022853869603972288,-0.022853869603972288,15.316959763685315,15.075334978103637,14.028533973693847,12.706166973114014,11.030479488372803,15.316959763685315,14.028533973693847,12.706166973114014,11.030479488372803,0.022865409923738953,0.7902679724742416,975453.65,1.6013503050606248,72.18538054523651,0.58489990234375,0.4565003502052567,0.027376334098455295,48.69925368531928,47.36904185284521,6.0985217244871395,15.075334978103637,0.7902679724742416,16.65587092305212,13.494799033155154,0.20968501824259997,0.6209308052056581,0.4825312731596423,0.13839953204601585,17.280000686645508,14.720100402832031,15.119999885559082,0.12706989868684948,0.4059864856465176,0.09129578065889787,0.14408229538778228,0.026234803084121645,1.043512086241827,0.13498098174826573,1.5534411998399476,0.08866246920586573,0.1886487403694015,0.2717972948031211,2.0242048452862615,1750.157717150294
2025-06-10 15:30:00,16.66510009765625,16.809999465942383,16.530000686645508,16.600000381469727,667066,1h,1H,yfinance,730d,2026-04-02T03:04:46Z,-0.004497682699986849,-0.004497682699986849,15.439154108236211,15.181335020065308,14.124933986663818,12.769016981124878,11.070579490661622,15.439154108236211,14.124933986663818,12.769016981124878,11.070579490661622,0.022809832898313353,0.843680315625403,962655.05,0.6929439574435308,70.74531443560352,0.279998779296875,0.4438930951403723,0.02674054728552187,50.73416108435552,45.234796654675044,5.823748577357475,15.181335020065308,0.843680315625403,16.868695651316113,13.493974388814502,0.2222941037821253,0.6468042776965621,0.5153858740670263,0.13141840362953583,17.280000686645508,14.720100402832031,15.170000076293944,0.12200069590184981,0.39378678372331755,0.07096776654643389,0.146408902365613,0.026234803084121645,1.0192776061546398,0.13498098174826573,1.646854993221898,0.0751884633766462,0.1752267583793854,0.27589833924941676,1.6815200439431737,1750.157717150294
2025-06-10 16:30:00,16.59000015258789,16.65999984741211,16.2450008392334,16.469999313354492,559210,1h,1H,yfinance,730d,2026-04-02T03:04:46Z,-0.007831389465529859,-0.007831389465529859,15.537329842057,15.285834980010986,14.223733978271484,12.826316976547242,11.109929485321045,15.537329842057,14.223733978271484,12.826316976547242,11.109929485321045,0.022839130378835247,0.8670652425489407,977295.95,0.5722012866215194,68.20534462576363,0.41499900817871094,0.4418292317859679,0.0268263054162799,51.50746791944455,42.19994673071334,10.040493254333985,15.285834980010986,0.8670652425489407,17.019965465108868,13.551704494913103,0.22689378596139156,0.6493340723318486,0.5421755137199907,0.10715855861185786,17.280000686645508,14.720100402832031,15.47920036315918,0.09799995422363272,0.3747913140804684,0.036174824726725285,0.14534069417807038,0.026234803084121645,1.0225464750111373,0.13498098174826573,1.6809315136301175,0.06002765473723226,0.1579237448137356,0.2802722102840116,1.3657153755378073,1750.157717150294
2025-06-10 17:30:00,16.469999313354492,16.799999237060547,16.469999313354492,16.690000534057617,698275,1h,1H,yfinance,730d,2026-04-02T03:04:46Z,0.013357694588653768,0.013357694588653768,15.647108003199916,15.420335006713866,14.325633983612061,12.886966981887817,11.151854486465455,15.647108003199916,14.325633983612061,12.886966981887817,11.151854486465455,0.021530995349021843,0.8658102234444555,924744.4,0.7551005445396587,70.1579833383634,0.3299999237060547,0.4338414240659741,0.02599409288098447,52.34793451924925,42.21212362287554,9.494974311877932,15.420335006713866,0.8658102234444555,17.151955453602778,13.688714559824955,0.22458921237897622,0.6614662416055346,0.5660336592970995,0.0954325823084351,17.280000686645508,14.920000076293944,15.725000381469728,0.0973044373569214,0.4168082268579143,0.06048382454297774,0.19214289528982986,0.026093276271111594,0.9961988908906417,0.13498098174826573,1.6638581929847447,0.0666508169205724,0.16504446177741916,0.28459656651711973,1.4664478345989453,1750.157717150294
2025-06-10 18:30:00,16.68000030517578,17.06999969482422,16.6299991607666,17.0,867812,1h,1H,yfinance,730d,2026-04-02T03:04:46Z,0.018573963812032135,0.018573963812032135,15.77595486003802,15.56533498764038,14.430933990478515,12.949216985702515,11.194804487228394,15.77595486003802,14.430933990478515,12.949216985702515,11.194804487228394,0.02162429877205661,0.8753315069001013,894403.8,0.9702686862466371,72.70199565894268,0.4400005340576172,0.4342813604939486,0.025545962381996978,53.35066314162776,43.59810607657647,8.807830290227042,15.56533498764038,0.8753315069001013,17.315998001440583,13.814671973840177,0.22494382744609265,0.6881627277315427,0.5904594729839882,0.09770325474755459,17.280000686645508,15.029999732971191,16.050600051879883,0.13408941024499432,0.4339941506900402,-0.0038089968955987707,0.20567372624623914,0.026004373470410833,0.9823717695434785,0.13498098174826573,1.6664853413616751,0.07758929020915262,0.17802492972503003,0.28907423143852684,1.6389961986406065,1750.157717150294
2025-06-10 19:30:00,17.0,17.135000228881836,16.920000076293945,17.06999969482422,1421314,1h,1H,yfinance,730d,2026-04-02T03:04:46Z,0.004117629107307064,0.004117629107307064,15.899197225255753,15.710834980010986,14.539833984375,13.014416980743409,11.238554487228393,15.899197225255753,14.539833984375,13.014416980743409,11.238554487228393,0.021626027559935597,0.8714857717865307,919802.35,1.5452384960747274,73.25640521751077,0.21500015258789062,0.41861841707208736,0.024523633541658253,54.3333831016619,43.107794897834964,8.484712150866907,15.710834980010986,0.8714857717865307,17.45380652358405,13.967863436437925,0.22188146534422362,0.7068204890671677,0.6137316762006241,0.09308881286654358,17.280000686645508,15.119999885559082,16.2450008392334,0.13514699961079812,0.4417229286178006,0.0236881844579504,0.20550846601484563,0.02577002763149072,0.9516339637793253,0.13498098174826573,1.6437979815410138,0.07363909340709696,0.17401613478999955,0.29374591731509736,1.5595948422967,1750.157717150294
2025-06-11 13:30:00,17.329999923706055,17.448400497436523,16.510000228881836,16.68000030517578,1802119,1h,1H,yfinance,730d,2026-04-02T03:04:46Z,-0.022847064828401153,-0.022847064828401153,15.973559423343374,15.827834987640381,14.641833992004395,13.07601697921753,11.280029487609863,15.973559423343374,14.641833992004395,13.07601697921753,11.280029487609863,0.022731767694489376,0.8359444442140697,1009908.3,1.7844382504827419,65.29920691103003,0.9384002685546875,0.4557456921779874,0.027322882724202954,53.724971225576844,36.767735549070785,13.66271401012146,15.827834987640381,0.8359444442140697,17.499723876068522,14.155946099212242,0.21125932760022864,0.6822723964770603,0.6274398202559114,0.0548325762211489,17.280000686645508,15.170000076293944,16.2450008392334,0.09162307569833716,0.4171622477867789,0.004819272401665575,0.1631799252223578,0.02577002763149072,1.0602581850092647,0.13498098174826573,1.565104393700581,0.04422563957786596,0.13920157230879604,0.29803153512029246,1.0194042480138508,1750.157717150294
2025-06-11 14:30:00,16.68000030517578,16.729900360107422,16.44499969482422,16.670000076293945,608711,1h,1H,yfinance,730d,2026-04-02T03:04:46Z,-0.0005995340946566285,-0.0005995340946566285,16.039887104576763,15.922039985656738,14.745933990478516,13.13851697921753,11.321279487609864,16.039887104576763,14.745933990478516,13.13851697921753,11.321279487609864,0.02215251897267041,0.8192125610291741,936953.5,0.6496704478930918,65.10392929029948,0.2849006652832031,0.4435424759712171,0.02660722699107659,52.93825519627016,35.08080542136109,14.082634670964323,15.922039985656738,0.8192125610291741,17.560465107715086,14.283614863598391,0.20580592983490953,0.6544666373406507,0.6328451836728592,0.021621453667791446,17.448400497436523,15.47920036315918,16.2450008392334,0.09096861044594196,0.4097251877528698,0.012143337661057796,0.1274254489446045,0.02577002763149072,1.032487328750972,0.1366219556691763,1.5063898685015096,0.03928412760071032,0.13048112700475967,0.30249712557813213,0.9130232203685296,1750.157717150294
2025-06-11 15:30:00,16.670000076293945,16.690000534057617,16.229999542236328,16.43000030517578,600500,1h,1H,yfinance,730d,2026-04-02T03:04:46Z,-0.014397106779829194,-0.014397106779829194,16.07704074272905,16.00378999710083,14.842033996582032,13.196666984558105,11.361629490852357,16.07704074272905,14.842033996582032,13.196666984558105,11.361629490852357,0.022581003270107813,0.7834643528727635,931673.7,0.6445389625144512,60.43299001407477,0.46000099182128906,0.4447180842462222,0.027067442238946707,51.489115126033866,32.488921795794504,16.495397445345667,16.00378999710083,0.7834643528727635,17.57071870284636,14.436861291355305,0.19581970346141567,0.6060779082717502,0.6274917285926375,-0.021413820320887234,17.448400497436523,15.725000381469728,16.44499969482422,0.06000001968876001,0.39829789831283247,-0.015578203748482733,0.11051032243667258,0.02577002763149072,1.0503458756819708,0.16497821486784492,1.1869427949519042,0.021954261862921376,0.1069911515469808,0.3063296958004016,0.5440072755220394,1750.157717150294
2025-06-11 16:30:00,16.443599700927734,16.450000762939453,16.1200008392334,16.25,502424,1h,1H,yfinance,730d,2026-04-02T03:04:46Z,-0.010955587451759063,-0.010955587451759063,16.09351305294533,16.076539993286133,14.931434001922607,13.252416982650757,11.400879492759705,16.09351305294533,14.931434001922607,13.252416982650757,11.400879492759705,0.022839224881977614,0.7338229656542103,926517.25,0.5422716090822918,57.12279509535115,0.3299999237060547,0.43652392992192457,0.026863011072118435,49.789216185286385,30.734584702387746,17.404591653262226,16.076539993286133,0.7338229656542103,17.544185924594554,14.608894061977711,0.18258231334868552,0.5469006414000788,0.6113735111541257,-0.06447286975404698,17.448400497436523,16.050600051879883,16.229999542236328,0.022334037874338852,0.3713079727331241,-0.044117647058823484,0.09834402948313636,0.026004373470410833,1.0330189690086018,0.1855762882116686,0.9838666087578595,0.009723603947742854,0.08830806189865026,0.30967387309067096,0.23637854745963952,1750.157717150294
2025-06-11 17:30:00,16.2450008392334,16.489999771118164,16.170000076293945,16.453800201416016,374748,1h,1H,yfinance,730d,2026-04-02T03:04:46Z,0.01254155085637021,0.01254155085637021,16.127826114704444,16.149230003356934,15.02711000442505,13.309804983139038,11.438448495864868,16.127826114704444,15.02711000442505,13.309804983139038,11.438448495864868,0.022815391495629753,0.6945370060206523,915929.55,0.4091450046567446,59.80717551864509,0.31999969482421875,0.42820077027208847,0.026024429920769154,48.28527243524769,29.761216714994106,16.47554414560343,16.149230003356934,0.6945370060206523,17.53830401539824,14.76015599131563,0.172029751480728,0.5105617658568846,0.5912111620946775,-0.08064939623779288,17.448400497436523,16.1200008392334,16.1200008392334,0.045475638557186615,0.3943898250387512,-0.036098389245726836,0.09692001342773438,0.026019541990303173,1.0001878561301272,0.1855762882116686,0.9270028684080079,0.020211904840316208,0.09494108957549696,0.3137367370983506,0.4385226351063942,1750.157717150294
2025-06-11 18:30:00,16.440000534057617,16.59000015258789,16.34000015258789,16.469999313354492,459238,1h,1H,yfinance,730d,2026-04-02T03:04:46Z,0.0009845210067083165,0.0009845210067083165,16.1604140383854,16.21222996711731,15.121709995269775,13.369504976272584,11.476198492050171,16.1604140383854,15.121709995269775,13.369504976272584,11.476198492050171,0.022731676302654682,0.6629099927084543,881292.1,0.5210962403952106,60.02142323740698,0.25,0.41547214382408215,0.02522599642655733,47.07913429269921,30.201289878274228,15.767419305393263,16.21222996711731,0.6629099927084543,17.53804995253422,14.886409981700401,0.16355800381638091,0.47756500601776963,0.568481930879296,-0.09091692486152636,17.448400497436523,16.1200008392334,16.1200008392334,-0.03486675664121108,0.39813240124754845,-0.012589987288916693,0.08284018882626021,0.026019541990303173,0.9695019395790451,0.1855762882116686,0.8813518439911159,0.019157013813739132,0.08916249012224653,0.3176584568265297,0.38884516611978237,1750.157717150294
2025-06-11 19:30:00,16.469999313354492,16.84000015258789,16.44499969482422,16.81999969482422,895915,1h,1H,yfinance,730d,2026-04-02T03:04:46Z,0.02125078300312566,0.02125078300312566,16.223231719951002,16.30372996330261,15.223009986877441,13.433454971313477,11.516398491859436,16.223231719951002,15.223009986877441,13.433454971313477,11.516398491859436,0.022594819291541866,0.6122534431312354,857529.95,1.044762343286086,64.4328469940842,0.3950004577636719,0.41400988053405285,0.02461414316561791,46.40740592224439,32.45632175200771,14.692887006214436,16.30372996330261,0.6122534431312354,17.528236849565083,15.07922307704014,0.15021187041476558,0.4741907658506044,0.5496236978735577,-0.07543293202295331,17.448400497436523,16.1200008392334,16.1200008392334,0.008695680023865116,0.458803129606824,0.008998177435139088,0.12208138436612859,0.026004373470410833,0.9465385964259126,0.1855762882116686,0.809434609681565,0.03678477785281986,0.10490630363662756,0.32185509190551964,0.8432287924446114,1750.157717150294
2025-06-12 13:30:00,16.520000457763672,16.700000762939453,15.800000190734863,16.2450008392334,1557324,1h,1H,yfinance,730d,2026-04-02T03:04:46Z,-0.03418542604181829,-0.03418542604181829,16.22530496940647,16.36409502029419,15.311909999847412,13.49350498199463,11.554273495674133,16.22530496940647,15.311909999847412,13.49350498199463,11.554273495674133,0.024237729987998793,0.5396676408360261,902166.4,1.7262048331660322,53.90856723861043,1.0199995040893555,0.4572948536451459,0.028149881811069553,43.79069157949703,27.285317307106588,22.42675507752879,16.36409502029419,0.5396676408360261,17.44343030196624,15.284759738622139,0.13191505919924038,0.42027439244343867,0.523753836787534,-0.10347944434409528,17.448400497436523,16.1200008392334,16.1200008392334,-0.02138551410110856,0.40103496896219926,-0.011259857730136713,0.08028496139469832,0.02600926140087681,1.082302237545299,0.1855762882116686,0.7108400565096865,0.001213898281977821,0.060938892626412056,0.3252161640089375,-0.22068060422577307,1750.157717150294
2025-06-12 14:30:00,16.270000457763672,16.459999084472656,16.030000686645508,16.1200008392334,736807,1h,1H,yfinance,730d,2026-04-02T03:04:46Z,-0.007694674887188224,-0.007694674887188224,16.21527600462808,16.4060950756073,15.356310024261475,13.550604991912842,11.59072350025177,16.21527600462808,15.356310024261475,13.550604991912842,11.59072350025177,0.024205805587194085,0.48341816968418516,919685.8,0.8011507843222109,51.92305302941788,0.42999839782714844,0.4553451068010032,0.028247213591501126,41.36088540408876,25.444854114460703,20.914014111898695,16.4060950756073,0.48341816968418516,17.37293141497567,15.43925873623893,0.11786306673376161,0.3632712578088402,0.4916573209917952,-0.12838606318295503,17.448400497436523,15.800000190734863,15.800000190734863,-0.021250667195675144,0.3736686246991985,-0.007999948354867836,0.054973895349595514,0.026098164201577574,1.0823448489834258,0.1855762882116686,0.6351192163048698,-0.00587564253408257,0.04973140121327102,0.32487933336757724,-0.5918152322673476,1750.157717150294
2025-06-12 15:30:00,16.1200008392334,16.59000015258789,16.059999465942383,16.364999771118164,581115,1h,1H,yfinance,730d,2026-04-02T03:04:46Z,0.015198444114747023,0.015198444114747023,16.22953541096047,16.46034507751465,15.413710021972657,13.610254993438721,11.62844850063324,16.22953541096047,15.413710021972657,13.610254993438721,11.62844850063324,0.024339020280813015,0.40918207346006225,928253.4,0.626030564498875,55.391030460504744,0.5300006866455078,0.46067764821846785,0.028150177492302607,39.39613460112092,25.36954838315476,19.19535932418916,16.46034507751465,0.40918207346006225,17.278709224434774,15.641980930594524,0.09943462826159533,0.3340149131849728,0.46012883943043076,-0.12611392624545797,17.448400497436523,15.800000190734863,15.800000190734863,-0.01947278325583368,0.407741915795111,-0.005396955670472381,0.07100785714058344,0.026389562736731292,1.066716329222111,0.1855762882116686,0.5358153739349503,0.008346779912517421,0.0617171172799682,0.3255173311498336,-0.23301437814770534,1750.157717150294
2025-06-12 16:30:00,16.34000015258789,16.642099380493164,16.2549991607666,16.475000381469727,480411,1h,1H,yfinance,730d,2026-04-02T03:04:46Z,0.006721699473879461,0.006721699473879461,16.252913027199448,16.509095096588133,15.462210025787353,13.665804996490479,11.667273502349854,16.252913027199448,15.462210025787353,13.665804996490479,11.667273502349854,0.02422794756005858,0.3448927520009374,923354.35,0.5202888793451832,56.89447665842399,0.3871002197265625,0.4554221176119032,0.027643223494194253,37.68953984913992,24.64641470991673,18.02995262553476,16.509095096588133,0.3448927520009374,17.19888060059001,15.819309592586258,0.08356430197611868,0.3160618153659982,0.4313154346175443,-0.11525361925154609,17.448400497436523,15.800000190734863,15.800000190734863,-0.030882330501780797,0.4227116139908469,0.0003036471356243631,0.06290325041740163,0.02667388713829923,1.036340273574271,0.1855762882116686,0.4502962247030456,0.013664464573126978,0.06550100884629528,0.32526335503090564,-0.09885599195866579,1750.157717150294
2025-06-12 17:30:00,16.475000381469727,16.475000381469727,16.290000915527344,16.31999969482422,232443,1h,1H,yfinance,730d,2026-04-02T03:04:46Z,-0.009408235693872613,-0.009408235693872613,16.2593022336399,16.530345058441164,15.50601001739502,13.716304988861085,11.703573498725891,16.2593022336399,15.50601001739502,13.716304988861085,11.703573498725891,0.023823506684756284,0.3184834246562769,883409.9,0.26312021180654643,54.12627908892959,0.1849994659423828,0.4361062139212232,0.026722194980158695,36.10484472230042,23.899615386203504,17.483635581623577,16.530345058441164,0.3184834246562769,17.167311907753717,15.89337820912861,0.07706637061242576,0.2860294267968939,0.40225823305341424,-0.11622880625652032,17.448400497436523,15.800000190734863,15.800000190734863,-0.0439367318927022,0.42346266704065005,-0.029726516591665475,0.026737919145699784,0.026731371132840284,0.9996567271975692,0.1855762882116686,0.4152813452358942,0.0037330913905233576,0.05249510844608274,0.3248953423570229,-0.6604593750646833,1750.157717150294
2025-06-12 18:30:00,16.309999465942383,16.604999542236328,16.309999465942383,16.579999923706055,355807,1h,1H,yfinance,730d,2026-04-02T03:04:46Z,0.015931386871550712,0.015931386871550712,16.289844870789057,16.57244005203247,15.558410015106201,13.770804986953735,11.74129849910736,16.289844870789057,15.558410015106201,13.770804986953735,11.74129849910736,0.02386621189080984,0.26153465555543065,850260.45,0.41846824699420043,57.83248681477754,0.2950000762939453,0.4260272040907033,0.025695247650850128,34.950202984598846,24.897125078610625,16.618889691999858,16.57244005203247,0.26153465555543065,17.095509363143332,16.049370740921606,0.06312520177699636,0.27998094202481383,0.3778027748476942,-0.09782183282288037,17.448400497436523,15.800000190734863,15.800000190734863,-0.005995226597130032,0.426236552576865,0.020621672340182196,0.053494377914163005,0.026731371132840284,0.9612394187772416,0.1855762882116686,0.3401576914018005,0.017812020631166492,0.06566158801625344,0.3251013093900168,0.02890581233882841,1750.157717150294
2025-06-12 19:30:00,16.59000015258789,16.739999771118164,16.56999969482422,16.709999084472656,826401,1h,1H,yfinance,730d,2026-04-02T03:04:46Z,0.007840721433341358,0.007840721433341358,16.329859557806543,16.554689979553224,15.611809997558593,13.826454973220825,11.779347996711731,16.329859557806543,15.611809997558593,13.826454973220825,11.779347996711731,0.01498996854009767,0.238538558583578,789484.15,1.0467607234420095,59.5904171400749,0.1700000762939453,0.4077395521052206,0.02440093204338367,34.19517345625254,26.520624631112135,16.123963720441083,16.554689979553224,0.238538558583578,17.03176709672038,16.07761286238607,0.0576364906568949,0.2824217380961649,0.35872656749738835,-0.07630482940122346,17.448400497436523,15.800000190734863,16.030000686645508,0.002399460587621194,0.41850589671091654,0.036600385516314615,-0.02080289706856231,0.026731371132840284,0.9128200690538615,0.17730603241470677,0.3250678494800846,0.023278799509600656,0.07034348272787083,0.32535434065762514,0.6510859537411672,1750.157717150294
2025-06-13 13:30:00,16.899999618530273,17.3700008392334,16.549999237060547,16.944499969482422,1964872,1h,1H,yfinance,730d,2026-04-02T03:04:46Z,0.014033566598317115,0.014033566598317115,16.388396739870913,16.568165016174316,15.663699989318848,13.884799976348877,11.818720498085021,16.388396739870913,15.663699989318848,13.884799976348877,11.818720498085021,0.01443911804626915,0.25217641217909953,809625.6,2.4268896635679504,62.61786318612008,0.8200016021728516,0.4371868413957657,0.025801106092428396,34.67138032214166,33.26065759663219,13.963776484324333,16.568165016174316,0.25217641217909953,17.072517840532516,16.063812191816115,0.06088215850890387,0.29982218467026556,0.3469456909319638,-0.047123506261698256,17.448400497436523,15.800000190734863,16.059999465942383,0.03131464727633415,0.45197085335954057,0.035410950593900425,0.01616196370329681,0.026664710985617644,0.9676124412653466,0.16779387764855447,0.3628389745925176,0.033932741465709126,0.08176867413426958,0.32532958976877624,1.4923479561634312,1750.157717150294
2025-06-13 14:30:00,16.93000030517578,17.010000228881836,16.709999084472656,16.940000534057617,618113,1h,1H,yfinance,730d,2026-04-02T03:04:46Z,-0.00026553958115660414,-0.00026553958115660414,16.440930434555362,16.58516502380371,15.701399993896484,13.944299983978272,11.858370499610901,16.440930434555362,15.701399993896484,13.944299983978272,11.858370499610901,0.014389289954314079,0.2648893178176993,807177.95,0.7657704227425935,62.521076256978084,0.3000011444091797,0.427387863039581,0.02522950705818008,35.11357241189584,31.593012917055336,13.2636514945153,16.58516502380371,0.2648893178176993,17.11494365943911,16.055386388168312,0.06388584435247267,0.3096793068278245,0.33949241411113595,-0.029813107283311435,17.448400497436523,15.800000190734863,16.2549991607666,0.04246157132662254,0.4429302269436233,0.02822459130932109,0.02048193643220797,0.026315828455922872,0.9587198480350979,0.15688493711557325,0.40721464741646646,0.03035534402927187,0.07888471987482704,0.32407736749426763,1.339561418245296,1750.157717150294
2025-06-13 15:30:00,16.940000534057617,17.1299991607666,16.940000534057617,17.06999969482422,468308,1h,1H,yfinance,730d,2026-04-02T03:04:46Z,0.007674094254320751,0.007674094254320751,16.500841792676205,16.615165042877198,15.735899982452393,14.003449983596802,11.899320497512818,16.500841792676205,15.735899982452393,14.003449983596802,11.899320497512818,0.014303656227271158,0.28347208930956713,802632.85,0.5834647809393797,64.24085585307543,0.18999862670898438,0.41043148901596693,0.024044024390956115,35.71822327249588,32.636734025403946,12.825075501662631,16.615165042877198,0.28347208930956713,17.182109221496333,16.048220864258063,0.06824418260740417,0.32424331784629246,0.33644259485816724,-0.012199277011874787,17.448400497436523,15.800000190734863,16.290000915527344,0.03745028418147278,0.45214798201948714,0.04595588321229305,0.03642989717572265,0.02600926140087681,0.9244408759006727,0.141063464807003,0.483783541690068,0.03449265857458439,0.08478064259810525,0.3224200479129453,1.604512998280816,1750.157717150294
2025-06-13 16:30:00,17.068099975585938,17.200000762939453,16.90999984741211,17.030000686645508,695960,1h,1H,yfinance,730d,2026-04-02T03:04:46Z,-0.0023432342644293946,-0.0023432342644293946,16.55123787781614,16.632165050506593,15.766299991607665,14.061849994659424,11.940420498847962,16.55123787781614,15.766299991607665,14.061849994659424,11.940420498847962,0.01408206725163483,0.2973076490575957,802517.1,0.8672213962792819,63.278719289625016,0.29000091552734375,0.401829305195351,0.023595378097104557,36.392725960460425,32.19864421640155,12.163941250110343,16.632165050506593,0.2973076490575957,17.226780348621784,16.037549752391403,0.07150185154001694,0.3287679831730408,0.33490767252114195,-0.006139689348101163,17.448400497436523,15.800000190734863,16.309999465942383,0.034001299127981444,0.4432203738451752,0.027141180036801105,0.02037148841871428,0.025912768006598773,0.9105695729262082,0.12488906296650099,0.5725229242787728,0.02892610283071706,0.08015201383396886,0.32041413391838525,1.338127819448884,1750.157717150294
2025-06-13 17:30:00,17.030000686645508,17.299999237060547,16.940000534057617,17.139999389648438,595650,1h,1H,yfinance,730d,2026-04-02T03:04:46Z,0.006459113245320447,0.006459113245320447,16.60731040275255,16.639165019989015,15.797799987792969,14.120399990081786,11.983020496368407,16.60731040275255,15.797799987792969,14.120399990081786,11.983020496368407,0.013568977279212573,0.3073637859484109,788909.0,0.7550300478255414,64.83833588275903,0.3599987030029297,0.3988414050387495,0.023269627727036356,37.18108300049808,31.91360024293593,11.379704884813695,16.639165019989015,0.3073637859484109,17.253892591885837,16.024437448092193,0.0738892331626419,0.3373411305127725,0.3353943641194681,0.0019467663933043777,17.448400497436523,16.030000686645508,16.549999237060547,0.019024952475040102,0.23309351511052423,0.025733113628674475,0.008235258214613905,0.025912768006598773,0.8979985357454159,0.10864884749767847,0.6800737869237012,0.032075572382123774,0.08496115933184312,0.31834874125273127,1.6294514596572687,1750.157717150294
2025-06-13 18:30:00,17.110000610351562,17.43000030517578,17.040000915527344,17.40999984741211,743044,1h,1H,yfinance,730d,2026-04-02T03:04:46Z,0.015752652705853354,0.015752652705853354,16.68375701652965,16.656165027618407,15.842399978637696,14.17984998703003,12.026995496749878,16.68375701652965,15.842399978637696,14.17984998703003,12.026995496749878,0.013955400263361508,0.33854377465778773,754995.5,0.9841701043251251,68.38745890899172,0.3899993896484375,0.39820983251087005,0.02287247765657284,38.118691609092444,32.0129416579529,10.583628186923603,16.656165027618407,0.33854377465778773,17.333252576933983,15.97907747830283,0.08130173400574071,0.36175213852917665,0.3406659190014098,0.021086219527766847,17.448400497436523,16.059999465942383,16.549999237060547,0.0717143088946548,0.29010744683610157,0.027472033920627137,0.019917994063642697,0.025912768006598773,0.8826721117075678,0.09149946511885701,0.8885487352317357,0.04352993334552435,0.09894964594305189,0.3172367099429676,2.2266982181424133,1750.157717150294
2025-06-13 19:30:00,17.40999984741211,17.65999984741211,17.395000457763672,17.625,1204339,1h,1H,yfinance,730d,2026-04-02T03:04:46Z,0.012349233456188102,0.012349233456188102,16.773399205431588,16.70341501235962,15.89019998550415,14.241649990081788,12.07189549446106,16.773399205431588,15.89019998550415,14.241649990081788,12.07189549446106,0.013014015305943956,0.3991027191891436,725106.5,1.6609132589488578,70.90581308637411,0.2649993896484375,0.3886948008778392,0.022053605723565343,39.32457960941263,34.680577071694266,10.068230244250797,16.70341501235962,0.3991027191891436,17.501620450737907,15.905209573981333,0.09557392159479461,0.3939060499903029,0.35131394519918846,0.042592104791114416,17.448400497436523,16.2549991607666,16.709999084472656,0.09336222595619748,0.2544483815468299,0.04043680309012987,0.05665465692653404,0.025748176871639262,0.8565113496581825,0.08956911178545665,1.0670410779970798,0.050770913166643394,0.10917420901426178,0.31629701340564464,2.309142341883218,1750.157717150294
2025-06-16 13:30:00,17.950000762939453,18.239999771118164,17.059999465942383,17.079999923706055,2228538,1h,1H,yfinance,730d,2026-04-02T03:04:46Z,-0.030921990144337275,-0.030921990144337275,16.80259927383868,16.723915004730223,15.933399982452393,14.298199987411499,12.114095492362976,16.80259927383868,15.933399982452393,14.298199987411499,12.114095492362976,0.014949296037668964,0.40730542919540114,806097.85,2.764599855960415,58.240283341710835,1.1800003051757812,0.4452166226134065,0.026066547107852823,41.10048420757408,37.42031896281062,8.162173385415628,16.723915004730223,0.40730542919540114,17.538525863121027,15.909304146339421,0.09741867955683785,0.37113311356756284,0.3552777788728634,0.015855334694699463,17.65999984741211,16.290000915527344,16.90999984741211,0.04369081347924997,0.20877563944604827,0.0005858365003292842,0.024595071717795625,0.025748176871639262,1.0123647681076882,0.08956911178545665,1.0876369946615427,0.01650938913357769,0.0719620383920836,0.3152777268841245,0.8742454518203904,1750.157717150294
2025-06-16 14:30:00,17.104999542236328,17.191600799560547,16.709999084472656,16.799999237060547,1015255,1h,1H,yfinance,730d,2026-04-02T03:04:46Z,-0.016393482897905765,-0.016393482897905765,16.802351651288383,16.742414951324463,15.979799976348877,14.351999979019165,12.154645490646363,16.802351651288383,15.979799976348877,14.351999979019165,12.154645490646363,0.015060217345197273,0.4019024914302174,826835.6,1.2278801251421685,53.002087745834906,0.4816017150878906,0.44781555779015536,0.026655689174216207,41.37592134884015,34.54577935794078,13.117836318073053,16.742414951324463,0.4019024914302174,17.546219934184897,15.938609968464029,0.09602019603472398,0.32672539505873743,0.3495673021100382,-0.02284190705130079,18.239999771118164,16.309999465942383,16.90999984741211,0.019726788956943686,0.2034383374751445,-0.01350566296602218,0.022519715460273426,0.025748176871639262,1.0352456916503685,0.08956911178545665,1.0720235371398958,-0.00014000505861666568,0.051327254529194066,0.31470720299050847,0.14327924549848775,1750.157717150294
2025-06-16 15:30:00,16.809999465942383,17.18000030517578,16.739999771118164,17.110000610351562,891665,1h,1H,yfinance,730d,2026-04-02T03:04:46Z,0.01845246353387675,0.01845246353387675,16.83165155215154,16.78541498184204,16.032999992370605,14.394699983596801,12.196770491600036,16.83165155215154,16.032999992370605,14.394699983596801,12.196770491600036,0.015233475272002143,0.3928217746192651,846297.65,1.0536068486069883,57.55390841406537,0.4400005340576172,0.4472573418092598,0.026140112557253143,41.631684408587226,32.11826009681116,12.19605076515432,16.78541498184204,0.3928217746192651,17.57105853108057,15.999771432603511,0.09361026225308285,0.3129391109618318,0.34224166388039695,-0.02930255291856515,18.239999771118164,16.549999237060547,16.709999084472656,0.048406919748772204,0.2186610154444295,-0.0017502205580586239,0.052923114483172995,0.025748176871639262,1.0152218810507545,0.08858728211460076,1.0567009170908315,0.01653723981497479,0.06717399229672893,0.3145283010295714,0.8262923531266033,1750.157717150294
2025-06-16 16:30:00,17.100000381469727,17.614999771118164,17.100000381469727,17.579999923706055,594942,1h,1H,yfinance,730d,2026-04-02T03:04:46Z,0.027469275078233713,0.027469275078233713,16.902922825632924,16.841724967956544,16.093099994659426,14.44689998626709,12.241870489120483,16.902922825632924,16.093099994659426,14.44689998626709,12.241870489120483,0.016041707767959792,0.42096077660610454,857307.35,0.693965822175676,63.34958062563455,0.5149993896484375,0.4520960595120582,0.025716499515021127,42.43707695920965,36.37763653440582,11.203695495259627,16.841724967956544,0.42096077660610454,17.683646521168754,15.999803414744335,0.09998044200508784,0.33606445627074777,0.3410062223584671,-0.004941766087719346,18.239999771118164,16.549999237060547,16.709999084472656,0.060313631158116054,0.22508707013048235,0.009764507626874863,0.06844617708394907,0.025705873582935627,1.0004133659200967,0.08858728211460076,1.1286094303666336,0.04005680585882798,0.09239363016075619,0.3145948577843216,1.7537856179895794,1750.157717150294
2025-06-16 17:30:00,17.575000762939453,17.65999984741211,17.084999084472656,17.1200008392334,728689,1h,1H,yfinance,730d,2026-04-02T03:04:46Z,-0.026166045874230215,-0.026166045874230215,16.923596922166304,16.874225044250487,16.145900020599367,14.495199995040894,12.284720492362975,16.923596922166304,16.145900020599367,14.495199995040894,12.284720492362975,0.017292548629875594,0.41607042119571597,870779.9,0.8368234039393881,55.379550520316435,0.5750007629394531,0.4608749668997293,0.02692026543851305,43.23821314236964,33.83322763659317,10.205263332805778,16.874225044250487,0.41607042119571597,17.70636588664192,16.042084201859055,0.09862862919147393,0.31365772626970667,0.335536523140715,-0.021878796871008355,18.239999771118164,16.709999084472656,16.709999084472656,0.02453631222168795,0.1371637656724385,-0.028652434653424153,0.039465789494712356,0.02575880280372476,1.0450899307564225,0.08858728211460076,1.1133497589855301,0.011605329409012821,0.06033115635494135,0.31430747900505884,0.5907072035464418,1750.157717150294
2025-06-16 18:30:00,17.1200008392334,17.475000381469727,17.110000610351562,17.475000381469727,624223,1h,1H,yfinance,730d,2026-04-02T03:04:46Z,0.020735953553389308,0.020735953553389308,16.97611153733806,16.906975078582764,16.207800025939942,14.54704999923706,12.32854549407959,16.97611153733806,16.207800025939942,14.54704999923706,12.32854549407959,0.01726436381927088,0.43582285565323353,857195.3,0.7282156120081386,59.60347138748174,0.36499977111816406,0.4540267386296175,0.025981500928095078,43.98212531244677,31.890434515638855,9.619250209450726,16.906975078582764,0.43582285565323353,17.77862078988923,16.035329367276297,0.10311078205948751,0.32084720070632144,0.3325986586538363,-0.011751457947514865,18.239999771118164,16.709999084472656,16.709999084472656,0.03130811844213488,0.1388074341723906,0.023126490604688632,0.03894177755823991,0.025891303510261737,1.0034836955117996,0.08858728211460076,1.1639456544800466,0.029387698297951736,0.07818459960646607,0.314656301809751,1.303339867377026,1750.157717150294
2025-06-16 19:30:00,17.469999313354492,17.600000381469727,17.420000076293945,17.440000534057617,802903,1h,1H,yfinance,730d,2026-04-02T03:04:46Z,-0.0020028524548258986,-0.0020028524548258986,17.020291441787542,16.966725063323974,16.276600036621094,14.597650003433227,12.372445497512818,17.020291441787542,16.276600036621094,14.597650003433227,12.372445497512818,0.015185562997531375,0.42268997263273667,819474.25,0.9797781931524999,59.0103642245155,0.18000030517578125,0.4344534219543435,0.02491131930334081,44.83360197622019,33.00180008662439,9.33457922389794,16.966725063323974,0.42268997263273667,17.812105008589448,16.1213451180585,0.0996515169675125,0.320031590847929,0.33008524509265486,-0.010053654244725874,18.239999771118164,16.709999084472656,16.709999084472656,0.029515937676315662,0.12443586567986276,0.0380953170274696,0.07356107313569149,0.02575880280372476,0.9670992667306182,0.08858728211460076,1.1248964251843567,0.024659336398883402,0.07147687445897555,0.3155523732065024,1.1196751789162005,1750.157717150294
2025-06-17 13:30:00,17.5,17.690000534057617,17.25,17.334999084472656,901031,1h,1H,yfinance,730d,2026-04-02T03:04:46Z,-0.006020725135868488,-0.006020725135868488,17.050263598233744,17.02747497558594,16.341300010681152,14.647949991226197,12.41622049331665,17.050263598233744,16.341300010681152,14.647949991226197,12.41622049331665,0.01512718894823114,0.3819822682716939,827685.45,1.088615246287101,57.17229826333629,0.4400005340576172,0.4348496442474345,0.025085068774935153,44.88508593211081,30.616606252540222,11.452353552209411,17.02747497558594,0.3819822682716939,17.791439512129326,16.263510439042552,0.08973315628286196,0.3073693126062551,0.32554205859537494,-0.018172745989119832,18.239999771118164,16.709999084472656,16.739999771118164,0.015524276179617491,0.11371664322561892,0.013150114909111554,0.0753720956566053,0.025705873582935627,0.9758496903053089,0.08664872912949032,1.0355969116265074,0.016699770334835717,0.06080905883509846,0.31612514609234554,0.8050743043077161,1750.157717150294
2025-06-17 14:30:00,17.334999084472656,17.510000228881836,17.25,17.28499984741211,695768,1h,1H,yfinance,730d,2026-04-02T03:04:46Z,-0.0028842941852436077,-0.0028842941852436077,17.072619431488828,17.073474979400636,16.403800010681152,14.69689998626709,12.459695491790772,17.072619431488828,16.403800010681152,14.69689998626709,12.459695491790772,0.014955616203080543,0.3537891124338891,833418.1,0.8348366804128684,56.27344445617686,0.26000022888183594,0.4223604002927489,0.024435082674066914,44.932892462580675,29.270375364733773,10.948786567583706,17.073474979400636,0.3537891124338891,17.781053204268414,16.36589675453286,0.08288625786156358,0.28995739692368616,0.3184251262610372,-0.028467729337351033,18.239999771118164,16.709999084472656,17.084999084472656,0.014973526158843065,0.1386692687692903,-0.016780436722081404,0.056217542875717674,0.025462377354515106,0.9596544083003299,0.08322527991884113,0.9959264533852196,0.012439826048694425,0.05371925018332169,0.3165490297486808,0.5978840517626156,1750.157717150294
2025-06-17 15:30:00,17.260000228881836,17.489999771118164,17.170000076293945,17.190000534057617,592878,1h,1H,yfinance,730d,2026-04-02T03:04:46Z,-0.005496055203536243,-0.005496055203536243,17.083798584114426,17.10922498703003,16.460800018310547,14.748149995803834,12.502170495986938,17.083798584114426,16.460800018310547,14.748149995803834,12.502170495986938,0.015034342080799849,0.32658688133058045,839041.45,0.7066134813721062,54.51957351126681,0.31999969482421875,0.41504892133071103,0.02414478815799901,44.613811015764384,27.658429209072576,11.722599653084751,17.10922498703003,0.32658688133058045,17.76239874969119,16.456051224368867,0.07635340153119878,0.2654329320395661,0.307826687416743,-0.042393755377176934,18.239999771118164,16.709999084472656,17.084999084472656,0.0029172197310214365,0.12832300107886963,0.004088767020606898,0.043399097786491536,0.025157287916557615,0.9597532229262196,0.08209399593365214,0.9300729080468579,0.006216530206692106,0.04429921479733223,0.3166353813199305,0.24733249142921118,1750.157717150294
2025-06-17 16:30:00,17.190000534057617,17.209999084472656,16.829999923706055,16.84000015258789,1011156,1h,1H,yfinance,730d,2026-04-02T03:04:46Z,-0.020360696369746467,-0.020360696369746467,17.060579685873805,17.135225009918212,16.50188201904297,14.795099992752075,12.542970495223999,17.060579685873805,16.50188201904297,14.795099992752075,12.542970495223999,0.01563607483152319,0.28011294569905315,877977.1,1.151688352691659,48.51966456969486,0.37999916076660156,0.41254536700470323,0.024497943186853548,42.93354121965057,25.838684776412705,16.838130070490624,17.135225009918212,0.28011294569905315,17.695450901316317,16.574999118520108,0.06538879893013773,0.21527347263089425,0.28931604445957326,-0.07404257182867902,18.239999771118164,16.709999084472656,17.110000610351562,-0.03273978746811679,0.12868633153324116,-0.036337637483269125,0.03186277374310165,0.02499819403913798,0.9799885203106583,0.08209399593365214,0.79651134271725,-0.012929193342038348,0.020489671005691212,0.31562790690820886,-1.0539493510146591,1750.157717150294
2025-06-17 17:30:00,16.81999969482422,17.40999984741211,16.687000274658203,17.264999389648438,577457,1h,1H,yfinance,730d,2026-04-02T03:04:46Z,0.025237484157340395,0.025237484157340395,17.080048229090437,17.16947498321533,16.551282005310057,14.84689998626709,12.585745491981505,17.080048229090437,16.551282005310057,14.84689998626709,12.585745491981505,0.016181830763968084,0.2504366713185195,889059.6,0.6495143857622144,54.99623866492289,0.7229995727539062,0.4347206674153606,0.02517930395502972,41.826236309425155,26.05536221336427,14.837837245458221,17.16947498321533,0.2504366713185195,17.67034832585237,16.66860164057829,0.05834463116975758,0.20742456496646966,0.27293774856095254,-0.06551318359448288,18.239999771118164,16.709999084472656,16.829999923706055,-0.020425566544769458,0.19233424968616997,-0.010034468982235922,0.0413148051323553,0.02499819403913798,1.007244919997348,0.08209399593365214,0.7107052166995421,0.010828491704314658,0.043121577175073256,0.3150815750926341,0.3814313851489168,1750.157717150294
2025-06-17 18:30:00,17.264999389648438,17.594999313354492,17.264999389648438,17.559999465942383,860441,1h,1H,yfinance,730d,2026-04-02T03:04:46Z,0.017086596392862807,0.017086596392862807,17.125757870695384,17.211975002288817,16.606581993103028,14.90304998397827,12.63014548778534,17.125757870695384,16.606581993103028,14.90304998397827,12.63014548778534,0.016467145884492204,0.24079418228861962,890761.6,0.9659610382845422,58.86469218543902,0.3299999237060547,0.4272406142932673,0.024330331850060727,41.182211927982834,27.710782521606003,14.019214370606885,17.211975002288817,0.24079418228861962,17.693563366866055,16.73038663771158,0.05595968673126673,0.22244409279737454,0.26283901740823695,-0.040394924610862415,18.239999771118164,16.687000274658203,16.687000274658203,0.02810301782086766,0.2152248925763416,0.012979543891136647,0.050867769481780956,0.02499819403913798,0.9732835824847337,0.08209399593365214,0.6816538297939961,0.02535605130737295,0.05741202333119033,0.3148369517329246,1.4453192363111929,1750.157717150294
2025-06-17 19:30:00,17.565000534057617,17.806499481201172,17.559999465942383,17.739999771118164,1220777,1h,1H,yfinance,730d,2026-04-02T03:04:46Z,0.010250587166866998,0.010250587166866998,17.18425709930708,17.251749992370605,16.66138198852539,14.961849985122681,12.675395488739014,17.18425709930708,16.66138198852539,14.961849985122681,12.675395488739014,0.016356309160397403,0.25838566437432875,853556.85,1.430223423313866,61.06395054609627,0.24650001525878906,0.4143305715050903,0.02335572586532084,40.98551628057785,30.179361521606452,13.423462228660767,17.251749992370605,0.25838566437432875,17.768521321119263,16.73497866362195,0.05990943863401608,0.24603555241911934,0.25947832441041346,-0.013442771991294122,18.239999771118164,16.687000274658203,16.687000274658203,0.05595241528249528,0.21715265888655977,0.026323397611957455,0.04694737543559646,0.024704631245097176,0.9453986838988323,0.08209399593365214,0.7297663848941464,0.03234022097082656,0.06473759399644097,0.31446644038267535,1.8896163606051335,1750.157717150294
2025-06-18 13:30:00,17.649999618530273,18.290000915527344,17.549999237060547,17.864999771118164,1205984,1h,1H,yfinance,730d,2026-04-02T03:04:46Z,0.007046223315262168,0.007046223315262168,17.249089734717657,17.297999954223634,16.714481983184815,15.021399984359741,12.720920987129212,17.249089734717657,16.714481983184815,15.021399984359741,12.720920987129212,0.01637366530463841,0.2803006794524955,882950.4,1.3658570175629343,62.56090404064851,0.7400016784667969,0.4375927934309265,0.024494419201637512,41.55370489303655,34.4261938738593,11.80202905916049,17.297999954223634,0.2803006794524955,17.858601313128624,16.737398595318645,0.06481689910839755,0.2716865757419171,0.2619199746767142,0.00976660106520294,18.239999771118164,16.687000274658203,16.687000274658203,0.04412619134039231,0.23377074142911525,0.039266970104114174,0.05460443966343753,0.024496181194245528,0.9999280707227773,0.08209399593365214,0.7895449401778684,0.03570681385933372,0.06883358928447803,0.313936467343537,2.0228271226528483,1750.157717150294
2025-06-18 14:30:00,17.879899978637695,18.149999618530273,17.75,18.149999618530273,672799,1h,1H,yfinance,730d,2026-04-02T03:04:46Z,0.015952972351718664,0.015952972351718664,17.334890676033144,17.351999950408935,16.777681980133057,15.083099985122681,12.767070984840393,17.334890676033144,16.777681980133057,15.083099985122681,12.767070984840393,0.016594905659205156,0.33067875165806915,893174.95,0.7532667592166574,65.79032506915897,0.39999961853027344,0.43490756665230845,0.023961849905951998,42.08130860460535,32.16455329403435,11.026690723988375,17.351999950408935,0.33067875165806915,18.013357453725074,16.690642447092795,0.07622838925844434,0.3114224185861936,0.27182046345861005,0.03960195512758352,18.290000915527344,16.687000274658203,16.687000274658203,0.0324231909725774,0.262169643538694,0.07779094145323207,0.06326888945601561,0.024496181194245528,0.9781871597023029,0.08209399593365214,0.9285501137020015,0.04702129120572307,0.08179423355516091,0.31413712667963223,2.413217251244773,1750.157717150294
2025-06-18 15:30:00,18.170000076293945,18.34000015258789,18.06999969482422,18.090099334716797,483946,1h,1H,yfinance,730d,2026-04-02T03:04:46Z,-0.0033002911885640085,-0.0033002911885640085,17.40681531019349,17.4050048828125,16.838729972839356,15.146200981140137,12.812896480560303,17.40681531019349,16.838729972839356,15.146200981140137,12.812896480560303,0.01661222119949404,0.3586004360030883,882574.25,0.5483346018762727,64.53043445487236,0.2700004577636719,0.4231284874459773,0.023390058817087278,42.834513220739815,33.90593742922659,10.524105874058835,17.4050048828125,0.3586004360030883,18.122205754818676,16.68780401080632,0.0824131767655424,0.3342271455407655,0.2843017998750412,0.04992534566572432,18.290000915527344,16.687000274658203,16.687000274658203,0.05666462896778901,0.29214995247977127,0.04779032575947051,0.06224889050665694,0.024496181194245528,0.9548451095953645,0.08264971731355299,0.997138035607391,0.03925382169839953,0.07431494916159842,0.3142016716038438,1.9104674259191314,1750.157717150294
2025-06-18 16:30:00,18.094999313354492,18.239599227905273,17.959999084472656,17.959999084472656,550042,1h,1H,yfinance,730d,2026-04-02T03:04:46Z,-0.007191793026501747,-0.007191793026501747,17.459499479172457,17.44600486755371,16.892329959869386,15.2072509765625,12.857796478271485,17.459499479172457,16.892329959869386,15.2072509765625,12.857796478271485,0.016742668443538722,0.3725624868076344,880293.85,0.6248390807228745,61.76387944472949,0.2796001434326172,0.4128764628735945,0.022988668369729896,43.064365670050655,32.26585760928513,11.918075161625511,17.44600486755371,0.3725624868076344,18.19112984116898,16.700879893938442,0.08542069995647672,0.3379068729581647,0.2950228144916659,0.04288405846649879,18.34000015258789,16.687000274658203,17.264999389648438,0.027753859365703626,0.27375876585618775,0.02277902224917905,0.04784129078321042,0.024496181194245528,0.9384592719754308,0.08415347890902014,1.0150584511048746,0.028666320354558072,0.06320437305805071,0.31378109681669786,1.379618815955393,1750.157717150294
2025-06-18 17:30:00,17.975000381469727,17.975000381469727,17.75,17.81999969482422,291117,1h,1H,yfinance,730d,2026-04-02T03:04:46Z,-0.007795066636137715,-0.007795066636137715,17.493832833044053,17.466504859924317,16.943129959106447,15.267050971984863,12.899196476936341,17.493832833044053,16.943129959106447,15.267050971984863,12.899196476936341,0.016595205023412055,0.38119725255644066,857697.5,0.33941686900101725,58.84050910341351,0.22500038146972656,0.3994567427733182,0.022416203682053912,42.42916321951169,30.967696257850314,15.19365547358617,17.466504859924317,0.38119725255644066,18.228899365037197,16.704110354811437,0.08729788944348463,0.32577101722539226,0.30117245503841117,0.024598562186981088,18.34000015258789,16.687000274658203,17.549999237060547,0.021788942037273662,0.2584745682805225,0.004509578621094468,0.023549675531620018,0.024496181194245528,0.9150897237533404,0.08635929469998067,1.010868485514671,0.018644676949471695,0.05175370417592062,0.31350274332208405,0.9273278664241229,1750.157717150294
2025-06-18 18:30:00,17.805500030517578,17.94499969482422,17.656700134277344,17.809999465942383,546972,1h,1H,yfinance,730d,2026-04-02T03:04:46Z,-0.0005611800815429335,-0.0005611800815429335,17.52394394093913,17.475754833221437,16.989329948425294,15.327450962066651,12.941546473503113,17.52394394093913,16.989329948425294,15.327450962066651,12.941546473503113,0.016402930236666658,0.38712940355567954,824829.15,0.6631336925956121,58.627049455394534,0.288299560546875,0.391516944042858,0.021982984603202603,41.480295538263626,29.338871802807788,16.09667466077624,17.475754833221437,0.38712940355567954,18.250013640332796,16.701496026110078,0.08860948376770444,0.3117526388661176,0.30328849180395245,0.00846414706216514,18.34000015258789,16.687000274658203,17.549999237060547,0.027401234874895097,0.24198042373997275,-0.0030786625177963156,0.010496423599567928,0.024496181194245528,0.8974045557911978,0.08635929469998067,1.0260561306752343,0.016323695508690506,0.04830499613630468,0.3127743259439455,0.8633925236652105,1750.157717150294
2025-06-18 19:30:00,17.809999465942383,18.3700008392334,17.809999465942383,18.270000457763672,1418542,1h,1H,yfinance,730d,2026-04-02T03:04:46Z,0.0258282428756349,0.0258282428756349,17.594996942541467,17.535254859924315,17.036829948425293,15.391900968551635,12.9861469745636,17.594996942541467,17.036829948425293,15.391900968551635,12.9861469745636,0.015582792379226348,0.4123580120534588,784329.35,1.8086050203272388,64.92956630213331,0.5600013732910156,0.4035515461320121,0.022088206678753886,41.38493073219663,33.95331257967242,14.501169522558033,17.535254859924315,0.4123580120534588,18.35997088403123,16.7105388358174,0.09406376248248902,0.33391207808757173,0.3094132090606763,0.02449886902689541,18.34000015258789,16.687000274658203,17.656700134277344,0.05698586167468411,0.2356366751074228,0.0066116166256491304,0.06967216272676713,0.024464750937852213,0.9028584323161327,0.08635929469998067,1.0892141119178231,0.03836337780714083,0.0723826271126431,0.31192338896178384,1.7818147734791758,1750.157717150294
2025-06-20 13:30:00,18.5,18.920000076293945,18.170000076293945,18.844999313354492,1163714,1h,1H,yfinance,730d,2026-04-02T03:04:46Z,0.03147229563130516,0.03147229563130516,17.714044787380804,17.637504863739014,17.098967933654784,15.46285096168518,13.033570971488952,17.714044787380804,17.098967933654784,15.46285096168518,13.033570971488952,0.016014290124442183,0.46725319896335704,791752.3,1.4697955408528651,70.89746265555948,0.75,0.4282978642654398,0.022727401425901187,42.05686698955749,38.878946572727166,12.687365550847266,17.637504863739014,0.46725319896335704,18.57201126166573,16.7029984658123,0.10596809527723712,0.39333705082287906,0.3261979774131169,0.06713907340976216,18.3700008392334,16.687000274658203,17.656700134277344,0.09627683117390928,0.2737410757807206,0.0417300073741973,0.12172620054545624,0.02438270726206382,0.9321114830124684,0.08635929469998067,1.2270606846128034,0.06384507544992557,0.10211326124912534,0.31191735335303905,2.5842400914416683,1750.157717150294
2025-06-20 14:30:00,18.844999313354492,18.979999542236328,18.649999618530273,18.86000061035156,1075634,1h,1H,yfinance,730d,2026-04-02T03:04:46Z,0.0007960359534975314,0.0007960359534975314,17.82318343718754,17.725004863739013,17.134867935180665,15.532950963973999,13.081020975112915,17.82318343718754,17.134867935180665,15.532950963973999,13.081020975112915,0.015782288256623134,0.52103844157479,800950.75,1.34294649202838,71.03594233553231,0.3299999237060547,0.4212765827969123,0.022337039722347046,42.75275556324337,37.720884372628554,11.977477382567772,17.725004863739013,0.52103844157479,18.767081746888593,16.682927980589433,0.11758269079873847,0.43660928904178675,0.3482802397388509,0.08832904930293584,18.920000076293945,17.264999389648438,17.656700134277344,0.11995252015797897,0.2747550194724888,0.050111446088936695,0.10227936514164959,0.02423756000402987,0.9215878049866888,0.08635929469998067,1.361552236006911,0.058172389731495855,0.10067965984312699,0.30990294777298577,2.178333988528999,1750.157717150294
2025-06-20 15:30:00,18.815000534057617,19.260000228881836,18.799999237060547,18.93000030517578,871810,1h,1H,yfinance,730d,2026-04-02T03:04:46Z,0.0037115425534928193,0.0037115425534928193,17.928594567472135,17.7925048828125,17.179967956542967,15.604250965118409,13.129295978546143,17.928594567472135,17.179967956542967,15.604250965118409,13.129295978546143,0.014917125086413982,0.5817853419314,814794.15,1.0699757724082826,71.71234325627692,0.46000099182128906,0.42404261201293925,0.022400560231211345,43.72008611392418,39.514576148458275,11.049394867237565,17.7925048828125,0.5817853419314,18.956075566675302,16.6289341989497,0.13079335276583864,0.4711204565891087,0.3728482831089025,0.09827217348020623,18.979999542236328,17.549999237060547,17.656700134277344,0.09643793654146471,0.2620000203450521,0.06228959760722996,0.07679183090605668,0.024053319031975502,0.9312877030164923,0.08635929469998067,1.5145254858811152,0.055855228023310666,0.10186470388417201,0.30852164385781267,1.9551806145322328,1750.157717150294
2025-06-20 16:30:00,18.927600860595703,19.17959976196289,18.6200008392334,18.68000030517578,569067,1h,1H,yfinance,730d,2026-04-02T03:04:46Z,-0.013206550236116277,-0.013206550236116277,18.000157018682007,17.87050485610962,17.22156795501709,15.673250970840455,13.176895980834962,18.000157018682007,17.22156795501709,15.673250970840455,13.176895980834962,0.013843472459985922,0.5908972076902725,806813.05,0.7053269651501051,65.80200347534115,0.5595989227294922,0.43372520563555017,0.023218693712514303,43.9411233477322,35.87298235367163,12.995427938845772,17.87050485610962,0.5908972076902725,19.052299271490163,16.688710440729075,0.1322620065740906,0.47284720658670665,0.39284806780446335,0.0799991387822433,19.260000228881836,17.549999237060547,17.656700134277344,0.06378137091664726,0.22813939896949242,0.04884900984399687,0.09112145966531604,0.02367595436151964,0.9806867067733278,0.08635929469998067,1.5315318059692329,0.03776874200531566,0.08468638593002287,0.30695180261458166,1.369942924980737,1750.157717150294
2025-06-20 17:30:00,18.670000076293945,18.93630027770996,18.540000915527344,18.92959976196289,431344,1h,1H,yfinance,730d,2026-04-02T03:04:46Z,0.013361855070096018,0.013361855070096018,18.08867537518495,17.943234825134276,17.270759963989256,15.747246971130371,13.225868978500365,18.08867537518495,17.270759963989256,15.747246971130371,13.225868978500365,0.013499119732479017,0.626205056805709,797169.1,0.5410947313437011,68.58577268973482,0.3962993621826172,0.43105193110319784,0.022771317752283013,43.850492654056204,33.51721051132507,13.467680047418678,17.943234825134276,0.626205056805709,19.195644938745694,16.690824711522858,0.13959691502861954,0.4887225690169963,0.41202296804697,0.07669960097002632,19.260000228881836,17.656700134277344,17.809999465942383,0.06705749753060708,0.2628152135422519,0.036102861941578634,0.08323887546438069,0.023372892341204057,0.974261867973416,0.08635929469998067,1.61646659474919,0.04648899763724934,0.09604903324650627,0.3058317749906765,1.5751468725916908,1750.157717150294
2025-06-20 18:30:00,18.93000030517578,19.19499969482422,18.829999923706055,19.05500030517578,414641,1h,1H,yfinance,730d,2026-04-02T03:04:46Z,0.006624574464847877,0.006624574464847877,18.18070632089836,18.023984813690184,17.31805995941162,15.82184697151184,13.274668979644776,18.18070632089836,17.31805995941162,15.82184697151184,13.274668979644776,0.01343502325516495,0.6593565796002079,777756.0,0.533124784636827,69.91097196038811,0.36499977111816406,0.42633391967569545,0.022373860553541593,44.13268606042945,35.801832781896046,12.644096884091852,18.023984813690184,0.6593565796002079,19.3426979728906,16.705271654489767,0.1463287028736047,0.5055945052056643,0.4307372754787089,0.07485722972695541,19.260000228881836,17.656700134277344,18.170000076293945,0.06661072204330254,0.267148612226491,0.011143592436879013,0.09260319504946812,0.023287209788917573,0.9607789321410827,0.08635929469998067,1.694417530642911,0.048089109897366145,0.10029647372944961,0.30459448638357256,1.5636690728266331,1750.157717150294
2025-06-20 19:30:00,19.059900283813477,19.260000228881836,19.030000686645508,19.059999465942383,741134,1h,1H,yfinance,730d,2026-04-02T03:04:46Z,0.00026235427376208875,0.00026235427376208875,18.264448525188268,18.110234832763673,17.359259948730468,15.895096969604491,13.323518977165222,18.264448525188268,17.359259948730468,15.895096969604491,13.323518977165222,0.013256976376720827,0.6761976667385796,769761.15,0.9628103470797402,69.96536702592935,0.22999954223632812,0.41231003557288354,0.021632216533354332,44.48285010843455,35.50137376602705,12.14029145259829,18.110234832763673,0.6761976667385796,19.46263016624083,16.757839499286515,0.1493514960977211,0.5134502913382164,0.4472798786506104,0.06617041268760598,19.260000228881836,17.656700134277344,18.540000915527344,0.05013773369356134,0.24738218580035087,0.010604392848272415,0.09950968979368735,0.0231036810411221,0.9363103868535617,0.08635929469998067,1.7294200539337492,0.043557348017214004,0.09797304275844398,0.3029035331042784,1.404566563738073,1750.157717150294
2025-06-23 13:30:00,19.5,19.5,18.15999984741211,18.170000076293945,2177678,1h,1H,yfinance,730d,2026-04-02T03:04:46Z,-0.046694617764221125,-0.046694617764221125,18.25545343481738,18.154484844207765,17.381259956359862,15.960546970367432,13.367568979263305,18.25545343481738,17.381259956359862,15.960546970367432,13.367568979263305,0.017342557425515416,0.6491634433285646,843856.65,2.580625512638906,51.9570502613891,1.3400001525878906,0.47857361535966975,0.02633866886902525,42.102825055376975,28.401130648211865,22.697271799175887,18.154484844207765,0.6491634433285646,19.452811730864894,16.856157957550636,0.1430309808070774,0.4427567218537263,0.4463752472912336,-0.0036185254375073472,19.260000228881836,17.656700134277344,18.540000915527344,0.004416821604943388,0.18913615142850482,-0.04014792480875129,0.05120047652267323,0.0231036810411221,1.1400204505137175,0.08795368660559454,1.6262079092655057,-0.004680977047683443,0.04537876551610287,0.3002558642729183,0.023900347817841325,1750.157717150294
2025-06-23 14:30:00,18.16200065612793,18.25,17.299999237060547,17.5049991607666,1561098,1h,1H,yfinance,730d,2026-04-02T03:04:46Z,-0.03659883944606901,-0.03659883944606901,18.183981599193498,18.170234775543214,17.39775993347168,16.019796962738038,13.407893977165223,18.183981599193498,17.39775993347168,16.019796962738038,13.407893977165223,0.01928873535082273,0.6290828238321154,892267.65,1.7495848919323702,43.04241034200681,0.9500007629394531,0.51224698304394,0.029262896749633834,39.988787207154196,24.63884176954107,31.682562885349284,18.170234775543214,0.6290828238321154,19.428400423207446,16.912069127878983,0.1384864492073265,0.3292758553853048,0.42295536891004787,-0.09367951352474307,19.5,17.656700134277344,18.15999984741211,-0.025334072767265625,0.12935478456558713,-0.06290155916558604,0.01832452687158992,0.0231036810411221,1.266590232852894,0.09133662312509673,1.5162203776425178,-0.03733959115186358,0.006163967528290959,0.2975758879881907,-1.0574690479137059,1750.157717150294
2025-06-23 15:30:00,17.46500015258789,17.84000015258789,17.16010093688965,17.59000015258789,1116729,1h,1H,yfinance,730d,2026-04-02T03:04:46Z,0.004855812390542669,0.004855812390542669,18.12741193761201,18.207734775543212,17.41615993499756,16.081046962738036,13.448618979454041,18.12741193761201,17.41615993499756,16.081046962738036,13.448618979454041,0.018658851280288564,0.568063687027202,897546.3,1.244202109685038,44.35660403809872,0.6798992156982422,0.5242221425192474,0.029802281863091532,38.2504816871593,22.35628581853042,30.653675234825368,18.207734775543212,0.568063687027202,19.343862149597616,17.07160740148881,0.12479612516988767,0.24339461911931792,0.3870432189519019,-0.143648599832584,19.5,17.299999237060547,17.299999237060547,-0.012906820773017857,0.10663728505879488,-0.07076745553103503,0.044536816698588,0.0231036810411221,1.2899365174773074,0.10001592887986308,1.2477624971097356,-0.029646360267736815,0.009981546921890683,0.29501474921736426,-1.087439026754303,1750.157717150294
2025-06-23 16:30:00,17.59000015258789,17.6200008392334,17.0,17.110000610351562,952161,1h,1H,yfinance,730d,2026-04-02T03:04:46Z,-0.027288205689168787,-0.027288205689168787,18.030515620730064,18.19998483657837,17.429759941101075,16.135896968841553,13.487443981170655,18.030515620730064,17.429759941101075,16.135896968841553,13.487443981170655,0.018947848992040855,0.5817643899771816,916281.5,1.039157726091818,38.89849630409978,0.6200008392333984,0.5310634779988296,0.03103819164550677,36.89201636517207,20.49197869251042,30.25081638833794,18.19998483657837,0.5817643899771816,19.36351361653273,17.036456056624008,0.12786041201703632,0.13504446062290754,0.33664346728610306,-0.20159900666319552,19.5,17.16010093688965,17.16010093688965,-0.039303698853523916,0.08717065935209933,-0.10207292908286714,-0.008977630163706118,0.0231036810411221,1.3434305810516551,0.1117753930379878,1.1439048304091572,-0.05105317173071666,-0.018345595798797465,0.29229526109128967,-1.8735836104880181,1750.157717150294
2025-06-23 17:30:00,17.10700035095215,17.200000762939453,16.1200008392334,16.14699935913086,2007187,1h,1H,yfinance,730d,2026-04-02T03:04:46Z,-0.056282946631695974,-0.056282946631695974,17.851133119625377,18.12933483123779,17.42769992828369,16.17956696510315,13.51892897605896,17.851133119625377,17.42769992828369,16.17956696510315,13.51892897605896,0.022076634656545017,0.7236827944548734,973618.8,2.0615737904814493,30.72888597538642,1.0799999237060547,0.5702732241207742,0.03531759749518378,36.78883646949702,17.719957131063946,37.18095773424574,18.12933483123779,0.7236827944548734,19.57670042014754,16.681969242328044,0.1596711189222299,-0.02820484554001368,0.2636738047208797,-0.2918786502608934,19.5,17.0,17.0,-0.1162014803196495,-0.05379438301772388,-0.1528331683333285,-0.08046697891717125,0.0231036810411221,1.5286567293031015,0.12118940798431307,1.3175336159980082,-0.0954636184198866,-0.07348649416865172,0.28913318201071103,-2.7392325578227417,1750.157717150294
2025-06-23 18:30:00,16.15999984741211,16.549999237060547,16.049999237060547,16.280000686645508,1609280,1h,1H,yfinance,730d,2026-04-02T03:04:46Z,0.008236906719107484,0.008236906719107484,17.70150145934158,18.05633487701416,17.42422393798828,16.225666971206664,13.549778981208801,17.70150145934158,17.42422393798828,16.225666971206664,13.549778981208801,0.02201620557990414,0.8257181983819837,993043.95,1.6205526452278372,32.82722485521103,0.5,0.5652537081121475,0.03472074227710723,36.77098824927511,16.60036144731807,35.71634124137068,18.05633487701416,0.8257181983819837,19.707771273778125,16.404898480250193,0.18292044404496022,-0.14517550833839366,0.18190394210902505,-0.3270794504474187,19.5,16.1200008392334,16.1200008392334,-0.13611030619095332,-0.023688070074219025,-0.10401757741951168,-0.08229983671418228,0.0231036810411221,1.5028229577489405,0.126328268593462,1.4479771319720842,-0.08030396607661239,-0.06566853453071952,0.2859415612721554,-2.151259586926174,1750.157717150294
2025-06-23 19:30:00,16.280000686645508,16.609899520874023,16.209999084472656,16.510000228881836,1437607,1h,1H,yfinance,730d,2026-04-02T03:04:46Z,0.014127735413733467,0.014127735413733467,17.588025151678746,17.988584899902342,17.42502395629883,16.273366975784302,13.58117898464203,17.588025151678746,17.42502395629883,16.273366975784302,13.58117898464203,0.022247359695317423,0.8915983231275463,1004625.1,1.4309885349271088,36.414285276798,0.3999004364013672,0.553442760132806,0.03352166883466414,36.60478594893798,16.516669296944954,33.87294755604089,17.988584899902342,0.8915983231275463,19.771781546157435,16.20538825364725,0.19825869085063752,-0.21681722643977253,0.10215970839926554,-0.31897693483903805,19.5,16.049999237060547,16.049999237060547,-0.12460234917383273,-0.00542169581443841,-0.056840844306626725,-0.07584660283214317,0.0231036810411221,1.4509232868562862,0.12932688239143747,1.5330044858775929,-0.06129311923880287,-0.0525120498951297,0.2830273407046271,-1.6583529069838656,1750.157717150294
2025-06-24 13:30:00,16.399999618530273,16.559999465942383,15.630000114440918,16.114999771118164,2239213,1h,1H,yfinance,730d,2026-04-02T03:04:46Z,-0.023924921398406518,-0.023924921398406518,17.447737020196787,17.88683490753174,17.410923957824707,16.316966972351075,13.611203985214233,17.447737020196787,17.410923957824707,16.316966972351075,13.611203985214233,0.02218494492166991,0.9791873339800766,1082945.8,2.0677055121318166,33.141120289516365,0.9299993515014648,0.5803396595162816,0.03601239018050659,37.09626168040551,14.626090283277819,37.13434768219398,17.88683490753174,0.9791873339800766,19.845209575491893,15.928460239571585,0.2189738629650489,-0.30198593410217356,0.021330579898977724,-0.3233165140011513,19.5,16.049999237060547,16.049999237060547,-0.14870578387090405,-0.021554314331299396,-0.08385448372225968,-0.11212120607068621,0.0231036810411221,1.558729542552477,0.13152767966996462,1.664850041561657,-0.07638453327992623,-0.07443167231364178,0.2791611951990496,-1.8094955632357335,1750.157717150294
2025-06-24 14:30:00,16.100000381469727,16.850000381469727,16.06999969482422,16.56999969482422,765138,1h,1H,yfinance,730d,2026-04-02T03:04:46Z,0.02823455973741429,0.02823455973741429,17.364142989208922,17.81082992553711,17.417423934936522,16.36466696739197,13.644128985404969,17.364142989208922,17.417423934936522,16.36466696739197,13.644128985404969,0.023386046849050383,1.0186599065646915,1097005.4,0.6974787908974742,39.84833442964176,0.7800006866455078,0.5946011614540835,0.03588419869674544,36.84412394743179,16.739359314839163,33.65484644338862,17.81082992553711,1.0186599065646915,19.848149738666493,15.773510112407727,0.22877314775863197,-0.3289758287089626,-0.048730701822610335,-0.2802451268863522,19.5,15.630000114440918,15.630000114440918,-0.11295506294863022,-0.007189984145807848,-0.03156054332345515,-0.08402936942282835,0.0231036810411221,1.5531810118428908,0.13537422789070855,1.689931320925627,-0.04573466682912197,-0.048653821786613816,0.2765508119695894,-1.2181005875625779,1750.157717150294
2025-06-24 15:30:00,16.579999923706055,16.860000610351562,16.56999969482422,16.760000228881836,431617,1h,1H,yfinance,730d,2026-04-02T03:04:46Z,0.011466538174829566,0.011466538174829566,17.306605583463487,17.75082998275757,17.430223922729493,16.393266973495482,13.677555985450745,17.306605583463487,17.430223922729493,16.393266973495482,13.677555985450745,0.023615201773101543,1.043152717859946,1091084.15,0.39558543674197816,42.44487584032568,0.29000091552734375,0.572844001030745,0.034179235871583453,36.58556648916613,16.258748957752974,32.43786886398363,17.75082998275757,1.043152717859946,19.837135418477462,15.664524547037677,0.23506567723835384,-0.33121600747938373,-0.10522776295396502,-0.2259882445254187,19.5,15.630000114440918,15.630000114440918,-0.11461412604405108,-0.014117633595186141,0.03796376380013511,-0.06681508445221918,0.024778681290769777,1.3793807455086582,0.13904168211797302,1.690613013721361,-0.03158362579799778,-0.03845181202598702,0.27436684896560326,-0.9498415111340986,1750.157717150294
2025-06-24 16:30:00,16.7549991607666,16.7549991607666,16.579999923706055,16.614999771118164,383944,1h,1H,yfinance,730d,2026-04-02T03:04:46Z,-0.008651578507367752,-0.008651578507367752,17.240738363240123,17.690579986572267,17.43522392272949,16.424466972351073,13.711130986213684,17.240738363240123,17.43522392272949,16.424466972351073,13.711130986213684,0.023624327624579906,1.0718226633956454,1095725.5,0.35040162887511517,40.99065071556554,0.18000030517578125,0.5447837370411047,0.032788669548350025,36.3454774207766,15.875034470282728,31.672319173899066,17.690579986572267,1.0718226633956454,19.834225313363557,15.546934659780977,0.2423487899682642,-0.34076357998459983,-0.152334926360092,-0.18842865362450784,19.5,15.630000114440918,15.630000114440918,-0.12805040645393517,-0.026654946212097186,0.020577338473176887,-0.06762064783065314,0.027800782809329544,1.1794153342094604,0.14131394791784846,1.714967231041846,-0.0362941875770314,-0.04704408473596022,0.27161092256067865,-1.003505759102493,1750.157717150294
2025-06-24 17:30:00,16.610000610351562,16.8799991607666,16.584999084472656,16.725000381469727,423328,1h,1H,yfinance,730d,2026-04-02T03:04:46Z,0.0066205604494065096,0.0066205604494065096,17.19162046021437,17.63633003234863,17.44022392272949,16.451216974258422,13.742255988121032,17.19162046021437,17.44022392272949,16.451216974258422,13.742255988121032,0.02371628526877611,1.0916798579813205,1089543.3,0.3885371054092113,42.59740082711896,0.2950000762939453,0.5269420469877362,0.03150625022236505,35.7819393720984,16.934633727216834,30.405801940021398,17.63633003234863,1.0916798579813205,19.819689748311273,15.45297031638599,0.24759796533155298,-0.33558554872862345,-0.1889850508337983,-0.14660049789482515,19.5,15.630000114440918,15.630000114440918,-0.12250782528325777,0.002697846251236591,0.013022419721822942,-0.060920781415376934,0.029532589306362683,1.066829931352384,0.14467984184034105,1.7113508155806907,-0.02714229759925868,-0.04100999760258972,0.2690946768714704,-0.8347956996880842,1750.157717150294
2025-06-24 18:30:00,16.725000381469727,16.863000869750977,16.614999771118164,16.674999237060547,584206,1h,1H,yfinance,730d,2026-04-02T03:04:46Z,-0.0029896049786987122,-0.0029896049786987122,17.142418438961624,17.556579971313475,17.44732391357422,16.47666696548462,13.771880984306335,17.142418438961624,17.44732391357422,16.47666696548462,13.771880984306335,0.022787231083618784,1.100697857989731,1047826.5,0.557540776073138,42.03708913928955,0.2480010986328125,0.5070176935338131,0.03040586007386167,35.25865404118293,16.34296548158926,29.343473236576294,17.556579971313475,1.100697857989731,19.757975687292937,15.355184255334013,0.25077728345457106,-0.331693045176344,-0.21752664970230745,-0.11416639547403656,19.5,15.630000114440918,15.630000114440918,-0.08227852685503823,0.0002998896666899231,0.03475020005560481,-0.08730165192882322,0.0301040709684766,1.010024860282222,0.1478400994856629,1.6962737736718765,-0.027266817897684592,-0.044266082313792254,0.2668802419550542,-0.8009289087406881,1750.157717150294
2025-06-24 19:30:00,16.674999237060547,16.760000228881836,16.540000915527344,16.725000381469727,735124,1h,1H,yfinance,730d,2026-04-02T03:04:46Z,0.0029985695170557936,0.0029985695170557936,17.10266433824811,17.450580024719237,17.450223922729492,16.50431696891785,13.80110598564148,17.10266433824811,17.450223922729492,16.50431696891785,13.80110598564148,0.0213525320270529,1.073254301910859,1026397.0,0.7162179936223508,42.84669310788006,0.2199993133544922,0.4865163806638616,0.02908917007875778,34.89692931211908,15.815095840104377,29.496799683992737,17.450580024719237,1.073254301910859,19.597088628540956,15.304071420897518,0.24601000090325123,-0.32087468990272683,-0.23819625774239134,-0.08267843216033549,19.5,15.630000114440918,16.06999969482422,-0.04455862991670756,0.017954964748297275,0.009354296288486053,-0.11249663089042572,0.0301040709684766,0.9662869220982911,0.1545113075099755,1.5921812122867993,-0.022082170900927012,-0.041559555021820516,0.26440764536440153,-0.6760556579718929,1750.157717150294
2025-06-25 13:30:00,16.690000534057617,16.84000015258789,16.3799991607666,16.549999237060547,747274,1h,1H,yfinance,730d,2026-04-02T03:04:46Z,-0.010463446362791728,-0.010463446362791728,17.05002956670644,17.335079956054688,17.44702392578125,16.529416961669924,13.8302059841156,17.05002956670644,17.44702392578125,16.529416961669924,13.8302059841156,0.021321799349883572,1.039116691764423,1009979.0,0.7398906313893655,40.70378820467757,0.46000099182128906,0.4846224243179636,0.029282323060942788,34.82469890253273,14.742838433816052,29.855196277751244,17.335079956054688,1.039116691764423,19.413313339583535,15.256846572525841,0.23977199860597984,-0.3227022841580016,-0.2550974630255134,-0.06760482113248822,19.5,15.630000114440918,16.540000915527344,-0.0591245540935561,0.018461491511418293,-0.012529891942328453,-0.12248151105695815,0.0301040709684766,0.9727030969202037,0.17129578148359506,1.3997542527277165,-0.02932724120445518,-0.05141419491006605,0.2615158404596194,-0.7555270021320436,1750.157717150294
2025-06-25 14:30:00,16.549999237060547,16.700000762939453,16.152999877929688,16.274499893188477,560356,1h,1H,yfinance,730d,2026-04-02T03:04:46Z,-0.016646486801953575,-0.016646486801953575,16.976169597799966,17.202304935455324,17.43362392425537,16.54866195678711,13.858203482627868,16.976169597799966,17.43362392425537,16.54866195678711,13.858203482627868,0.021306447163415922,0.9955838741631537,994406.3,0.5635080952323009,37.52223863310945,0.5470008850097656,0.48907802865309236,0.030051800784231218,35.110638298507006,13.56506176623277,30.785388120431463,17.202304935455324,0.9955838741631537,19.193472683781632,15.211137187129015,0.23150011068834767,-0.3424337967277644,-0.27256472976596363,-0.06986906696180079,19.5,15.630000114440918,16.3799991607666,-0.04883113310104781,-0.010897197366728006,-0.020493522878139214,-0.14027999837175098,0.030228830429046442,0.994143681965111,0.19058956744779887,1.2146525845479654,-0.04133262810371685,-0.06648784189122081,0.25800028453251667,-0.9319205205555597,1750.157717150294
2025-06-25 15:30:00,16.270000457763672,16.5,16.190000534057617,16.475000381469727,370627,1h,1H,yfinance,730d,2026-04-02T03:04:46Z,0.01231991702338986,0.01231991702338986,16.928439196244707,17.09205493927002,17.424323921203612,16.562861957550048,13.886903486251832,16.928439196244707,17.424323921203612,16.562861957550048,13.886903486251832,0.021675631132732628,0.9467320657200751,984484.3,0.3764681671409082,41.12874503465293,0.3099994659423828,0.47628670274518453,0.02890966262318807,35.37615345191169,12.934414919225611,29.354159255674627,17.09205493927002,0.9467320657200751,18.985519070710172,15.19859080782987,0.22156073546075536,-0.3379962386021198,-0.2856510315331949,-0.052345207068924926,19.5,15.630000114440918,16.152999877929688,0.020313435025522963,0.0003036471356243631,-0.014947682768186032,-0.11804067921214656,0.030228830429046442,0.9563606071708681,0.2086162769078432,1.0620491303208828,-0.026785624446438505,-0.05448266136619839,0.25473068481061034,-0.651773168083167,1750.157717150294
2025-06-25 16:30:00,16.470500946044922,16.729999542236328,16.399999618530273,16.610000610351562,256922,1h,1H,yfinance,730d,2026-04-02T03:04:46Z,0.008194247390347797,0.008194247390347797,16.89811171187393,16.976074981689454,17.41512393951416,16.575511960983278,13.916303491592407,16.89811171187393,17.41512393951416,16.575511960983278,13.916303491592407,0.02147288622695774,0.8518453637447312,975763.2,0.26330363760387765,43.493903834912054,0.3299999237060547,0.4658376470995324,0.028045612882712147,34.82199245521276,15.80659863935327,27.86883639156064,16.976074981689454,0.8518453637447312,18.679765709178916,15.272384254199991,0.2007166826639348,-0.3198984612583793,-0.2925005174782318,-0.027397943780147482,19.5,15.630000114440918,16.152999877929688,0.020270264728966092,-0.012485082537621928,-0.003897968796575668,-0.12253820370108026,0.030228830429046442,0.9277769759746817,0.20984527281449183,0.9564984713349873,-0.017049899209739428,-0.0462312718507738,0.25141880888380896,-0.42974275252097427,1750.157717150294
2025-06-25 17:30:00,16.6200008392334,16.6299991607666,16.290000915527344,16.3799991607666,250430,1h,1H,yfinance,730d,2026-04-02T03:04:46Z,-0.013847166835239122,-0.013847166835239122,16.84876765938752,16.842324924468993,17.402123908996582,16.584211950302123,13.947953486442566,16.84876765938752,17.402123908996582,16.584211950302123,13.947953486442566,0.02132073935124836,0.7137368143158397,967552.65,0.25882829218647685,40.507982404446544,0.3399982452392578,0.45684911839522707,0.027890667997680536,34.51384751508192,14.96633750777265,28.107194991950813,16.842324924468993,0.7137368143158397,18.269798553100674,15.414851295837314,0.16951028258073883,-0.32042141844874195,-0.29808469767233386,-0.02233672077640808,19.5,16.06999969482422,16.152999877929688,-0.007874080333918898,0.008310145556112758,-0.02062787520682896,-0.1403831593580498,0.030228830429046442,0.9226512439224509,0.20984527281449183,0.8077869961387689,-0.027822123736137905,-0.05873563213175148,0.24764711367237324,-0.6477538420735091,1750.157717150294
2025-06-25 18:30:00,16.3799991607666,16.399999618530273,16.238000869750977,16.350000381469727,226427,1h,1H,yfinance,730d,2026-04-02T03:04:46Z,-0.0018314274013351284,-0.0018314274013351284,16.80126601387154,16.70682497024536,17.386323928833008,16.59206195831299,13.979103488922119,16.80126601387154,17.386323928833008,16.59206195831299,13.979103488922119,0.02128844831453015,0.5072229851871148,941817.3,0.24041499343874867,40.12109864807598,0.16199874877929688,0.4357883777083749,0.02665372278536921,34.32660116660302,14.568941485481579,28.21318912487075,16.70682497024536,0.5072229851871148,17.72127094061959,15.692378999871131,0.12144090480159389,-0.3195726816221516,-0.3023822944622974,-0.01719038715985416,19.5,16.152999877929688,16.152999877929688,0.01458272501950253,0.014267960934378321,-0.012084523553509419,-0.14218253727210506,0.030228830429046442,0.8817318568752178,0.20984527281449183,0.5787164188775914,-0.026859025506127843,-0.059605673494019684,0.24373669188521108,-0.7034866305279941,1750.157717150294
2025-06-25 19:30:00,16.360000610351562,16.364999771118164,16.1299991607666,16.15999984741211,499661,1h,1H,yfinance,730d,2026-04-02T03:04:46Z,-0.011620827499976949,-0.011620827499976949,16.74019304563731,16.60632495880127,17.36132392883301,16.60186195373535,14.010453987121583,16.74019304563731,17.36132392883301,16.60186195373535,14.010453987121583,0.019334912838904553,0.3938041652927645,857916.45,0.5824121917699562,37.66729271390193,0.2350006103515625,0.4214463943257455,0.026079603855518392,34.36026066722588,13.988676171390393,28.91994808813112,16.60632495880127,0.3938041652927645,17.393933289386798,15.818716628215741,0.09485642760087021,-0.33042260070993734,-0.3079903557118254,-0.022432244998111917,19.5,16.152999877929688,16.152999877929688,-0.024743503618782636,-0.012526729396467817,-0.007035549265897223,-0.11062191636995344,0.030228830429046442,0.862739427406324,0.20984527281449183,0.45203032848266983,-0.03465869220524931,-0.06919541887158664,0.23916926209468636,-1.1333681832881348,1750.157717150294
2025-06-26 13:30:00,16.399999618530273,17.173799514770508,16.352100372314453,17.172700881958008,980679,1h,1H,yfinance,730d,2026-04-02T03:04:46Z,0.0626671438185733,0.0626671438185733,16.78138426814404,16.58971004486084,17.352277946472167,16.62123896598816,14.047816491127014,16.78138426814404,17.352277946472167,16.62123896598816,14.047816491127014,0.023124003969235547,0.3611979837836364,828895.5,1.183115362551733,53.86377132451105,1.0137996673583984,0.46375734239950644,0.02700549817919087,31.926879005158376,24.261637761110986,24.404188433050795,16.58971004486084,0.3611979837836364,17.312106012428114,15.867314077293567,0.08708964359398878,-0.25437248213163244,-0.29726678099578685,0.04289429886415441,18.25,16.1299991607666,16.1299991607666,0.024624143642013818,0.04234904305513831,0.04234904305513831,-0.018983050256486944,0.030228830429046442,0.8933689393831685,0.20984527281449183,0.41501837246997736,0.023318494324499728,-0.010348904337984521,0.23522954314162225,1.61404787200138,1750.157717150294
2025-06-26 14:30:00,17.170000076293945,17.34000015258789,16.90999984741211,16.969999313354492,632188,1h,1H,yfinance,730d,2026-04-02T03:04:46Z,-0.01180370927071106,-0.01180370927071106,16.799347605783133,16.55871000289917,17.350077934265137,16.641738958358765,14.083596487045288,16.799347605783133,17.350077934265137,16.641738958358765,14.083596487045288,0.023209084093058396,0.29445706358224905,804668.45,0.7856502886375129,51.00687881531827,0.43000030517578125,0.4613461254549547,0.027185983743199076,30.009514182723198,25.219634340344122,22.779469579309676,16.55871000289917,0.29445706358224905,17.147624130063665,15.96979587573467,0.07113043553047163,-0.2080601498904322,-0.2794254547747159,0.07136530488428372,17.84000015258789,16.1299991607666,16.1299991607666,0.021366208072625126,0.039828408742949684,0.021673611666129355,-0.03524734700711085,0.030228830429046442,0.8993395826878059,0.20984527281449183,0.3389661085830254,0.010158234210988715,-0.021906450354324813,0.23193517722724466,1.3967717583397028,1750.157717150294
2025-06-26 15:30:00,16.969999313354492,17.18000030517578,16.90999984741211,17.15999984741211,419203,1h,1H,yfinance,730d,2026-04-02T03:04:46Z,0.011196260562491345,0.011196260562491345,16.833695438319225,16.561209964752198,17.357277946472166,16.668538961410523,14.11929648399353,16.833695438319225,17.357277946472166,16.668538961410523,14.11929648399353,0.02258008598328551,0.29929938130018324,778020.55,0.5388071047737749,53.496673624719996,0.2700004577636719,0.4476785777627202,0.026088495439598406,28.22910399046196,24.1331863594616,21.798142554657893,16.561209964752198,0.29929938130018324,17.159808727352566,15.962611202151832,0.07228925469508393,-0.15424776550437969,-0.25438991692064866,0.10014215141626898,17.6200008392334,16.1299991607666,16.1299991607666,0.026008936084948253,0.03498190147014246,0.047619091978573946,0.0029222229852112758,0.029667061922587,0.8793757705995128,0.20984527281449183,0.3444883638574472,0.019384003369224745,-0.011365727948151716,0.22933022662633396,2.0006385581510884,1750.157717150294
2025-06-26 16:30:00,17.170000076293945,17.229900360107422,16.790000915527344,16.850400924682617,434202,1h,1H,yfinance,730d,2026-04-02T03:04:46Z,-0.018041895424386167,-0.018041895424386167,16.8352864370205,16.596380043029786,17.352085952758788,16.6925429725647,14.15289848804474,16.8352864370205,17.352085952758788,16.6925429725647,14.15289848804474,0.019041051169425716,0.28973476580389035,699371.3,0.6208461799905143,49.116557059029454,0.4398994445800781,0.44712292539253146,0.026534853822829926,26.25339147111511,22.437236116479177,22.18328789946574,16.596380043029786,0.28973476580389035,17.175849574637567,16.016910511422005,0.06983083420666175,-0.13502660615464634,-0.23051725476744822,0.09549064861280188,17.34000015258789,16.1299991607666,16.1299991607666,0.010518842317679855,0.00840226498518648,0.030605537097113444,0.04356237031458088,0.029185746569850284,0.9091716656733118,0.20984527281449183,0.33277296776846554,0.0008977861896595218,-0.028912087540484355,0.22604468387987597,0.8767359379466657,1750.157717150294
2025-06-26 17:30:00,16.860000610351562,16.8700008392334,16.579999923706055,16.6200008392334,260928,1h,1H,yfinance,730d,2026-04-02T03:04:46Z,-0.013673270237251511,-0.013673270237251511,16.81478304675506,16.61338005065918,17.332885971069334,16.712992982864378,14.18734649181366,16.81478304675506,17.332885971069334,16.712992982864378,14.18734649181366,0.019297224095864287,0.28050015418782565,631953.7,0.4128910076798348,46.09206183100336,0.29000091552734375,0.4358999246878752,0.02622743096732486,24.875568660741756,21.370998752095048,24.57029145510785,16.61338005065918,0.28050015418782565,17.17438035903483,16.05237974228353,0.06753596277999925,-0.13680802252724433,-0.21177540831940744,0.07496738579216311,17.34000015258789,16.1299991607666,16.1299991607666,-0.006277999392613531,-0.019150705587857808,0.02846540817851273,0.020884529376389516,0.028999416350972924,0.904412373335401,0.20984527281449183,0.3218369509791275,-0.011583985768954141,-0.04112904988966215,0.22171443272148905,0.023603511354164834,1750.157717150294
2025-06-26 18:30:00,16.614999771118164,16.760000228881836,16.520000457763672,16.709999084472656,404086,1h,1H,yfinance,730d,2026-04-02T03:04:46Z,0.005415056600166057,0.005415056600166057,16.804803621775783,16.62337999343872,17.32468593597412,16.735292978286743,14.221721487045288,16.804803621775783,17.32468593597412,16.735292978286743,14.221721487045288,0.01909815506581709,0.28020123153015697,580277.65,0.6963666444847565,47.4532156950851,0.23999977111816406,0.421907056575753,0.025248777958809074,23.745868750292463,20.502656723894194,24.587743211551626,16.62337999343872,0.28020123153015697,17.183782456499035,16.062977530378408,0.06742340766817644,-0.12946530613310614,-0.1953133878821472,0.06584808174904105,17.34000015258789,16.1299991607666,16.352100372314453,0.009667664941870324,-0.013577416902823991,-0.02694403173186788,0.012113800897528337,0.02847763775295011,0.8866177095813874,0.20984527281449183,0.3213005790594116,-0.005641514143032156,-0.035480403729864274,0.2181848696555726,0.3091317285113801,1750.157717150294
2025-06-26 19:30:00,16.700000762939453,16.889999389648438,16.6299991607666,16.760000228881836,467215,1h,1H,yfinance,730d,2026-04-02T03:04:46Z,0.002992288877839755,0.002992288877839755,16.80053663197636,16.655630016326903,17.31038593292236,16.759092979431152,14.256096487045289,16.80053663197636,17.31038593292236,16.759092979431152,14.256096487045289,0.018238797879656564,0.25589724126887375,491677.75,0.950246375802037,48.23523829484079,0.26000022888183594,0.41034228316904464,0.024483429448999543,22.307830919556675,21.837643383695287,23.47494071107047,16.655630016326903,0.25589724126887375,17.16742449886465,16.143835533789154,0.06145603403006133,-0.11824838226878143,-0.17990038675947406,0.061652004490692636,17.34000015258789,16.1299991607666,16.520000457763672,0.029831966504639595,-0.018160484562655066,-0.012374725572758205,0.04002485056932259,0.02796814044019634,0.8754042658414106,0.18511348262233682,0.3319911286820861,-0.002412804065875629,-0.03179511457302375,0.21424444262512865,0.407859858267367,1750.157717150294
2025-06-27 13:30:00,16.84000015258789,16.84000015258789,15.949999809265137,16.190000534057617,790023,1h,1H,yfinance,730d,2026-04-02T03:04:46Z,-0.03400952786635181,-0.03400952786635181,16.74239033693648,16.636630058288574,17.285385932922363,16.78099298477173,14.287721490859985,16.74239033693648,17.285385932922363,16.78099298477173,14.287721490859985,0.018819638712146213,0.27494783654985755,492922.0,1.6027343068477367,40.783798530760926,0.8900003433227539,0.4446035731800239,0.02746161572044094,22.484091214334114,18.715197218606765,31.04303583148115,16.636630058288574,0.27494783654985755,17.18652573138829,16.08673438518886,0.06610661788752717,-0.1535826952696766,-0.1746368484615146,0.021054153191837982,17.34000015258789,16.1299991607666,16.520000457763672,-0.017298928122190693,-0.04932472805163168,-0.05652676701513937,-0.02293296124110955,0.02767614185906074,0.9922486978238418,0.14547559369116636,0.4544172407906889,-0.032993484906405524,-0.06337060700382946,0.20980703214155016,-1.6244154885356505,1750.157717150294
2025-06-27 14:30:00,16.190000534057617,16.219999313354492,15.949999809265137,16.0669002532959,582408,1h,1H,yfinance,730d,2026-04-02T03:04:46Z,-0.007603476016122546,-0.007603476016122546,16.67805794801833,16.60197505950928,17.260023956298827,16.80066198348999,14.319230990409851,16.67805794801833,17.260023956298827,16.80066198348999,14.319230990409851,0.018646903542839016,0.29977314167265345,500461.55,1.1637417499905838,39.36929980321827,0.26999950408935547,0.4321318539592619,0.02689578245627162,22.64776148805602,17.87995380824799,29.65761141874786,16.60197505950928,0.29977314167265345,17.201521342854587,16.00242877616397,0.07222589856884529,-0.1893360091029983,-0.17757668058981133,-0.011759328513186978,17.34000015258789,15.949999809265137,15.949999809265137,-0.032697190674225274,-0.06260788649739557,-0.04649744981670079,-0.041354413253022915,0.02732379973182001,0.9843353677105918,0.10814866620123205,0.6678390137004063,-0.03664441607213931,-0.0691264221894381,0.2053736662156327,-1.7849324433396765,1750.157717150294
2025-06-27 15:30:00,16.059999465942383,16.079999923706055,15.829999923706056,15.859999656677246,759573,1h,1H,yfinance,730d,2026-04-02T03:04:46Z,-0.01287744327510898,-0.01287744327510898,16.600147634557274,16.564225053787233,17.23152395248413,16.817661981582642,14.349530987739563,16.600147634557274,17.23152395248413,16.817661981582642,14.349530987739563,0.01874545125716657,0.34052425214812654,519243.0,1.4628468751624961,37.043792467833185,0.24999999999999822,0.4191224358193145,0.02642638366280538,23.030801910142728,17.11815996915453,30.43910581706423,16.564225053787233,0.34052425214812654,17.245273558083486,15.88317654949098,0.08223125465691965,-0.231695080251356,-0.18840036052212028,-0.04329471972923571,17.34000015258789,15.949999809265137,15.949999809265137,-0.031746003097171016,-0.08902930524524166,-0.04572810735135968,-0.04544087420051213,0.02709574096119497,0.9752965863030575,0.0909730355974295,0.9039079999573317,-0.04458683104355221,-0.07959390588951154,0.20084231095824556,-2.0680623851826327,1750.157717150294
2025-06-27 16:30:00,15.850000381469728,15.942500114440918,15.720000267028809,15.809900283813477,658191,1h,1H,yfinance,730d,2026-04-02T03:04:46Z,-0.003158850816410763,-0.003158850816410763,16.524885982105484,16.51847004890442,17.203921947479248,16.832360982894897,14.379480490684509,16.524885982105484,17.203921947479248,16.832360982894897,14.379480490684509,0.018637526549387985,0.375527766562529,530986.15,1.2395634048082045,36.48184967916578,0.22249984741210938,0.40507796521879985,0.02562179127932436,23.59588226983084,16.446545347464944,31.184512456743658,16.51847004890442,0.375527766562529,17.269525582029477,15.767414515779361,0.09093524169024012,-0.2662385181002982,-0.20396799203775587,-0.062270526062542325,17.34000015258789,15.829999923706056,15.829999923706056,-0.03303364434586631,-0.10298438106022823,-0.05386587971124268,-0.054714503843606765,0.026950640317731245,0.9506932294468486,0.08901244264211444,1.0216014636948738,-0.043267209169627785,-0.08102929482716159,0.1964216620082,-1.8868638438562935,1750.157717150294
2025-06-27 17:30:00,15.80500030517578,15.81999969482422,15.43000030517578,15.460000038146973,640958,1h,1H,yfinance,730d,2026-04-02T03:04:46Z,-0.022131717429283215,-0.022131717429283215,16.423468273157056,16.45772008895874,17.17632194519043,16.8391019821167,14.4081804895401,16.423468273157056,17.17632194519043,16.8391019821167,14.4081804895401,0.019116305890660476,0.43831885046440977,533823.75,1.2006921760225169,32.745674416852,0.38999938964844105,0.40400092410663135,0.026132013137760295,24.63180654372093,15.312505747799538,34.161530993789746,16.45772008895874,0.43831885046440977,17.334357789887562,15.581082388029921,0.10653209511285158,-0.3181806782561942,-0.22681052928144355,-0.09137014897475068,17.34000015258789,15.720000267028809,15.720000267028809,-0.043316820289279634,-0.09484776889902768,-0.07756564277932554,-0.07286352350848757,0.026774752620820415,0.9759945687580204,0.08901244264211444,1.196822510996323,-0.0586641152152253,-0.09992371547996326,0.19212290251776865,-2.2762426250996484,1750.157717150294
2025-06-27 18:30:00,15.460000038146973,15.720800399780272,15.359999656677246,15.68000030517578,478182,1h,1H,yfinance,730d,2026-04-02T03:04:46Z,0.014230288905948463,0.014230288905948463,16.352661800015984,16.405470085144042,17.144621963500978,16.84795198440552,14.438780488967895,16.352661800015984,17.144621963500978,16.84795198440552,14.438780488967895,0.01946362009265387,0.46482665278567864,520976.65,0.9178568751593761,37.10697968804865,0.36080074310302557,0.4009151968920881,0.02556857073272829,25.709727355564336,14.32819294559747,33.21273024997621,16.405470085144042,0.46482665278567864,17.3351233907154,15.475816779572686,0.11333455252991542,-0.3377002333930612,-0.2489884701037671,-0.08871176328929412,17.34000015258789,15.43000030517578,15.43000030517578,-0.08692287759757644,-0.0666666061159138,-0.03150093959595557,-0.06248131853268857,0.026594288304099566,0.9614309072819535,0.08901244264211444,1.2732439327116438,-0.041134679055097156,-0.08542746882627206,0.18740097036591896,-1.5607318892334707,1750.157717150294
2025-06-27 19:30:00,15.6899995803833,15.75,15.600000381469728,15.68000030517578,606137,1h,1H,yfinance,730d,2026-04-02T03:04:46Z,0.0,0.0,16.288598800507394,16.361970138549804,17.107021980285644,16.856801986694336,14.469230489730835,16.288598800507394,17.107021980285644,16.856801986694336,14.469230489730835,0.019397421390881422,0.48932857885158354,513919.8,1.1794388929945878,37.10697968804866,0.14999961853027166,0.3829926555805298,0.024425551538676215,26.59441149484816,14.471936199207242,32.28360074555981,16.361970138549804,0.48932857885158354,17.340627296252972,15.383312980846636,0.11962583349267845,-0.3491448964388333,-0.2690197553707803,-0.08012514106805296,17.34000015258789,15.359999656677246,15.359999656677246,-0.07601644433559596,-0.0835768704947113,-0.024080559536725277,-0.05256791371546243,0.026480618742817652,0.9223935352832783,0.08901244264211444,1.3439226016260326,-0.03736346525476808,-0.08341730528869273,0.1823035089825209,-1.393684862990335,1750.157717150294
2025-06-30 13:30:00,15.699999809265137,15.880000114440918,15.270000457763672,15.5600004196167,1052529,1h,1H,yfinance,730d,2026-04-02T03:04:46Z,-0.007653053777012309,-0.007653053777012309,16.219208478517803,16.326245164871217,17.063421993255616,16.862401990890504,14.49778048992157,16.219208478517803,17.063421993255616,16.862401990890504,14.49778048992157,0.01916741153561812,0.5195588548467611,538528.45,1.954453845474645,35.64473955077895,0.6099996566772461,0.3992074413731524,0.025656004537754785,27.96489911605641,12.892400062984391,34.66456963906412,16.326245164871217,0.5195588548467611,17.365362874564738,15.287127455177695,0.12729414500394323,-0.3637052940100194,-0.28795686309862817,-0.07574843091139122,17.34000015258789,15.359999656677246,15.359999656677246,-0.09324006072393443,-0.11490327149350277,-0.01891546302362268,-0.043903006437133185,0.02632690731506512,0.9745164606962238,0.08901244264211444,1.4300713610988647,-0.04064366394785657,-0.08810785868351323,0.1769678817469753,-1.4747987414833197,1750.157717150294
2025-06-30 14:30:00,15.550000190734863,15.75,15.460000038146973,15.572099685668944,338053,1h,1H,yfinance,730d,2026-04-02T03:04:46Z,0.0007775877715909818,0.0007775877715909818,16.157579069675055,16.281100130081178,17.01756399154663,16.866022987365724,14.52686598777771,16.157579069675055,17.01756399154663,16.866022987365724,14.52686598777771,0.018897564694519753,0.5433541146897494,536899.75,0.6296389596009311,35.91893213998614,0.28999996185302734,0.3914069071217149,0.025135140091732653,29.23749476432122,12.210100342516032,32.83002944023829,16.281100130081178,0.5433541146897494,17.36780835946068,15.19439190070168,0.13349321860279975,-0.3700030396127918,-0.3043660984014609,-0.0656369412113309,17.34000015258789,15.270000457763672,15.270000457763672,-0.07586176997968086,-0.09041478257507884,-0.015041245920317303,-0.05480428982668317,0.026179722052542577,0.9600995778827043,0.08901244264211444,1.4997141370395348,-0.03623558835648555,-0.08493955460345048,0.17145460045301508,-1.3048588852907979,1750.157717150294
2025-06-30 15:30:00,15.550000190734863,15.654999732971191,15.489999771118164,15.505000114440918,285598,1h,1H,yfinance,730d,2026-04-02T03:04:46Z,-0.0043089610638555875,-0.0043089610638555875,16.09542869298609,16.225850105285645,16.964664001464843,16.87117299079895,14.555565986633301,16.09542869298609,16.964664001464843,16.87117299079895,14.555565986633301,0.018734957529686673,0.5629288712866924,538333.55,0.5305223870962529,35.02762426309832,0.16499996185302734,0.3752349824596658,0.024200901624643174,30.419190723424254,11.826594732714895,31.79887489546954,16.225850105285645,0.5629288712866924,17.35170784785903,15.09999236271226,0.13877334441868544,-0.3760732842757424,-0.3187075355763172,-0.05736574869942518,17.34000015258789,15.270000457763672,15.270000457763672,-0.06708788619073924,-0.11273248778396439,0.0029107423145477984,-0.06652621645432055,0.02611025428867935,0.9268734558106538,0.08901244264211444,1.5590331003120639,-0.036682997999454514,-0.08604142627863942,0.16551043202606275,-1.280534766669672,1750.157717150294
2025-06-30 16:30:00,15.510000228881836,15.56999969482422,15.460000038146973,15.539999961853027,200085,1h,1H,yfinance,730d,2026-04-02T03:04:46Z,0.0022573264852485675,0.0022573264852485675,16.042530718592467,16.183850145339967,16.913662014007567,16.87619599342346,14.58436598777771,16.042530718592467,16.913662014007567,16.87619599342346,14.58436598777771,0.018608453606145534,0.5809099257972046,535816.3,0.3734208907045194,35.92083160491683,0.10999965667724787,0.35628960204663596,0.022927258875240764,31.570315806562455,11.565787362052157,31.69905801671914,16.183850145339967,0.5809099257972046,17.345669996934376,15.022030293745559,0.14357768283327155,-0.3737514279158276,-0.3297163140442193,-0.0440351138716083,17.34000015258789,15.270000457763672,15.270000457763672,-0.07001790465128277,-0.1089449836021612,-0.008928593150380193,-0.05128200500312241,0.0260840496475584,0.878976201357862,0.08901244264211444,1.6130068850098116,-0.031324905375249346,-0.08121612286073232,0.1597118467941563,-1.1083477057193678,1750.157717150294
2025-06-30 17:30:00,15.539999961853027,15.5649995803833,15.380000114440918,15.4399995803833,119152,1h,1H,yfinance,730d,2026-04-02T03:04:46Z,-0.006435030998404367,-0.006435030998404367,15.985146800667785,16.138350105285646,16.86326202392578,16.87779599189758,14.612365984916687,15.985146800667785,16.86326202392578,16.87779599189758,14.612365984916687,0.01862773074541222,0.6013912838957568,530452.55,0.22462329571231204,34.463033992937895,0.1849994659423828,0.3440545923249036,0.022283329124051853,32.78582285298956,11.121575365112058,32.1424435421308,16.138350105285646,0.6013912838957568,17.34113267307716,14.935567537494132,0.14905892609153112,-0.37565027256116146,-0.33890310574760774,-0.03674716681355372,17.34000015258789,15.270000457763672,15.270000457763672,-0.07875898749833132,-0.10931638904940866,-0.01530616837508969,-0.05565754005227885,0.02586780419663659,0.8614310265634838,0.08901244264211444,1.674585278946237,-0.03410336026827798,-0.08440018553487105,0.15404049154890687,-1.1612248856991998,1750.157717150294
2025-06-30 18:30:00,15.420000076293944,15.484999656677246,15.220000267028809,15.260000228881836,412150,1h,1H,yfinance,730d,2026-04-02T03:04:46Z,-0.011657989403714542,-0.011657989403714542,15.916085222402456,16.09335012435913,16.812062034606935,16.87759599685669,14.639190983772277,15.916085222402456,16.812062034606935,16.87759599685669,14.639190983772277,0.01862862341549561,0.631029292319003,526077.0,0.7834404469307725,31.94958519178178,0.2649993896484375,0.33840779213372746,0.022176132834732205,34.19496197390861,10.499500301452269,33.72174203403942,16.09335012435913,0.631029292319003,17.355408708997135,14.831291539721125,0.15684224538528307,-0.38721597919723827,-0.3485656804375339,-0.03865029875970438,17.34000015258789,15.270000457763672,15.270000457763672,-0.05744288292143129,-0.11715358035328272,-0.01928021739360941,-0.05569304622700233,0.02563889790853957,0.8649409547103029,0.08901244264211444,1.762026080060366,-0.04122150543634673,-0.09231834872666089,0.14842835599612791,-1.3206199864585884,1750.157717150294
2025-06-30 19:30:00,15.25,15.619999885559082,15.239999771118164,15.579999923706056,854140,1h,1H,yfinance,730d,2026-04-02T03:04:46Z,0.020969835519305757,0.020969835519305757,15.884077098717086,16.013715076446534,16.767462043762208,16.87839599609375,14.666715984344483,15.884077098717086,16.767462043762208,16.87839599609375,14.666715984344483,0.01253341810796425,0.5888826244996899,519750.05,1.6433668452749548,40.287291824274064,0.38000011444091797,0.3413786722985268,0.021911339792697646,34.79653968950294,12.489375128728037,31.040541430238466,16.013715076446534,0.5888826244996899,17.191480325445912,14.835949827447154,0.1470945677972843,-0.36633767137118234,-0.3521200786242636,-0.01421759274691875,17.34000015258789,15.220000267028809,15.220000267028809,-0.030304559181536073,-0.09365913672671233,0.0005073328707485558,-0.09274609563165892,0.025595181006026327,0.8560728594784569,0.09873366840154585,1.4898116334445979,-0.01914352172438072,-0.07081943092860066,0.14323220424122884,-0.7365052638612974,1750.157717150294
2025-07-01 13:30:00,15.289999961853027,15.446900367736816,14.70199966430664,14.829999923706056,1354569,1h,1H,yfinance,730d,2026-04-02T03:04:46Z,-0.04813863951686048,-0.04813863951686048,15.783688796335083,15.90671510696411,16.698662033081053,16.867745990753175,14.690565981864928,15.783688796335083,16.698662033081053,16.867745990753175,14.690565981864928,0.0156631148775404,0.5997239806959864,555869.1,2.436848891222772,30.771233056115946,0.8780002593994158,0.379708785662876,0.025604098962664443,36.247982473508785,10.426577265733314,36.034294586011946,15.90671510696411,0.5997239806959864,17.106163068356082,14.707267145572137,0.15081026513976387,-0.40563429434084064,-0.362822921767579,-0.04281137257326162,17.34000015258789,15.220000267028809,15.220000267028809,-0.06494323803705426,-0.11935868234377345,-0.04353435574026121,-0.12610486012008082,0.025586334847696367,1.0006942813448592,0.1099333238213835,1.3718339434982976,-0.060422432609699595,-0.11190490026524669,0.13669289894583092,-1.795351224755952,1750.157717150294
2025-07-01 14:30:00,14.8100004196167,15.0,14.729999542236328,14.90999984741211,780600,1h,1H,yfinance,730d,2026-04-02T03:04:46Z,0.0053944655507496275,0.0053944655507496275,15.700480325009085,15.794215106964112,16.619962043762207,16.859464988708496,14.715040979385376,15.700480325009085,16.619962043762207,16.859464988708496,14.715040979385376,0.015382176293004174,0.5640465729184407,573938.95,1.360074969646162,32.60001462512345,0.2700004577636719,0.3718724765272186,0.024941145562235773,37.59575077294278,9.885842622167512,34.16551339900158,15.794215106964112,0.5640465729184407,16.922308252800992,14.66612196112723,0.1428489023603931,-0.42541787347338555,-0.37534191210874035,-0.050075961364645205,17.229900360107422,14.70199966430664,14.70199966430664,-0.056920057700977744,-0.1364031060231785,-0.04054054800433826,-0.13111888228479918,0.025408674345768684,0.9815996388803823,0.11648019301129695,1.226379341134323,-0.050347534676237315,-0.10288604702270543,0.1294540101550159,-1.5676281037875517,1750.157717150294
2025-07-01 15:30:00,14.920000076293944,15.289899826049805,14.920000076293944,15.199999809265137,616644,1h,1H,yfinance,730d,2026-04-02T03:04:46Z,0.019450031175108462,0.019450031175108462,15.652815513985852,15.711695051193237,16.546762027740478,16.84081498146057,14.740665979385376,15.652815513985852,16.546762027740478,16.84081498146057,14.740665979385376,0.01617223868937842,0.5227017732322099,583061.05,1.0575976563689171,38.90092005883453,0.3798999786376953,0.37244586953510983,0.02450301804004537,37.519689802087946,14.725347647900925,31.676277690615734,15.711695051193237,0.5227017732322099,16.757098597657656,14.666291504728818,0.13307329897355982,-0.4129358616092009,-0.3828607020088325,-0.03007515960036844,17.229900360107422,14.70199966430664,14.70199966430664,-0.016817608553706065,-0.13439633988910227,-0.015544027049267939,-0.09794432327126168,0.02519195902527086,0.9726523457530877,0.12345998924831084,1.0778657910451788,-0.02892870642448464,-0.08139128466448653,0.12252472519768798,-0.9789429998753418,1750.157717150294
2025-07-01 16:30:00,15.199999809265137,15.289999961853027,15.109999656677246,15.175000190734863,344964,1h,1H,yfinance,730d,2026-04-02T03:04:46Z,-0.0016447117660511879,-0.0016447117660511879,15.607309292723853,15.63944501876831,16.47166202545166,16.825814990997316,14.765990982055664,15.607309292723853,16.47166202545166,16.825814990997316,14.765990982055664,0.01606209493114155,0.4910684015363347,587262.85,0.5874098795794762,38.56620886816487,0.18000030517578125,0.3586997577951578,0.02363754552136104,37.44862711418181,14.199529161879909,30.540879327254117,15.63944501876831,0.4910684015363347,16.62158182184098,14.65730821569564,0.12559739835960226,-0.4004449573635043,-0.38637755307976684,-0.014067404283737428,16.889999389648438,14.70199966430664,14.70199966430664,-0.032206639324759534,-0.14458847877547787,-0.005570120371695464,-0.08694347626550336,0.025038142826984213,0.9440614539464279,0.12644577168177273,0.993290615329506,-0.02769914364358328,-0.07872076495457614,0.11551348266897965,-0.9457843888558196,1750.157717150294
2025-07-01 17:30:00,15.1899995803833,15.204999923706056,14.93000030517578,14.9399995803833,542872,1h,1H,yfinance,730d,2026-04-02T03:04:46Z,-0.015486036731323538,-0.015486036731323538,15.543755986786657,15.550945043563843,16.39686201095581,16.80921498298645,14.789115982055664,15.543755986786657,16.39686201095581,16.80921498298645,14.789115982055664,0.01606901206871786,0.44774191791737794,594202.15,0.9136150045906094,35.47614750790852,0.274999618530277,0.3527211764190949,0.023609182485000144,37.742747539748486,13.408765934256808,32.48519229160382,15.550945043563843,0.44774191791737794,16.4464288793986,14.655461207729086,0.11516777061795039,-0.4048416485111481,-0.3900703721660431,-0.014771276345105,16.889999389648438,14.70199966430664,14.70199966430664,-0.047193922856507475,-0.1637279724718288,-0.04107832775717479,-0.10592457217631346,0.02472208180114057,0.9549835921953351,0.12644577168177273,0.9108076061870555,-0.038842375479684166,-0.08885007567905889,0.10871143554833851,-1.3645036096291527,1750.157717150294
2025-07-01 18:30:00,14.9399995803833,15.119999885559082,14.869999885559082,15.024999618530272,662823,1h,1H,yfinance,730d,2026-04-02T03:04:46Z,0.0056894270772656075,0.0056894270772656075,15.494350618381286,15.464195013046265,16.318770008087156,16.794764986038206,14.810540981292725,15.494350618381286,16.318770008087156,16.794764986038206,14.810540981292725,0.01615042245568656,0.3656329644794079,603982.55,1.097420778133408,37.42899399896492,0.25,0.3453839495320167,0.02298728507826756,38.1315637651709,12.715501961942955,32.04649705442017,15.464195013046265,0.3656329644794079,16.19546094200508,14.732929084087449,0.09457536306828626,-0.39689213968904546,-0.39143472567064364,-0.005457414018401829,16.889999389648438,14.70199966430664,14.70199966430664,-0.03438308397549561,-0.17217631215868057,0.013149001741564748,-0.10352032139962075,0.02472208180114057,0.9298280485912406,0.12644577168177273,0.7479519624136185,-0.03029175029085851,-0.07928112161123213,0.10183483700558171,-1.201192007239621,1750.157717150294
2025-07-01 19:30:00,15.029999732971191,15.039999961853027,14.850000381469728,14.920000076293944,1218630,1h,1H,yfinance,730d,2026-04-02T03:04:46Z,-0.006988322456050633,-0.006988322456050633,15.43965056675392,15.400694990158081,16.23607000350952,16.777064981460573,14.832015981674195,15.43965056675392,16.23607000350952,16.777064981460573,14.832015981674195,0.014764379896296321,0.34369017377576216,625412.9,1.948520729265418,35.98033558204902,0.189999580383299,0.334285066021394,0.022405165168365656,38.532591746270846,12.199274457186888,31.172805064350534,15.400694990158081,0.34369017377576216,16.088075337709604,14.713314642606557,0.08926614649414182,-0.39451693654882725,-0.39205116784628036,-0.002465768702546889,16.84000015258789,14.70199966430664,14.729999542236328,-0.04187615174176729,-0.1752394610868223,0.0006707061692940997,-0.078443509318735,0.024464284789360795,0.9158316035508782,0.12644577168177273,0.7059638713645464,-0.033656881560450325,-0.08105840433867939,0.09466373442221987,-1.3986286211888133,1750.157717150294
2025-07-02 13:30:00,14.920000076293944,15.1899995803833,14.479999542236328,14.859999656677246,1220787,1h,1H,yfinance,730d,2026-04-02T03:04:46Z,-0.004021475825059184,-0.004021475825059184,15.38444571817519,15.34034996032715,16.15207000732422,16.755664978027344,14.852440981864929,15.38444571817519,16.15207000732422,16.755664978027344,14.852440981864929,0.014740873261041839,0.3269671428071743,657331.85,1.8571852253926233,35.14328489324802,0.7100000381469727,0.3611218497446496,0.024301605524087735,39.56432456403785,10.486064569702602,34.11352025686515,15.34034996032715,0.3269671428071743,15.994284245941497,14.686415674712801,0.08525676236924674,-0.39294646116282017,-0.39223022650958833,-0.0007162346532318398,16.219999313354492,14.70199966430664,14.850000381469728,-0.04159951325398159,-0.17260576758467205,-0.0223684313719954,-0.07511720229737995,0.024363578531381977,0.9974563257522118,0.12644577168177273,0.6742555423981534,-0.034089369945799364,-0.07999410292681242,0.08750272275420312,-1.46910879033856,1750.157717150294
2025-07-02 14:30:00,14.859999656677246,14.869999885559082,14.67739963531494,14.795000076293944,323760,1h,1H,yfinance,730d,2026-04-02T03:04:46Z,-0.004374130678670318,-0.004374130678670318,15.328308037996024,15.287099981307984,16.084570007324217,16.73291498184204,14.873665981292724,15.328308037996024,16.084570007324217,16.73291498184204,14.873665981292724,0.014594441433232094,0.3247160092524827,635541.2,0.5094240939847803,34.214661239842044,0.1926002502441424,0.34908459263747055,0.02359476788356422,40.52236218053578,10.072816667127725,32.76913213090162,15.287099981307984,0.3247160092524827,15.93653199981295,14.637667962803018,0.08496471133165172,-0.3924231610913935,-0.3922688134259494,-0.00015434766544414336,16.079999923706055,14.479999542236328,14.479999542236328,-0.04794079069420076,-0.16975306792002243,-0.025041193388118055,-0.06715003804775777,0.024251253574365455,0.9729298244815202,0.12644577168177273,0.671945848418587,-0.0347923567545817,-0.0801743491086836,0.08141261391472021,-1.5154778051962579,1750.157717150294
2025-07-02 15:30:00,14.779999732971191,14.789999961853027,14.5246000289917,14.609999656677246,366477,1h,1H,yfinance,730d,2026-04-02T03:04:46Z,-0.012504252697715379,-0.012504252697715379,15.259897715965664,15.227104949951173,16.02667001724243,16.712214975357057,14.894115977287292,15.259897715965664,16.02667001724243,16.712214975357057,14.894115977287292,0.014729454313749009,0.33331414242889984,620955.5,0.5901823882709791,31.651158188412595,0.2704000473022443,0.3434642679706687,0.02350884846281939,41.65670879709599,9.506384257027692,34.10409856236561,15.227104949951173,0.33331414242889984,15.893733234808971,14.560476665093374,0.08755811259578092,-0.402298977573615,-0.39427484625548254,-0.008024131318132455,15.942500114440918,14.479999542236328,14.479999542236328,-0.05375647320357313,-0.17967433493664142,-0.022088348927355783,-0.07589552151475076,0.023919223573002107,0.9828432930136615,0.12644577168177273,0.6924558364524774,-0.042588624864009605,-0.08839455476658897,0.07604036665769365,-1.851422471236914,1750.157717150294
2025-07-02 16:30:00,14.609999656677246,14.899999618530272,14.609999656677246,14.899999618530272,218959,1h,1H,yfinance,730d,2026-04-02T03:04:46Z,0.019849416062134306,0.019849416062134306,15.225621706686104,15.199104928970337,15.97287000656128,16.69451497077942,14.916515974998473,15.225621706686104,15.97287000656128,16.69451497077942,14.916515974998473,0.014961073075203772,0.3360836282163971,599855.55,0.3650195451221548,39.32544623520253,0.28999996185302557,0.33964538896226565,0.02279499313140037,42.112682456506136,11.23993907283379,32.02415880260285,15.199104928970337,0.3360836282163971,15.871272185403132,14.526937672537542,0.08844826844396697,-0.3823179368056149,-0.391883464365509,0.00956552755989415,15.880000114440918,14.479999542236328,14.479999542236328,-0.023591127454258398,-0.18445543266537512,-0.00831946776529946,-0.03622253675516951,0.023623364003180592,0.9649342544241923,0.12644577168177273,0.699495659424386,-0.021386455964083173,-0.06716829145859815,0.07081774546639164,-0.8899728678466838,1750.157717150294
2025-07-02 17:30:00,14.899999618530272,15.609999656677246,14.878199577331545,15.414999961853027,1299730,1h,1H,yfinance,730d,2026-04-02T03:04:46Z,0.034563782315959246,0.034563782315959246,15.243657730987715,15.1858549118042,15.938969993591309,16.68436496734619,14.940515975952149,15.243657730987715,15.938969993591309,16.68436496734619,14.940515975952149,0.016610986840858946,0.3217827797110597,640932.95,2.0278720262392502,50.05116815868643,0.7318000793457013,0.3676564382753682,0.023850563683762246,39.670833927802846,23.4358389429534,27.471134466183894,15.1858549118042,0.3217827797110597,15.82942047122632,14.54228935238208,0.08475855500527224,-0.3212237272003158,-0.3777515169324704,0.05652778973215461,15.880000114440918,14.479999542236328,14.479999542236328,-0.0105904982452516,-0.18201111575901197,0.03317693585977777,-0.016900531770734695,0.023623364003180592,1.0096175837002328,0.12644577168177273,0.6703154552181064,0.011240230782471716,-0.03287351892556156,0.06682861684604768,0.7121109782648584,1750.157717150294
2025-07-02 18:30:00,15.401200294494627,15.640000343322754,15.31999969482422,15.604999542236328,348563,1h,1H,yfinance,730d,2026-04-02T03:04:46Z,0.012325629636943614,0.012325629636943614,15.278071236820917,15.182104873657227,15.928129997253418,16.677914962768554,14.965165972709656,15.278071236820917,15.928129997253418,16.677914962768554,14.965165972709656,0.016852892951169988,0.3163940930294988,628054.25,0.5549886813121637,53.32907183127262,0.3200006484985334,0.36425245329130856,0.023342035499932356,37.30950706400545,22.55352014873611,25.747294553049553,15.182104873657227,0.3163940930294988,15.814893059716224,14.54931668759823,0.08335974376740878,-0.25454056252512736,-0.3531093260510018,0.09856876352587446,15.880000114440918,14.479999542236328,14.479999542236328,0.05225890913805187,-0.1725875377930094,0.05013458295904605,-0.004783211829064493,0.023601975184282184,0.9889865283595868,0.12644577168177273,0.6592529165562059,0.021398532599291586,-0.020286779118001252,0.0643470327225113,1.3366073447511315,1750.157717150294
2025-07-02 19:30:00,15.604999542236328,15.75,15.300000190734863,15.479999542236328,929161,1h,1H,yfinance,730d,2026-04-02T03:04:46Z,-0.008010253358974873,-0.008010253358974873,15.297302504003337,15.178104829788207,15.912129974365234,16.668176956176758,14.988990969657898,15.297302504003337,15.912129974365234,16.668176956176758,14.988990969657898,0.016861078615922304,0.3120673505008129,621885.85,1.494102173252535,50.959665866699446,0.4499998092651367,0.3703772644322963,0.02392618058041554,34.767408590722674,22.71761651831217,23.51283974351044,15.178104829788207,0.3120673505008129,15.802239530789834,14.553970128786581,0.08224145346218897,-0.2093666806568173,-0.3243607969721649,0.11499411631534762,15.880000114440918,14.479999542236328,14.5246000289917,0.0382293561809226,-0.1822504335615972,0.046299389145658676,-0.0051414444230678535,0.023601975184282184,1.0137363671303774,0.12038258448877633,0.6831673685312565,0.011943088540295133,-0.027157296529444985,0.061587801779054985,0.9674024275965851,1750.157717150294
2025-07-03 13:30:00,15.80500030517578,15.949899673461914,15.309900283813477,15.510000228881836,1317623,1h,1H,yfinance,730d,2026-04-02T03:04:46Z,0.001938028910378975,0.001938028910378975,15.317559430182241,15.174999856948853,15.892129974365234,16.65857696533203,15.014040970802307,15.317559430182241,15.892129974365234,16.65857696533203,15.014040970802307,0.0168660449309232,0.308419391196818,670864.35,1.9640676986338594,51.51643590384344,0.6399993896484375,0.3896359876620207,0.02512159780220137,32.75987992770131,23.716847084570194,20.75418375960026,15.174999856948853,0.308419391196818,15.791838639342489,14.558161074555217,0.08129671014279137,-0.16919487592038784,-0.2933276127618095,0.12413273684142168,15.75,14.479999542236328,14.5246000289917,0.020394764704387613,-0.16970021544462255,0.06160168332332994,-0.00398786663588202,0.023601975184282184,1.064385400207148,0.10487156684311832,0.7752025891289147,0.01256341126513938,-0.02404521899202894,0.05848452160684392,1.0861845315011416,1750.157717150294
2025-07-03 14:30:00,15.539999961853027,15.539999961853027,15.289999961853027,15.40999984741211,399661,1h,1H,yfinance,730d,2026-04-02T03:04:46Z,-0.006447477755900488,-0.006447477755900488,15.326363279442228,15.170249843597412,15.878029975891113,16.64447696685791,15.038965969085693,15.326363279442228,15.878029975891113,16.64447696685791,15.038965969085693,0.016899410556276587,0.3040003281544642,676567.5,0.5907185905323563,49.49911488586682,0.25,0.3796619885433049,0.024637377826260246,30.829028280328,22.601341347124283,20.152424104137236,15.170249843597412,0.3040003281544642,15.77825049990634,14.562249187288485,0.08015697336264159,-0.14377033140458373,-0.2634161564903644,0.11964582508578064,15.949899673461914,14.479999542236328,14.609999656677246,0.01548597388622941,-0.18593102647754123,0.03422820415697059,-0.00612707296534154,0.023601975184282184,1.043869321694211,0.09192075478121403,0.8720225758962478,0.005457039380116102,-0.02947658677995013,0.05579266610019684,0.788650477024744,1750.157717150294
2025-07-03 15:30:00,15.40999984741211,15.420000076293944,15.220000267028809,15.335000038146973,357197,1h,1H,yfinance,730d,2026-04-02T03:04:46Z,-0.004866957171172914,-0.004866957171172914,15.327185827890299,15.15999984741211,15.853329982757568,16.635376958847047,15.064440970420838,15.327185827890299,15.853329982757568,16.635376958847047,15.064440970420838,0.0169197009592041,0.29467356672923134,684423.1,0.5218950090959817,47.9815520529641,0.19999980926513494,0.36682897573772133,0.023921028681135083,28.793617818723835,21.721160068121588,20.73063993723814,15.15999984741211,0.29467356672923134,15.749346980870571,14.570652713953647,0.07775028224146938,-0.1281952989030426,-0.23637198497290002,0.10817668606985742,15.949899673461914,14.479999542236328,14.878199577331545,0.026439121074830485,-0.19522436145111843,-0.005189745306780957,-0.01319175831462549,0.023623364003180592,1.012600435649826,0.0888572074690544,0.8750025400983579,0.0005098268099845704,-0.03269533562818305,0.05236762611275925,0.5938781434565078,1750.157717150294
2025-07-07 13:30:00,15.350000381469728,15.399999618530272,14.9399995803833,15.056699752807615,1050362,1h,1H,yfinance,730d,2026-04-02T03:04:46Z,-0.01814804595024877,-0.01814804595024877,15.301425249310995,15.140834856033326,15.819263973236083,16.62474394798279,15.087674469947816,15.301425249310995,15.819263973236083,16.62474394798279,15.087674469947816,0.017312470273769236,0.2882338755046766,730983.6,1.4369159581692394,42.74470652010922,0.4600000381469709,0.3734840516240963,0.024805173627404833,27.458413146153713,19.81024763300396,24.26186234004595,15.140834856033326,0.2882338755046766,15.71730260704268,14.564367105023972,0.07614741941124104,-0.1367323155867073,-0.21644405109566148,0.07971173550895419,15.949899673461914,14.479999542236328,15.220000267028809,0.0021098259622083226,-0.21003671696256432,-0.03513616183997248,-0.024825119040979282,0.023744054602561643,1.0446898831140958,0.08800319051987394,0.8652802126991578,-0.01599364062601938,-0.048204785110016246,0.04848921579965659,-0.29189873354891416,1750.157717150294
2025-07-07 14:30:00,15.06999969482422,15.130000114440918,14.869999885559082,14.890000343322754,311608,1h,1H,yfinance,730d,2026-04-02T03:04:46Z,-0.011071444089451044,-0.011071444089451044,15.262241924931162,15.122334861755371,15.784763984680175,16.609993953704834,15.110124473571778,15.262241924931162,15.784763984680175,16.609993953704834,15.110124473571778,0.017295057401697764,0.2918431008850336,725956.5,0.42923784000832005,39.93322671042298,0.26000022888183594,0.36537806428536346,0.02453848595438166,26.421986993697484,18.80333189631333,24.39711944739771,15.122334861755371,0.2918431008850336,15.706021063525439,14.538648659985304,0.07719524889588568,-0.15516061698624206,-0.2041873642737776,0.04902674728753553,15.949899673461914,14.5246000289917,14.9399995803833,-0.0020107059529346216,-0.18051732081446414,-0.038113644467740015,-0.02424638794295708,0.023885796182448665,1.0273254350387782,0.08640743748251384,0.893386624403803,-0.024389705224128644,-0.05668527209059504,0.044648176941783024,-0.7960939207678634,1750.157717150294
2025-07-07 15:30:00,14.890000343322754,14.920000076293944,14.520000457763672,14.779999732971191,364287,1h,1H,yfinance,730d,2026-04-02T03:04:46Z,-0.007387549215261857,-0.007387549215261857,15.216314097125451,15.082334852218628,15.745863971710206,16.593043947219847,15.129424471855163,15.216314097125451,15.745863971710206,16.593043947219847,15.129424471855163,0.01657707261176956,0.28099679063063904,701463.85,0.5193239822693643,38.150053630476584,0.39999961853027166,0.36785103244571404,0.02488843295613279,26.365627789923174,17.34285606657775,29.298386163889106,15.082334852218628,0.28099679063063904,15.644328433479906,14.52034127095735,0.07452341918779354,-0.17660551016792603,-0.19867099345260728,0.022065483284681248,15.949899673461914,14.5246000289917,14.869999885559082,-0.005383575070952773,-0.15566978340123916,-0.04706644004758165,-0.051347894393607096,0.02392360463077531,1.04032955485798,0.08511073685044923,0.8756053812428036,-0.028674116567867447,-0.06134082197549362,0.040744411725759155,-1.075937979821434,1750.157717150294
2025-07-07 16:30:00,14.774999618530272,14.79990005493164,14.670000076293944,14.770000457763672,257254,1h,1H,yfinance,730d,2026-04-02T03:04:46Z,-0.0006765409599577277,-0.0006765409599577277,15.173808036233853,15.07933487892151,15.707763996124267,16.577543954849244,15.146924471855163,15.173808036233853,15.707763996124267,16.577543954849244,15.146924471855163,0.01285149249544024,0.2839792059210333,646598.1,0.39785764913320965,37.98401160013237,0.1298999786376971,0.3508545286022843,0.02375453742236425,26.313294243561316,16.88421326961249,28.523571812366562,15.07933487892151,0.2839792059210333,15.647293290763576,14.511376467079442,0.07532937180617719,-0.19219212922804552,-0.19737522060769494,0.005183091379649424,15.949899673461914,14.520000457763672,14.520000457763672,-0.001689734261666409,-0.16031834396597955,-0.04153143387317526,-0.004045817009511565,0.023885796182448665,0.9945047358236748,0.08486163316846199,0.8876728975582882,-0.026612144921427827,-0.05970063839716333,0.03702662710910132,-1.0892854642457679,1750.157717150294
2025-07-07 17:30:00,14.76360034942627,14.859999656677246,14.729999542236328,14.789999961853027,171735,1h,1H,yfinance,730d,2026-04-02T03:04:46Z,0.0013540625233252612,0.0013540625233252612,15.137254886292821,15.073334884643554,15.669063987731933,16.55964395523071,15.165224471092223,15.137254886292821,15.669063987731933,16.55964395523071,15.165224471092223,0.012794838492305963,0.28872167658688497,616154.85,0.27872051968754286,38.5599944042621,0.13000011444091797,0.3350792133050438,0.022655795413745357,26.011638914286024,17.69745605046269,27.733125968809368,15.073334884643554,0.28872167658688497,15.650778237817324,14.495891531469784,0.07661786294711186,-0.2006182420773861,-0.19802382490163317,-0.0025944171757529277,15.949899673461914,14.520000457763672,14.520000457763672,0.012320349719756152,-0.1355932534037978,-0.0355396201459548,-0.008048282145348917,0.023802550553063247,0.9518221739825142,0.08405914938634051,0.9114755919664606,-0.022940416016528964,-0.05610188499882107,0.03322334711234398,-0.9813427455117409,1750.157717150294
2025-07-07 18:30:00,14.779999732971191,15.119999885559082,14.779999732971191,15.045000076293944,434104,1h,1H,yfinance,730d,2026-04-02T03:04:46Z,0.017241387092536975,0.017241387092536975,15.128468713911975,15.065584897994995,15.638964004516602,16.542993965148927,15.184724469184875,15.128468713911975,15.638964004516602,16.542993965148927,15.184724469184875,0.01263220006505663,0.2872944258941159,607027.85,0.7151302860321812,45.50919578622971,0.3400001525878906,0.3354307089681043,0.022295161666142805,24.71883704615664,21.952728152088763,25.72520284851046,15.065584897994995,0.2872944258941159,15.640173749783226,14.490996046206764,0.07627833312528086,-0.18459176019964652,-0.19533741196123586,0.010745651761589342,15.949899673461914,14.520000457763672,14.520000457763672,0.009731574595702952,-0.06824793005356466,-0.0007770412311961516,-0.010197350981327902,0.023696041471862647,0.9408812730437155,0.08280059861479888,0.9212292471475888,-0.005517322287963866,-0.037979749045468636,0.02991424284671984,-0.07165061291038846,1750.157717150294
2025-07-07 19:30:00,15.045000076293944,15.15999984741211,14.975000381469728,15.15999984741211,494786,1h,1H,yfinance,730d,2026-04-02T03:04:46Z,0.00764372020837456,0.00764372020837456,15.131471679007225,15.064834880828858,15.616674003601075,16.525148963928224,15.20497447013855,15.131471679007225,15.616674003601075,16.525148963928224,15.20497447013855,0.012749325592611264,0.287027260801974,614518.95,0.8051598734261979,48.346616343449845,0.18499946594238104,0.32468562018055264,0.021417257483414696,23.37287813856643,21.9392542836086,24.678223314983455,15.064834880828858,0.287027260801974,15.638889402432806,14.49078035922491,0.07621119330481022,-0.16075801903587106,-0.1884215333761629,0.02766351434029185,15.949899673461914,14.520000457763672,14.520000457763672,-0.016542336365355736,-0.06879611744440128,0.018132941428065985,-0.0009884904866038768,0.023681859953682195,0.9043739607152188,0.08176908180249018,0.9320294618067889,0.0018853531903617604,-0.02924272838657327,0.02707663431274221,0.3315537566618368,1750.157717150294
2025-07-08 13:30:00,15.244999885559082,15.279999732971191,14.890000343322754,15.175000190734863,405687,1h,1H,yfinance,730d,2026-04-02T03:04:46Z,0.0009894685668689895,0.0009894685668689895,15.135617251552715,15.076584911346435,15.590673999786377,16.507498960494996,15.225899472236634,15.135617251552715,15.590673999786377,16.507498960494996,15.225899472236634,0.012242281838938976,0.28648597241363916,607659.7,0.6676220259464303,48.72169560809092,0.3899993896484375,0.3293508894282587,0.021703517976187227,21.71840822502357,22.68611139959408,22.590894151688264,15.076584911346435,0.28648597241363916,15.649556856173714,14.503612966519157,0.07600818729128339,-0.1390562512033373,-0.1785484769415978,0.0394922257382605,15.949899673461914,14.520000457763672,14.520000457763672,-0.027555229997773045,-0.08086008598664851,0.02672533592016957,0.01572962630200636,0.023674652652964236,0.9167407139749436,0.08072684175271648,0.9415478871837036,0.0026020041685521633,-0.026661695899562132,0.023957502689078147,0.3435256482517491,1750.157717150294
2025-07-08 14:30:00,15.175000190734863,15.550000190734863,15.170000076293944,15.199999809265137,577262,1h,1H,yfinance,730d,2026-04-02T03:04:46Z,0.001647421299245666,0.001647421299245666,15.141748923715802,15.085334920883179,15.562473983764649,16.488798961639404,15.246124472618103,15.141748923715802,15.562473983764649,16.488798961639404,15.246124472618103,0.012194072393527027,0.287447663849549,603381.65,0.9567112291200768,49.38140284873306,0.38000011444091975,0.3329686912148773,0.021905835223229198,21.05350424634902,26.628850361721803,20.749334829346818,15.085334920883179,0.287447663849549,15.660230248582277,14.510439593184081,0.07621910030028557,-0.11847448346086509,-0.1665336782454513,0.0480591947845862,15.949899673461914,14.520000457763672,14.670000076293944,-0.01808783858211538,-0.05677939651559416,0.029113022218996587,0.011647267565919828,0.023674652652964236,0.9252864464090218,0.07895362780205548,0.9653653976657585,0.0038470381356079386,-0.02329155215794476,0.020749503371476852,0.3989070109192942,1750.157717150294
2025-07-08 15:30:00,15.210000038146973,15.732500076293944,15.199999809265137,15.59000015258789,825765,1h,1H,yfinance,730d,2026-04-02T03:04:46Z,0.02565791764582981,0.02565791764582981,15.184439516941715,15.118834924697875,15.546674003601074,16.474398956298828,15.268124475479127,15.184439516941715,15.546674003601074,16.474398956298828,15.268124475479127,0.013205087683195805,0.3047482214218662,583738.4,1.4146148343161937,58.377634743044446,0.5325002670288068,0.347220946630158,0.022272029713387813,20.947353106876296,27.466134983912095,18.47638391837992,15.118834924697875,0.3047482214218662,15.728331367541607,14.509338481854144,0.08062743536515084,-0.06988789179117738,-0.14720452095459652,0.07731662916341914,15.949899673461914,14.520000457763672,14.729999542236328,0.005157957609638331,-0.05914300303472175,0.05409061479366173,0.044906171103745285,0.023674652652964236,0.9407542336465576,0.07895362780205548,1.021199881622815,0.026708963158875942,0.0027868436024824916,0.018243860178720928,1.5460803206387752,1750.157717150294
2025-07-08 16:30:00,15.59000015258789,15.890000343322754,15.489999771118164,15.836000442504885,378196,1h,1H,yfinance,730d,2026-04-02T03:04:46Z,0.015779364176347288,0.015779364176347288,15.246492938423922,15.167634963989258,15.536394004821778,16.461358966827394,15.29087947845459,15.246492938423922,15.536394004821778,16.461358966827394,15.29087947845459,0.01343540847752129,0.3359413175287553,541608.85,0.698282533603356,62.861294159002625,0.40000057220458984,0.3509909198854746,0.022164114048859932,21.254320751737296,28.4355448793146,16.97236370407695,15.167634963989258,0.3359413175287553,15.839517599046768,14.495752328931747,0.08859425172779845,-0.011401075853843423,-0.1200438319344459,0.10864275608060248,15.949899673461914,14.520000457763672,14.779999732971191,0.027644425652886495,-0.05513125141756614,0.0525756305882179,0.06567973138472305,0.023551808173191805,0.9410790834348152,0.07895362780205548,1.122104888579825,0.038665121642190714,0.019284168359152254,0.016056272414750605,1.9895304436865444,1750.157717150294
2025-07-08 17:30:00,15.81999969482422,15.979999542236328,15.68000030517578,15.6899995803833,590983,1h,1H,yfinance,730d,2026-04-02T03:04:46Z,-0.009219554056699053,-0.009219554056699053,15.288731666229577,15.212384939193726,15.526993999481201,16.444158964157104,15.312004475593566,15.288731666229577,15.526993999481201,16.444158964157104,15.312004475593566,0.013613663195787091,0.34286208625159564,554970.0,1.0648917959529345,58.812026467584886,0.29999923706054865,0.3473486568265513,0.022138219637738557,21.761649170534678,28.532046953555973,15.925310330251188,15.212384939193726,0.34286208625159564,15.898109111696916,14.526660766690535,0.09015340792967537,0.022905062456066716,-0.09145405305634338,0.1143591155124101,15.949899673461914,14.520000457763672,14.890000343322754,0.02314962773741369,-0.05567259726014506,0.03496040490143315,0.0604933761050408,0.023425441981375875,0.9450502430365793,0.07895362780205548,1.1418526347604805,0.026245991028808646,0.010498205957157447,0.01404058653655138,1.3930226185437626,1750.157717150294
2025-07-08 18:30:00,15.695300102233888,15.879899978637695,15.6899995803833,15.835000038146973,470971,1h,1H,yfinance,730d,2026-04-02T03:04:46Z,0.009241584553320248,0.009241584553320248,15.340757225459805,15.273634958267213,15.500239982604981,16.426258964538576,15.333954477310181,15.340757225459805,15.500239982604981,16.426258964538576,15.333954477310181,0.013191165267592649,0.33917830413353556,560194.7,0.8407273399766189,61.466796593596314,0.18990039825439453,0.33610235264282584,0.021225282717596813,22.232739845132244,27.380559481087964,15.282601611514687,15.273634958267213,0.33917830413353556,15.951991566534284,14.595278350000141,0.08882713383167443,0.06108905277738863,-0.06094543188959698,0.1220344846669856,15.979999542236328,14.520000457763672,14.890000343322754,0.05169129345188872,-0.05321377118226078,0.043492575889064744,0.08384670843642783,0.023068514315666363,0.9200975159107768,0.07895362780205548,1.1250544947012797,0.032217628205921445,0.021597088555898036,0.010844267572390098,1.6550736678568594,1750.157717150294
2025-07-08 19:30:00,15.84000015258789,15.859999656677246,15.739999771118164,15.789999961853027,531492,1h,1H,yfinance,730d,2026-04-02T03:04:46Z,-0.0028418109368827382,-0.0028418109368827382,15.383542247973446,15.318134975433349,15.476639995574951,16.413358964920043,15.355779476165772,15.383542247973446,15.476639995574951,16.413358964920043,15.355779476165772,0.012758239498021967,0.34556206817083945,575821.35,0.9230154456759897,60.1706043140421,0.11999988555908203,0.32066646213684413,0.020308199044429414,22.670181185829986,26.648676625438934,14.874097390959681,15.318134975433349,0.34556206817083945,16.009259111775027,14.62701083909167,0.0902360682224145,0.08671936329312402,-0.031412472853052785,0.11813183614617681,15.979999542236328,14.670000076293944,15.170000076293944,0.06044322349084896,-0.053073422230844214,0.03881579999943541,0.05973156819520398,0.022998915456838857,0.8830068131926045,0.07895362780205548,1.1428995821274384,0.02642159441094427,0.020247286644108353,0.007870686056463017,1.3654999488728525,1750.157717150294
2025-07-09 13:30:00,16.25,16.5,15.979999542236328,16.1200008392334,909070,1h,1H,yfinance,730d,2026-04-02T03:04:46Z,0.020899358972616744,0.020899358972616744,15.453681161426776,15.353385019302369,15.455840015411377,16.40655898094177,15.379279479980468,15.453681161426776,15.455840015411377,16.40655898094177,15.379279479980468,0.011335430831815698,0.38710577270615176,556288.35,1.6341704801116184,65.85677529324752,0.7100000381469727,0.3484760032804248,0.021617616944056988,24.457730422999745,35.88880312057896,12.7094454256738,15.353385019302369,0.38710577270615176,16.127596564714672,14.579173473890066,0.10085222827916575,0.1321366923680678,0.0012973601911713303,0.13083933217689647,15.979999542236328,14.729999542236328,15.199999809265137,0.09066313467333398,-0.036173364928985596,0.0339961950903207,0.04573473104930348,0.022475478539944083,0.9618312199954951,0.07895362780205548,1.277360282063444,0.043117214005281346,0.042971512590695315,0.0049781613976500605,1.9803781653056365,1750.157717150294
2025-07-09 14:30:00,16.1200008392334,16.38949966430664,16.0,16.383899688720703,504476,1h,1H,yfinance,730d,2026-04-02T03:04:46Z,0.01637089551788473,0.01637089551788473,15.542273402121435,15.392330026626587,15.446509990692139,16.399297971725463,15.396998977661132,15.542273402121435,15.446509990692139,16.399297971725463,15.396998977661132,0.011546598941672977,0.4452714862347457,564084.0,0.8943277951510767,69.59502213162412,0.3894996643066406,0.35140626478229736,0.02144826759554801,26.117597571800236,33.04742830158813,11.703217993833348,15.392330026626587,0.4452714862347457,16.282872999096078,14.501787054157095,0.11571256215647355,0.1872659986694405,0.03849108788682517,0.14877491078261532,16.5,14.779999732971191,15.489999771118164,0.1092687326295041,-0.010036226948451743,0.03459833486397357,0.049913500117459986,0.02228359568976531,0.9625137654691446,0.07895362780205548,1.4655762550465234,0.0541507837897377,0.06068618080028587,0.0032156274805785756,2.226887848756981,1750.157717150294
2025-07-09 15:30:00,16.389999389648438,16.549999237060547,16.299999237060547,16.450000762939453,511029,1h,1H,yfinance,730d,2026-04-02T03:04:46Z,0.004034514094605646,0.004034514094605646,15.628723626961246,15.440830087661743,15.44310998916626,16.3879979801178,15.417448983192443,15.628723626961246,15.44310998916626,16.3879979801178,15.417448983192443,0.011293807416014795,0.501461377034717,543177.4,0.9408141796768422,70.46723648649777,0.25,0.3441629601549904,0.020921759525407577,27.930863212335744,34.663793035252645,11.095988106253197,15.440830087661743,0.501461377034717,16.443752841731175,14.437907333592308,0.12990528985495875,0.2335974098270608,0.0775123522748723,0.1560850575521885,16.5,14.890000343322754,15.68000030517578,0.11223805310128254,0.010783794949326353,0.04843857252273964,0.0626615794177856,0.022218071881123874,0.9416550471772654,0.07895362780205548,1.6453365535101707,0.05254921358782072,0.06520000016056038,0.0016644132243790466,2.012459426576822,1750.157717150294
2025-07-09 16:30:00,16.440000534057617,16.450000762939453,16.299999237060547,16.340099334716797,169224,1h,1H,yfinance,730d,2026-04-02T03:04:46Z,-0.00668093757601862,-0.00668093757601862,15.696473694366537,15.48233504295349,15.435711994171143,16.380198965072633,15.437699480056763,15.696473694366537,15.435711994171143,16.380198965072633,15.437699480056763,0.011492874293717422,0.5384569480069077,485757.45,0.34837139399508954,67.02459167406859,0.15000152587890625,0.3302942862781273,0.020213725725422703,29.614609878547288,33.53933652478961,10.736046075287115,15.48233504295349,0.5384569480069077,16.559248938967308,14.405421146939675,0.13911517778501434,0.25846780423960425,0.11370344266781869,0.14476436157178557,16.549999237060547,14.890000343322754,15.6899995803833,0.0860817050086633,-0.008188227230917722,0.03189765048014048,0.05352025103708247,0.022151166843299243,0.9125354825963663,0.07895362780205548,1.7619858853577925,0.041004473544988373,0.05859058143136964,-0.00012874236139825967,1.5930044081301415,1750.157717150294
2025-07-09 17:30:00,16.360000610351562,16.58799934387207,16.280000686645508,16.530000686645508,350429,1h,1H,yfinance,730d,2026-04-02T03:04:46Z,0.01162179911141914,0.01162179911141914,15.775857217440725,15.538335084915161,15.431112003326415,16.37074896812439,15.458899483680725,15.775857217440725,15.431112003326415,16.37074896812439,15.458899483680725,0.011450303169574584,0.5843102139960729,483295.85,0.7250817485811227,69.77258335312052,0.3079986572265625,0.32870174134587266,0.019885161989825498,31.41252192717612,34.29333911022285,10.017485890697266,15.538335084915161,0.5843102139960729,16.706955512907307,14.369714656923016,0.15041771484599517,0.2901564797395917,0.14899405008217328,0.1411624296574184,16.549999237060547,15.170000076293944,15.739999771118164,0.09036944940782865,-0.004816370907066547,0.04686515051173168,0.07268013305149301,0.022022027430483877,0.9029669067753301,0.07918885880331011,1.899480774430704,0.04780364444291818,0.07121254016445544,-0.001797507020706357,1.6971560277004016,1750.157717150294
2025-07-09 18:30:00,16.540000915527344,16.600000381469727,16.3302001953125,16.450000762939453,539789,1h,1H,yfinance,730d,2026-04-02T03:04:46Z,-0.00483968060392681,-0.00483968060392681,15.84006136463108,15.594085121154786,15.436312007904053,16.36084897041321,15.479249486923218,15.84006136463108,15.436312007904053,16.36084897041321,15.479249486923218,0.011449298631950936,0.6146542263757587,492425.45,1.0961842041267362,67.23079335094815,0.26980018615722656,0.3244944874038265,0.01972610774188454,33.10235260338409,32.52085786220343,9.422556224697813,15.594085121154786,0.6146542263757587,16.8233935739063,14.364776668403268,0.15766342728036656,0.3052954027588761,0.18025432061751387,0.12504108214136225,16.58799934387207,15.199999809265137,15.979999542236328,0.08401980600850623,0.004273602305213675,0.02047145822119867,0.0727095351821867,0.021804676599708212,0.9046732544590234,0.08461084354647463,1.8633950528310943,0.038506125971853544,0.06566910247190827,-0.00277387343975799,1.392515669877486,1750.157717150294
2025-07-09 19:30:00,16.450000762939453,16.469999313354492,16.274999618530273,16.420000076293945,460330,1h,1H,yfinance,730d,2026-04-02T03:04:46Z,-0.0018237498634710025,-0.0018237498634710025,15.895293622884685,15.662250137329101,15.443374004364014,16.35169898033142,15.49982448577881,15.895293622884685,15.443374004364014,16.35169898033142,15.49982448577881,0.010405458129491936,0.6267543159181153,462923.85,0.9943968106201485,66.25601366062091,0.19499969482421875,0.31524485936242597,0.01919883422032102,34.33637123155157,31.083979926525775,10.256978370932833,15.662250137329101,0.6267543159181153,16.915758769165333,14.40874150549287,0.1600675025421339,0.3112840152750955,0.20646025954903022,0.10482375572606531,16.600000381469727,15.489999771118164,16.0,0.0802631764695918,0.004281326800674057,0.002203406286605647,0.09054443177244842,0.021660567460122106,0.8863495499675516,0.08871069277973644,1.8043766487042585,0.03301017683962959,0.06323916468344004,-0.003642007783158374,1.209006335847623,1750.157717150294
2025-07-10 13:30:00,16.139999389648438,16.359500885009766,15.850000381469728,15.949999809265137,601666,1h,1H,yfinance,730d,2026-04-02T03:04:46Z,-0.02862364584926902,-0.02862364584926902,15.900503735873299,15.71525011062622,15.44517400741577,16.338348979949952,15.51762448310852,15.900503735873299,15.44517400741577,16.338348979949952,15.51762448310852,0.01224981198958601,0.6036004322565659,477426.75,1.2602268306080462,53.233981142056834,0.569999694824217,0.33344163332398247,0.020905431806355936,33.32813196836822,27.288528981565225,18.108737869807097,15.71525011062622,0.6036004322565659,16.922450975139352,14.508049246113089,0.15363431775061034,0.27493565317838,0.2201553382749002,0.05478031490347979,16.600000381469727,15.68000030517578,16.274999618530273,0.023091703217045012,-0.012995051988233919,-0.03039519334253038,0.07118867975162457,0.0215329422698025,0.9708581179671588,0.0894902708806749,1.7167711779022798,0.0031128619705405036,0.03268501873834384,-0.004668915385316441,0.3889157232066624,1750.157717150294
2025-07-10 14:30:00,15.96500015258789,16.5,15.96500015258789,16.40920066833496,609484,1h,1H,yfinance,730d,2026-04-02T03:04:46Z,0.028790022856494346,0.028790022856494346,15.948951062774409,15.79671015739441,15.4571600151062,16.330540981292724,15.539345488548278,15.948951062774409,15.4571600151062,16.330540981292724,15.539345488548278,0.013144123760378257,0.5814133194061346,489686.6,1.2446409601569657,61.24779365001428,0.5500001907348633,0.348910101710474,0.021263077267606956,32.77165357161796,27.092247425900684,16.069774408295043,15.79671015739441,0.5814133194061346,16.959536796206677,14.63388351858214,0.14722390006857874,0.27995582943093034,0.23211543650610625,0.04784039292482409,16.600000381469727,15.6899995803833,15.850000381469728,0.036196022342331435,-0.0444601125280879,0.004228942076952347,0.11023010587269177,0.021432762539481353,0.9920829024461116,0.09019473807604494,1.6322892355921184,0.028857672441844562,0.06159221049004704,-0.0052888632602090535,1.0534511172983783,1750.157717150294
2025-07-10 15:30:00,16.415000915527344,16.579999923706055,16.299999237060547,16.540000915527344,310246,1h,1H,yfinance,730d,2026-04-02T03:04:46Z,0.007971152881614207,0.007971152881614207,16.005241524941354,15.885210180282593,15.478760032653808,16.32754098892212,15.561320490837097,16.005241524941354,15.478760032653808,16.32754098892212,15.561320490837097,0.013081566349680893,0.552382667289763,492336.2,0.6301506978361534,63.1830865773421,0.2800006866455078,0.343988000634405,0.020797338669520722,32.463731692867604,27.17824388255023,15.135450316370186,15.885210180282593,0.552382667289763,16.98997551486212,14.780444845703068,0.13909357472031544,0.2911328438842471,0.24391891798173443,0.047213925902512666,16.600000381469727,15.739999771118164,15.850000381469728,0.054174720068620896,-0.025338739848313474,0.0006049744988767536,0.11983753574180112,0.021340167375510824,0.9745630530239875,0.09554414825079013,1.455804225238516,0.03341151645557239,0.06856110441887808,-0.0053054917949864056,1.1853933405576382,1750.157717150294
2025-07-10 16:30:00,16.540000915527344,16.68000030517578,16.459999084472656,16.6200008392334,268135,1h,1H,yfinance,730d,2026-04-02T03:04:46Z,0.004836754490802564,0.004836754490802564,16.063790031064407,15.976710224151612,15.49756004333496,16.32109100341797,15.58399549484253,16.063790031064407,15.49756004333496,16.32109100341797,15.58399549484253,0.013044877489967858,0.5135912261619784,497156.2,0.5393375361707246,64.35557243072533,0.220001220703125,0.335131802067885,0.020164367337260798,32.434302526641176,28.035218296675108,14.425747122209653,15.976710224151612,0.5135912261619784,17.00389267647557,14.949527771827654,0.12858497624513343,0.30295377112896205,0.25572588861117995,0.047227882517782094,16.600000381469727,15.850000381469728,15.850000381469728,0.049573779551331576,-0.031468473949907816,0.010334350663189218,0.123732311162974,0.021244179992601885,0.9491713657238301,0.10828239521781965,1.1874966007768237,0.034625129380637,0.0724269364183665,-0.005546424313082943,1.2525342768976806,1750.157717150294
2025-07-10 17:30:00,16.6200008392334,16.799999237060547,16.61009979248047,16.709999084472656,346596,1h,1H,yfinance,730d,2026-04-02T03:04:46Z,0.005415056600166057,0.005415056600166057,16.12533375043662,16.059960174560548,15.518160018920899,16.312590999603273,15.607820491790772,16.12533375043662,15.518160018920899,16.312590999603273,15.607820491790772,0.012784394140593338,0.490231405562695,492780.8,0.7033472083327922,65.6797312209973,0.18989944458007812,0.3247580622473274,0.019434953922235734,32.70262911558656,29.50356869157229,13.823223563770199,16.059960174560548,0.490231405562695,17.040422985685936,15.079497363435157,0.12210027926202101,0.3159420639337469,0.2677691236756934,0.04817294025805352,16.68000030517578,15.850000381469728,15.850000381469728,0.05826466908437289,-0.00833225516932945,0.017661328065241122,0.11066792952711335,0.021073521121502195,0.9222452104791087,0.11890642070924728,1.0268602698973122,0.03625756484080234,0.07680285962372979,-0.005744586370469373,1.3259838160837212,1750.157717150294
2025-07-10 18:30:00,16.719999313354492,16.81999969482422,16.6299991607666,16.75,468265,1h,1H,yfinance,730d,2026-04-02T03:04:46Z,0.0023938311022717595,0.0023938311022717595,16.184825774204562,16.139460182189943,15.541960010528564,16.30269100189209,15.632270493507384,16.184825774204562,15.541960010528564,16.30269100189209,15.632270493507384,0.012788365718514211,0.46617367825679873,491454.75,0.952814068843571,66.2793360387077,0.1900005340576172,0.315132524519491,0.018813882060865133,33.00108556105515,28.686305261316136,13.227913959270381,16.139460182189943,0.46617367825679873,17.071807538703542,15.207112825676345,0.11553637432588396,0.3257085536783251,0.27935700967621974,0.04635154400210534,16.799999237060547,15.850000381469728,15.850000381469728,0.03908183175979052,0.007821850433348043,0.05015675237000039,0.10488127761157684,0.020913595665881756,0.8996005450922017,0.11890642070924728,0.9716579948899157,0.03492000678167417,0.07772764752020178,-0.005777182720599017,1.3096831637794277,1750.157717150294
2025-07-10 19:30:00,16.75,16.93000030517578,16.620100021362305,16.8799991607666,622177,1h,1H,yfinance,730d,2026-04-02T03:04:46Z,0.007761143926364289,0.007761143926364289,16.251032763400946,16.224710130691527,15.568118000030518,16.292840995788573,15.657120490074158,16.251032763400946,15.568118000030518,16.292840995788573,15.657120490074158,0.012765178961041767,0.4369909492925959,502279.25,1.2387073525334762,68.22241573146177,0.30990028381347656,0.31475879304049,0.018646848856015894,33.549656498996654,29.165167837942025,12.2976473594674,16.224710130691527,0.4369909492925959,17.09869202927672,15.350728232106334,0.10773467033249756,0.3400188869162477,0.29148938512422534,0.04852950179202237,16.81999969482422,15.850000381469728,15.96500015258789,0.030279694179733863,0.010173553896356102,0.028691128955485645,0.11235577915002137,0.02085138523793833,0.8942738644571507,0.11890642070924728,0.9060458610215243,0.038703164686379354,0.08426716451747818,-0.005684473725552697,1.4995482884390656,1750.157717150294
2025-07-11 13:30:00,17.5,17.600000381469727,16.8700008392334,17.549999237060547,1256147,1h,1H,yfinance,730d,2026-04-02T03:04:46Z,0.03969194962113476,0.03969194962113476,16.374743856130433,16.3422101020813,15.60901798248291,16.286840991973875,15.684970488548279,16.374743856130433,15.60901798248291,16.286840991973875,15.684970488548279,0.014742783530575624,0.46094776831890805,536223.5,2.3425810319764055,75.92289490948303,0.7299995422363281,0.3444188465544784,0.019625006354824504,35.25858396573233,38.64479021295816,10.435861705831986,16.3422101020813,0.46094776831890805,17.264105638719116,15.420314565443483,0.11282385073734989,0.4008031268848917,0.31335213347635865,0.08745099340853307,16.93000030517578,15.850000381469728,16.299999237060547,0.0668692050519113,0.047135978364566844,0.061063982202385514,0.15460522745289595,0.020552768856975066,0.9548594883440387,0.11890642070924728,0.9488457399052433,0.07177244366421753,0.12434999157255677,-0.004842374814847283,2.6202299218935257,1750.157717150294
2025-07-11 14:30:00,17.520000457763672,17.639999389648438,17.270000457763672,17.589500427246094,551507,1h,1H,yfinance,730d,2026-04-02T03:04:46Z,0.0022507801653992576,0.0022507801653992576,16.49043495814145,16.44218511581421,15.65000799179077,16.28183500289917,15.714017992019654,16.49043495814145,15.65000799179077,16.28183500289917,15.714017992019654,0.014158214177906463,0.5019696296629218,522510.6,1.055494376573413,76.28772455023159,0.3699989318847656,0.3462459955066418,0.019684811228083975,36.899744560211595,36.52024160187916,9.639306297545911,16.44218511581421,0.5019696296629218,17.44612437514005,15.438245856488365,0.12211749864806565,0.44700964201033955,0.3400836351831549,0.10692600682718467,17.600000381469727,15.850000381469728,16.459999084472656,0.07646227032872255,0.08644223885258429,0.05833330559912375,0.1282553082160356,0.020260962384926057,0.9715634851940335,0.12210888895504332,1.000070508323317,0.06664866462858376,0.12392916581721147,-0.004073433049484265,2.2856269456029055,1750.157717150294
2025-07-11 15:30:00,17.59000015258789,17.729999542236328,17.530000686645508,17.56999969482422,457971,1h,1H,yfinance,730d,2026-04-02T03:04:46Z,-0.0011086575484354766,-0.0011086575484354766,16.593250647349333,16.528885078430175,15.692607994079589,16.277935009002686,15.742592992782592,16.593250647349333,15.692607994079589,16.277935009002686,15.742592992782592,0.014062098797857659,0.5382210688090383,526499.35,0.8698415297188876,75.67807348035606,0.1999988555908203,0.33579977122694027,0.019112110248121424,38.54753729337691,36.881002660325244,9.22922981885943,16.528885078430175,0.5382210688090383,17.605327216048252,15.452442940812098,0.13024981812267664,0.47656158669308724,0.36737922548514135,0.10918236120794589,17.639999389648438,15.850000381469728,16.61009979248047,0.06291584785104809,0.0935525470272327,0.05146622725734895,0.10949729754144011,0.02018904653134175,0.9466573975373985,0.12535123744659954,1.0390788377989801,0.05886423752846248,0.11963541697166713,-0.0031751439375914403,1.9343624334472733,1750.157717150294
2025-07-11 16:30:00,17.559999465942383,18.0,17.540000915527344,17.579999923706055,723750,1h,1H,yfinance,730d,2026-04-02T03:04:46Z,0.0005691650003147863,0.0005691650003147863,16.687226768907117,16.623385095596312,15.739007987976073,16.275535011291502,15.771292991638184,16.687226768907117,15.739007987976073,16.275535011291502,15.771292991638184,0.013714020231679091,0.5484590619379407,533137.7,1.35752920868286,75.7849434943016,0.45999908447265625,0.3446711507444914,0.019605867590460773,40.415811105602565,38.96058702781555,8.349418675916594,16.623385095596312,0.5484590619379407,17.720303219472193,15.526466971720431,0.13197289451791194,0.49508165748988375,0.3929197118860899,0.10216194560379388,17.729999542236328,15.850000381469728,16.620100021362305,0.06869295491538208,0.10844894730528365,0.04955223425110766,0.12045891611659187,0.020024764663543148,0.979081048885183,0.1292451330500461,1.0211053321969936,0.05350039087755554,0.11697001088864178,-0.0020470739893823087,1.7441863841753529,1750.157717150294
2025-07-11 17:30:00,17.590700149536133,17.875,17.59000015258789,17.84309959411621,277145,1h,1H,yfinance,730d,2026-04-02T03:04:46Z,0.014965851624116011,0.014965851624116011,16.797309895117507,16.723790073394774,15.784269981384277,16.275866012573243,15.801658487319946,16.797309895117507,15.784269981384277,16.275866012573243,15.801658487319946,0.013842068720543523,0.5779565779620924,523446.4,0.5294620423409159,78.4658445465704,0.2950000762939453,0.34112321685516667,0.019117934922453304,42.15063678838353,36.553962680917316,7.833668893872452,16.723790073394774,0.5779565779620924,17.87970322931896,15.567876917470588,0.13823578875976,0.5249377361526832,0.4193233167394086,0.10561441941327465,18.0,15.96500015258789,16.620100021362305,0.08666866694336006,0.12860291803259316,0.057055715712835964,0.1268139912302917,0.01980563486585502,0.9652775612567052,0.1300775539888177,1.06271823631957,0.06225935614265743,0.130435529496143,-0.0011004228416670037,1.9366671535570814,1750.157717150294
2025-07-11 18:30:00,17.860000610351562,18.17970085144043,17.850000381469727,18.11000061035156,683183,1h,1H,yfinance,730d,2026-04-02T03:04:46Z,0.01495822039368977,0.01495822039368977,16.92232805847313,16.839790105819702,15.849869995117187,16.274266014099123,15.833083491325379,16.92232805847313,15.849869995117187,16.274266014099123,15.833083491325379,0.013811849274677546,0.61078521798167,531030.95,1.286522000271359,80.7893894646123,0.33660125732421875,0.34080021974581326,0.01881834391275581,44.09950016326692,40.361382959287184,7.281015243023078,16.839790105819702,0.61078521798167,18.061360541783042,15.618219669856362,0.14508143252227051,0.5636383035095207,0.44818631409343107,0.11545198941608964,18.0,16.299999237060547,16.8700008392334,0.13542324933644867,0.1714101271452657,0.0319089115461868,0.1469284771439776,0.019705459484984256,0.954981228785635,0.1311113563202943,1.106551229382819,0.07018375650055741,0.14259616109978457,0.001060216969171135,2.0796353073658973,1750.157717150294
2025-07-11 19:30:00,18.118000030517575,18.18000030517578,17.85460090637207,17.90999984741211,688648,1h,1H,yfinance,730d,2026-04-02T03:04:46Z,-0.011043664063994041,-0.011043664063994041,17.016392038372082,16.929290056228638,15.909869995117187,16.264916019439696,15.863883490562438,17.016392038372082,15.909869995117187,16.264916019439696,15.863883490562438,0.013955219017223608,0.6296117506186173,520009.85,1.3242979916630426,74.318194461146,0.32539939880371094,0.33970016110709167,0.0189670666667357,45.90946870450756,37.60609086085077,6.782836837892642,16.929290056228638,0.6296117506186173,18.18851355746587,15.670066554991402,0.14876270618022047,0.5715815554946708,0.47286536237367904,0.09871619312099178,18.17970085144043,16.459999084472656,17.270000457763672,0.09146083404131078,0.14221935579301204,0.018221064406670928,0.1110421163144204,0.01965490879145424,0.9650040541008459,0.13510434163883597,1.1010949342982357,0.05251452875703233,0.1257162913907386,0.0028988175929371973,1.5576421345692602,1750.157717150294
2025-07-14 13:30:00,17.8799991607666,18.170000076293945,17.5,17.780000686645508,584487,1h,1H,yfinance,730d,2026-04-02T03:04:46Z,-0.007258467999673668,-0.007258467999673668,17.089116671540978,16.999095106124877,15.961470012664796,16.254116020202638,15.893533492088318,17.089116671540978,15.961470012664796,16.254116020202638,15.893533492088318,0.013974558552915989,0.6425349077775603,524010.4,1.1154110681772729,70.37247188424766,0.6700000762939453,0.36329301219186694,0.020432677061971934,45.73619373836836,32.65218256323433,12.861281273498411,16.999095106124877,0.6425349077775603,18.28416492168,15.714025290569756,0.15119273202867167,0.5609208477239349,0.49047645944373025,0.07044438828020466,18.18000030517578,16.61009979248047,17.530000686645508,0.07496975226610081,0.13392859315038042,0.011952247892363488,0.08521176425939259,0.01965490879145424,1.0395711971380839,0.1386646817400377,1.0903478097769768,0.0404283046563243,0.1139325308093666,0.004274475566449443,1.2153512144914835,1750.157717150294
2025-07-14 14:30:00,17.780000686645508,17.934999465942383,17.399999618530273,17.545000076293945,516357,1h,1H,yfinance,730d,2026-04-02T03:04:46Z,-0.01321713168031935,-0.01321713168031935,17.132534138660308,17.0538450717926,16.008870010375976,16.240266017913818,15.922258491516112,17.132534138660308,16.008870010375976,16.240266017913818,15.922258491516112,0.014481038158450024,0.6400616618021706,524276.8,0.9848938575958349,63.780264826055706,0.5349998474121094,0.37555778613616997,0.021405402365521083,45.119691939613354,29.329712563015807,13.454542577707592,17.0538450717926,0.6400616618021706,18.333968395396944,15.77372174818826,0.15012723737260772,0.52742969354248,0.49786710626348024,0.029562587278999797,18.18000030517578,16.620100021362305,17.5,0.055655787626495146,0.12757066858267763,-0.0019908900775883476,0.06656530471545263,0.01965490879145424,1.0890613939062357,0.1391043762526649,1.0792416559197335,0.02407501040391269,0.09595493404108746,0.005439650342695668,0.767355762440822,1750.157717150294
2025-07-14 15:30:00,17.53499984741211,17.649999618530273,17.40999984741211,17.46500015258789,500892,1h,1H,yfinance,730d,2026-04-02T03:04:46Z,-0.004559699250964777,-0.004559699250964777,17.164197568558173,17.11009011268616,16.05937002182007,16.22811601638794,15.950683493614196,17.164197568558173,16.05937002182007,16.22811601638794,15.950683493614196,0.014414934102745268,0.624096308631397,540860.2,0.9261025307463926,61.66260985607347,0.23999977111816406,0.365875070777741,0.02094904480854111,44.54722598362657,27.955487771101712,12.824138650822043,17.11009011268616,0.624096308631397,18.358282729948954,15.861897495423365,0.14590134932572102,0.48879783018681167,0.49605325104814657,-0.007255420861334905,18.18000030517578,16.620100021362305,17.399999618530273,0.04518259183010964,0.12155717630429685,-0.021190233206622833,0.0688429607940686,0.01965490879145424,1.0658428909957367,0.14208750362129297,1.0268415279825953,0.017525001260806805,0.0875271027978044,0.006813910403863588,0.5686783193446967,1750.157717150294
2025-07-14 16:30:00,17.46500015258789,17.489999771118164,17.059999465942383,17.139999389648438,841793,1h,1H,yfinance,730d,2026-04-02T03:04:46Z,-0.01860868938448279,-0.01860868938448279,17.161892980090578,17.140590047836305,16.10167001724243,16.210220012664795,15.978733491897582,17.161892980090578,16.10167001724243,16.210220012664795,15.978733491897582,0.015048533504844593,0.6097421566001371,565428.4,1.488770284619591,53.841544983793405,0.43000030517578125,0.3704554446633153,0.021613503958876967,42.51862740199769,25.63770985628264,18.50935185802132,17.140590047836305,0.6097421566001371,18.36007436103658,15.921105734636031,0.1422919875916656,0.42703436834674946,0.4822494745078672,-0.055215106161117744,18.18000030517578,16.8700008392334,17.399999618530273,0.023283545650653048,0.10544980736148002,-0.05356163379413004,0.036902521334784,0.01965490879145424,1.09964916083835,0.14069278115599052,1.0113666559331285,-0.001275709530850655,0.06448581863211178,0.007693759045870996,-0.0009687015756973154,1750.157717150294
2025-07-14 17:30:00,17.139999389648438,17.200000762939453,17.049999237060547,17.149999618530273,525849,1h,1H,yfinance,730d,2026-04-02T03:04:46Z,0.0005834439462042429,0.0005834439462042429,17.160760278989596,17.175589990615844,16.146270008087157,16.19117000579834,16.00650848865509,17.160760278989596,16.146270008087157,16.19117000579834,16.00650848865509,0.014972849474127463,0.5888287106800514,564731.4,0.931148861210834,54.034734698031365,0.15000152587890625,0.3547087361787147,0.020682725601664627,40.59608952264682,24.86329266625778,18.151632178995474,17.175589990615844,0.5888287106800514,18.353247411975946,15.997932569255742,0.13713152468165973,0.37457544221936345,0.4607146680501665,-0.08613922583080302,18.18000030517578,17.059999465942383,17.059999465942383,0.01599528857745569,0.10360358176508422,-0.04243440733427206,0.04255311994683075,0.01965490879145424,1.0522931355782872,0.1386646817400377,0.9889434206379079,-0.000627050333690482,0.062164797810291716,0.008731543142661335,-0.043459789954901636,1750.157717150294
2025-07-14 18:30:00,17.145000457763672,17.145000457763672,16.68000030517578,16.68000030517578,982398,1h,1H,yfinance,730d,2026-04-02T03:04:46Z,-0.027405208385349877,-0.027405208385349877,17.11497361481685,17.188590002059936,16.182670021057127,16.167370014190674,16.031233491897584,17.11497361481685,16.182670021057127,16.167370014190674,16.031233491897584,0.016295916005177814,0.5747041857408609,590834.8,1.6627287356804303,44.58905937155425,0.4699993133544922,0.36294377740555595,0.02175921887081351,37.88001539236445,22.563501110896926,23.754357193634064,17.188590002059936,0.5747041857408609,18.33799837354166,16.039181630578213,0.1337408561544576,0.2917136552454771,0.4269144654892286,-0.13520081024375152,18.18000030517578,17.049999237060547,17.049999237060547,-0.04957259086641885,0.08031092995416378,-0.06186728565741462,0.015834362221301523,0.019924589282672385,1.092078665317163,0.13768365672070987,0.9713633363598833,-0.025414781198640157,0.030732276161567817,0.009446342930260476,-0.884959096354106,1750.157717150294
2025-07-14 19:30:00,16.690000534057617,16.924999237060547,16.68000030517578,16.780000686645508,990225,1h,1H,yfinance,730d,2026-04-02T03:04:46Z,0.005995226597129921,0.005995226597129921,17.083071431181484,17.230090045928954,16.22237003326416,16.15347002029419,16.05700849533081,17.083071431181484,16.22237003326416,16.15347002029419,16.05700849533081,0.014839602416383756,0.5101025638203615,610262.75,1.622620748194118,46.72303088139546,0.24499893188476562,0.35451914558264236,0.021127480993775472,35.357946557102245,21.449712045053285,22.581784587176443,17.230090045928954,0.5101025638203615,18.250295173569675,16.209884918288232,0.11842133441221002,0.23144631804420257,0.38782083600022343,-0.15637451795602086,18.18000030517578,16.68000030517578,16.68000030517578,-0.04602175848875578,0.09960684370678075,-0.04360213088183862,0.052037673185314715,0.019924589282672385,1.0603722211804483,0.13543619041805866,0.8743699453349366,-0.017740998494145788,0.03437417912659613,0.01029840259357373,-0.8823507098504803,1750.157717150294
2025-07-15 13:30:00,16.3700008392334,16.739900588989258,16.174999237060547,16.520000457763672,718711,1h,1H,yfinance,730d,2026-04-02T03:04:46Z,-0.015494649478099198,-0.015494649478099198,17.02944562418931,17.23563003540039,16.26057004928589,16.14362003326416,16.0817084980011,17.02944562418931,16.26057004928589,16.14362003326416,16.0817084980011,0.014057138959324268,0.5016894724642594,615724.1,1.1672614406355055,42.175174518689055,0.6050014495849609,0.3724107387256651,0.022543022300622786,34.4027617769941,18.960696263936565,29.647350060111922,17.23563003540039,0.5016894724642594,18.239008980328908,16.232251090471873,0.11643078238134257,0.1608499949353117,0.3424266677872411,-0.1815766728519294,18.18000030517578,16.68000030517578,16.68000030517578,-0.05976091379044568,0.06033379580620779,-0.054108198486571,0.006752296572405392,0.019924589282672385,1.1314171640279456,0.1328568753361848,0.8763624922437987,-0.029915546146845884,0.01595457033126446,0.011122049084960173,-1.4264392954502358,1750.157717150294
2025-07-15 14:30:00,16.530000686645508,16.709999084472656,16.405000686645508,16.405000686645508,190948,1h,1H,yfinance,730d,2026-04-02T03:04:46Z,-0.006961245032176655,-0.006961245032176655,16.969974677756568,17.2288800239563,16.290670070648194,16.131770038604735,16.106408500671385,16.969974677756568,16.290670070648194,16.131770038604735,16.106408500671385,0.014033566486283733,0.5118095605367801,609759.2,0.3131531266768915,40.30639684082569,0.30499839782714844,0.3675955715186282,0.02240753161430035,33.51580448117939,17.836988108589775,27.89029596340481,17.2288800239563,0.5118095605367801,18.25249914502986,16.205260902882742,0.11882596194880261,0.0945326660863266,0.2928478674470582,-0.1983152013607316,18.18000030517578,16.174999237060547,16.174999237060547,-0.06683727202274325,0.10620369325975387,-0.042882072880750854,-0.008162044825227421,0.019924589282672385,1.1246169894095273,0.1311113563202943,0.9062980147846272,-0.033292565359664406,0.0070181653364467245,0.011440264287915447,-1.6097380761053333,1750.157717150294
2025-07-15 15:30:00,16.405000686645508,16.649999618530273,16.3799991607666,16.5049991607666,243115,1h,1H,yfinance,730d,2026-04-02T03:04:46Z,0.006095609261540513,0.006095609261540513,16.925691295186095,17.22312994003296,16.312470054626466,16.125720024108887,16.13080849647522,16.925691295186095,16.312470054626466,16.125720024108887,16.13080849647522,0.014059316856612209,0.5192104052471389,608508.2,0.39952625124854524,42.68462211494195,0.2700004577636719,0.36062449196470275,0.021849409894059816,32.755236727195715,16.883088284068588,26.89396079612162,17.22312994003296,0.5192104052471389,18.261550750527235,16.184709129538682,0.12058444825183608,0.04947443582300792,0.24417318112224817,-0.19469874529924025,18.18000030517578,16.174999237060547,16.174999237060547,-0.07499260015288212,0.10697513948206594,-0.0376093569743734,-0.006919474889274468,0.020058744145027955,1.0892710797886975,0.1311113563202943,0.9197101733678824,-0.02485524089282809,0.011802572234333786,0.011261776382190947,-1.3831209313390662,1750.157717150294
2025-07-15 16:30:00,16.5,16.6200008392334,16.43000030517578,16.600000381469727,140132,1h,1H,yfinance,730d,2026-04-02T03:04:46Z,0.005755905818459528,0.005755905818459528,16.894673112927393,17.217630004882814,16.332370071411134,16.130250034332274,16.154908499717713,16.894673112927393,16.332370071411134,16.130250034332274,16.154908499717713,0.014066377038232282,0.5251652637233353,598185.0,0.23426197581015906,44.92936089069599,0.1900005340576172,0.34843706639991096,0.020990184240529584,32.04899524135374,16.225499603511594,25.846453142467908,17.217630004882814,0.5251652637233353,18.267960532329486,16.167299477436142,0.12200640008512259,0.021187037287344168,0.19957595235526737,-0.1783889150679232,18.18000030517578,16.174999237060547,16.174999237060547,-0.08337935825461684,0.09210530195870281,-0.004796158407816775,-0.006582807242948463,0.02055770133181828,1.0210375129850695,0.1311113563202943,0.9305555484230592,-0.017441753947413763,0.016386495584438387,0.010984993922839026,-1.1760671660463509,1750.157717150294
2025-07-15 17:30:00,16.6200008392334,16.649999618530273,16.510000228881836,16.610000610351562,168252,1h,1H,yfinance,730d,2026-04-02T03:04:46Z,0.0006024234127728345,0.0006024234127728345,16.867561446015408,17.210630035400392,16.35497009277344,16.133550033569335,16.179608502388,16.867561446015408,16.35497009277344,16.133550033569335,16.179608502388,0.014055071578357451,0.5322371065891882,583184.35,0.2885056843517835,45.17278091682279,0.1399993896484375,0.3335486609176629,0.020081194982605306,31.25718974389183,16.381466970237284,25.071563493990055,17.210630035400392,0.5322371065891882,18.275104248578767,16.146155822222017,0.123699621802208,-0.00041916310514977795,0.15957692926318395,-0.15999609236833373,18.18000030517578,16.174999237060547,16.174999237060547,-0.07258510598191825,0.09456345315190462,-0.010131112594604419,-0.008358172516324647,0.02055770133181828,0.9768210296704983,0.1311113563202943,0.9434699271970001,-0.015269595222057952,0.015593456675950135,0.010838432237687101,-1.1284997186647314,1750.157717150294
2025-07-15 18:30:00,16.610000610351562,16.68000030517578,16.479999542236328,16.600000381469727,290122,1h,1H,yfinance,730d,2026-04-02T03:04:46Z,-0.0006020607173008452,-0.0006020607173008452,16.8420794398682,17.19663009643555,16.376770095825194,16.134450035095213,16.20390850543976,16.8420794398682,16.376770095825194,16.134450035095213,16.20390850543976,0.013932255906132545,0.5442958104646131,566581.6,0.5120568687723004,44.95877031140668,0.20000076293945312,0.32400952534779076,0.01951864565674809,30.521941781962912,15.659198545611247,23.966143649685744,17.19663009643555,0.5442958104646131,18.285221717364774,16.108038475506323,0.126605226119839,-0.018140060154170357,0.1240335313797131,-0.14217359153388345,18.18000030517578,16.174999237060547,16.174999237060547,-0.06636671876295686,0.11111116785211017,0.004842610259641944,-0.01658760623327893,0.02055770133181828,0.9494566217156787,0.1311113563202943,0.9656312746132593,-0.014373466130638834,0.013630910389432538,0.010667894744493589,-1.0961497470585642,1750.157717150294
2025-07-15 19:30:00,16.610000610351562,16.6299991607666,16.530000686645508,16.559999465942383,394285,1h,1H,yfinance,730d,2026-04-02T03:04:46Z,-0.002409693651091449,-0.002409693651091449,16.815214680446694,17.14713010787964,16.3997700881958,16.138900032043455,16.227933502197267,16.815214680446694,16.3997700881958,16.138900032043455,16.227933502197267,0.010396180364127337,0.5548235043048348,523488.5,0.753187510327352,44.05959648174131,0.09999847412109375,0.30800873597445527,0.018599561950947644,29.83921153160035,15.296060431648733,23.41036678929587,17.14713010787964,0.5548235043048348,18.25677711648931,16.03748309926997,0.12942655728724572,-0.03500818574570985,0.09222518795462852,-0.12723337370033838,18.18000030517578,16.174999237060547,16.3799991607666,-0.056141385355845785,0.10216305400227776,0.009448264115164084,-0.05641024582084142,0.02055770133181828,0.9047491084112641,0.1311113563202943,0.987149861916364,-0.015177636405741768,0.009770220977787458,0.01058893826347429,-1.058229576399979,1750.157717150294
2025-07-16 13:30:00,17.049999237060547,17.13990020751953,16.459999084472656,16.485000610351562,875679,1h,1H,yfinance,730d,2026-04-02T03:04:46Z,-0.004528916546468809,-0.004528916546468809,16.783765721390015,17.091905117034912,16.42277009963989,16.13805004119873,16.25135850429535,16.783765721390015,16.42277009963989,16.13805004119873,16.25135850429535,0.010334860340928825,0.5629525023634899,539697.1,1.622537901352444,42.34940047044871,0.679901123046875,0.33457247790819955,0.020295569640325563,28.34936988628022,23.961766815978613,20.01227013034782,17.091905117034912,0.5629525023634899,18.217810121761893,15.966000112307933,0.13174716300113665,-0.05380781466660167,0.06301858743038248,-0.11682640209698415,18.18000030517578,16.174999237060547,16.3799991607666,-0.056112197748313,0.10489279665247553,-0.0012116662485253116,-0.06279313170166356,0.02055770133181828,0.9872489785087499,0.1318600287595243,0.9991440487352427,-0.01780083897725604,0.003789282218170653,0.010547524091554239,-1.0780740899726573,1750.157717150294
2025-07-16 14:30:00,16.469999313354492,16.56999969482422,16.34000015258789,16.479999542236328,411390,1h,1H,yfinance,730d,2026-04-02T03:04:46Z,-0.0003033708177173633,-0.0003033708177173633,16.754835609089664,17.03740510940552,16.451236095428467,16.135250034332277,16.26425850391388,16.754835609089664,16.451236095428467,16.135250034332277,16.26425850391388,0.010344430129542398,0.566778589436485,537368.05,0.7655646814134185,42.23168417357758,0.22999954223632812,0.3271029825030659,0.01984848249933132,26.506382838981896,22.758302355975438,21.627550030183006,17.03740510940552,0.566778589436485,18.17096228827849,15.90384793053255,0.1330668809708807,-0.06832261979995025,0.03675034598431594,-0.10507296578426618,18.18000030517578,16.174999237060547,16.43000030517578,-0.03850641020504997,0.10901749145270978,-0.007228966052757024,-0.062037573791704936,0.02055770133181828,0.9655010635168018,0.13251988774439633,1.0041276312242235,-0.01640338784966855,0.0017484064201021,0.011496226001916465,-0.9834626387764345,1750.157717150294
2025-07-16 15:30:00,16.479999542236328,16.479999542236328,16.190000534057617,16.350000381469727,478528,1h,1H,yfinance,730d,2026-04-02T03:04:46Z,-0.007888298809319072,-0.007888298809319072,16.71627987312586,16.9759051322937,16.480436096191408,16.13260004043579,16.278533506393433,16.71627987312586,16.480436096191408,16.13260004043579,16.278533506393433,0.010356881944995797,0.5712806041106135,525106.95,0.9112962606950833,39.18275877699614,0.28999900817871094,0.32445269862275483,0.019844201287632587,24.970368215129596,21.30533134640423,23.54902619868541,16.9759051322937,0.5712806041106135,18.118466340514928,15.833343924072473,0.13460975415651963,-0.0892863161929327,0.01154301354886621,-0.10082932974179891,18.18000030517578,16.174999237060547,16.34000015258789,-0.046647186872013746,0.10510309544826324,-0.015653234155801332,-0.0699658445719169,0.02055770133181828,0.9652928100924704,0.13340386856266917,1.0090393600038965,-0.021911543383823506,-0.007914579077905826,0.012402996235421071,-1.0956170160868683,1750.157717150294
2025-07-16 16:30:00,16.329999923706055,16.34000015258789,16.045000076293945,16.06999969482422,403615,1h,1H,yfinance,730d,2026-04-02T03:04:46Z,-0.017125423860102518,-0.017125423860102518,16.654729379954276,16.8872501373291,16.506236095428466,16.126050033569335,16.28863350391388,16.654729379954276,16.506236095428466,16.126050033569335,16.28863350391388,0.009834179827528464,0.56739205303905,531430.45,0.7594879066489322,33.56239338141198,0.30500030517578125,0.32306324194797104,0.02010350019185267,24.027109993226887,19.86860854533312,25.16692826177305,16.8872501373291,0.56739205303905,18.0220342434072,15.752466031251,0.1343953689144062,-0.12702959388345292,-0.016171507937597616,-0.1108580859458553,18.18000030517578,16.174999237060547,16.190000534057617,-0.03657077932800035,0.09993155868964765,-0.031927751473857624,-0.09937174255736791,0.02055770133181828,0.977906034695493,0.13340386856266917,1.0074323208346185,-0.035108927427775605,-0.026428581178786548,0.013359168002785582,-1.4403628639624881,1750.157717150294
2025-07-16 17:30:00,16.075000762939453,16.15999984741211,16.010000228881836,16.024999618530273,348477,1h,1H,yfinance,730d,2026-04-02T03:04:46Z,-0.0028002537117930437,-0.0028002537117930437,16.594755116961515,16.78300008773804,16.5313360786438,16.119550037384034,16.298108501434328,16.594755116961515,16.5313360786438,16.119550037384034,16.298108501434328,0.008714632135793649,0.5229565286969226,514695.15,0.6770551461384472,32.74935485250491,0.14999961853027344,0.31070155456099263,0.019388553008245782,23.26573407975288,19.183457781848322,25.10369695884489,16.78300008773804,0.5229565286969226,17.828913145131885,15.737087030344194,0.1246395819491187,-0.1587426569193191,-0.04468573773394191,-0.11405691918537719,18.18000030517578,16.045000076293945,16.045000076293945,-0.044994102337320374,0.07550335763773464,-0.032306755112667784,-0.11512981344846074,0.02055770133181828,0.9431284507590865,0.13240702198600868,0.9413366457429218,-0.03433346828052286,-0.030628889141491977,0.014310100904589396,-1.4494521582826656,1750.157717150294
2025-07-16 18:30:00,16.020000457763672,16.229999542236328,15.95199966430664,16.165000915527344,501748,1h,1H,yfinance,730d,2026-04-02T03:04:46Z,0.008736430597800604,0.008736430597800604,16.553826145396357,16.695750141143797,16.558836097717286,16.11395004272461,16.30913350582123,16.553826145396357,16.558836097717286,16.11395004272461,16.30913350582123,0.009201575967682445,0.4705961152128421,505350.15,0.9928719720376059,37.79790535960493,0.2779998779296875,0.30836572051589944,0.019076133810774967,22.253796293830835,19.569588009203468,23.48715061564771,16.695750141143797,0.4705961152128421,17.636942371569482,15.754557910718113,0.11274632436026685,-0.17061184606823332,-0.0698709594008002,-0.10074088666743312,18.18000030517578,16.010000228881836,16.010000228881836,-0.021489075811102265,0.048653970517698264,-0.019411567059529178,-0.09743154364889106,0.02055770133181828,0.9279312654109724,0.13058686014419119,0.8633818458899678,-0.02348854134710998,-0.023783989397916372,0.015310598310261492,-1.1278232192299449,1750.157717150294
2025-07-16 19:30:00,16.170000076293945,16.280000686645508,16.150999069213867,16.280000686645508,566963,1h,1H,yfinance,730d,2026-04-02T03:04:46Z,0.0071141209158671614,0.0071141209158671614,16.527747530277228,16.620750141143798,16.583536109924317,16.11125005722046,16.32033350944519,16.527747530277228,16.583536109924317,16.11125005722046,16.32033350944519,0.009556951206036718,0.4070603417531107,504473.95,1.1238697260780264,41.67138698615895,0.12900161743164062,0.2955539988670238,0.018154421769126024,21.094749006797514,20.167884753803644,22.75489853749379,16.620750141143798,0.4070603417531107,17.43487082465002,15.806629457637577,0.09796437303884475,-0.16879300287839882,-0.08965536809631992,-0.0791376347820789,18.170000076293945,15.95199966430664,15.95199966430664,-0.007619627843219567,0.04325544147452409,-0.012135853224889193,-0.08436445118512537,0.020489147620995095,0.8860506110329015,0.12801589170354236,0.765251655362519,-0.014989752425602632,-0.018303419805451582,0.016127280752369355,-0.8370981388920489,1750.157717150294
2025-07-17 13:30:00,16.06999969482422,16.170000076293945,15.619999885559082,16.149999618530273,1038496,1h,1H,yfinance,730d,2026-04-02T03:04:46Z,-0.007985323257502897,-0.007985323257502897,16.49177153868228,16.551000118255615,16.60333610534668,16.110005054473877,16.329333505630494,16.49177153868228,16.60333610534668,16.110005054473877,16.329333505630494,0.009380667687865486,0.35944604842875594,530580.9,1.957281161082127,38.73486557564847,0.6600008010864258,0.32158591331126685,0.01991244092305017,21.653333968259535,17.211371969869823,31.213350746151452,16.551000118255615,0.35944604842875594,17.269892215113128,15.832108021398103,0.08686992830899452,-0.17581487187700162,-0.10688726885245627,-0.06892760302454536,17.934999465942383,15.95199966430664,15.95199966430664,-0.021508607106153876,0.04328165995521438,-0.01223246227970265,-0.07950985760601603,0.020199534916089116,0.9857870988499705,0.12562240403447883,0.6915162066565121,-0.020723784546151536,-0.02730393963839728,0.016779778526889055,-1.1156069220352611,1750.157717150294
2025-07-17 14:30:00,16.149999618530273,16.190000534057617,15.8100004196167,15.888299942016602,413833,1h,1H,yfinance,730d,2026-04-02T03:04:46Z,-0.016204314717964574,-0.016204314717964574,16.43429805328555,16.47216510772705,16.617602100372313,16.104138050079346,16.3335000038147,16.43429805328555,16.617602100372313,16.104138050079346,16.3335000038147,0.00974604202171929,0.3212090843786908,526227.95,0.7864139485559443,33.60157550894306,0.38000011444091797,0.3257583562490991,0.02050303414700973,22.08193798672941,16.215831771180618,28.612589294759154,16.47216510772705,0.3212090843786908,17.11458327648443,15.82974693896967,0.07800045283130679,-0.20018907537982145,-0.1255476301579293,-0.07464144522189214,17.649999618530273,15.619999885559082,15.619999885559082,-0.04287351946374551,0.02439069681187478,-0.011306767657633388,-0.09027770952167213,0.020199534916089116,1.0150250603383386,0.12416960187566335,0.6281767167894455,-0.03322308683331876,-0.04388732826497099,0.017393828419583146,-1.8177106255877213,1750.157717150294
2025-07-17 15:30:00,15.895000457763672,15.989999771118164,15.850000381469728,15.914999961853027,284770,1h,1H,yfinance,730d,2026-04-02T03:04:46Z,0.0016804831186385538,0.0016804831186385538,16.384841092196737,16.41091513633728,16.63190210342407,16.09718804359436,16.336350002288818,16.384841092196737,16.63190210342407,16.09718804359436,16.336350002288818,0.009287721240893713,0.3043767985170936,498376.8,0.5713949766522037,34.554517594222986,0.13999938964843572,0.312489858634766,0.01963492675989815,22.479927432451436,15.696910576534199,27.696960714722234,16.41091513633728,0.3043767985170936,17.019668733371468,15.802161539303093,0.07418886661430314,-0.21487440046909967,-0.14341298422016338,-0.07146141624893629,17.489999771118164,15.619999885559082,15.619999885559082,-0.04184230120168697,0.032770935719751204,-0.006864253310187252,-0.0714702142017134,0.020092347587228988,0.9772340775339969,0.1228530109436653,0.6038831775016301,-0.02867535471964211,-0.04310403807772856,0.018091685174096206,-1.6292804737428193,1750.157717150294
2025-07-17 16:30:00,15.920000076293944,16.09000015258789,15.920000076293944,16.059999465942383,228650,1h,1H,yfinance,730d,2026-04-02T03:04:46Z,0.00911087052698134,0.00911087052698134,16.353903794458226,16.356415128707887,16.641302089691163,16.093988046646118,16.339099998474122,16.353903794458226,16.641302089691163,16.093988046646118,16.339099998474122,0.00966085136452234,0.26176283433562575,483516.85,0.47288941429859166,39.62237487275142,0.17500019073486328,0.30266916807048727,0.01884615056883048,22.360007167282294,17.408604061245896,26.553096645308514,16.356415128707887,0.26176283433562575,16.879940797379138,15.832889460036636,0.06401472016351399,-0.2123643739254355,-0.1572032621612178,-0.0551611117642177,17.200000762939453,15.619999885559082,15.619999885559082,-0.03253017488663057,0.047277432408993736,-0.006495604307952818,-0.06355686162291019,0.01999681795282774,0.9424574756487922,0.12129542416847933,0.5277587394772416,-0.017971508956499904,-0.03493131851196196,0.018495638758882826,-1.1323825382538746,1750.157717150294
2025-07-17 17:30:00,16.059999465942383,16.137100219726562,16.0,16.114999771118164,265415,1h,1H,yfinance,730d,2026-04-02T03:04:46Z,0.0034246766503585047,0.0034246766503585047,16.331151030330602,16.328165102005006,16.646882076263427,16.091638040542602,16.341849999427794,16.331151030330602,16.646882076263427,16.091638040542602,16.341849999427794,0.007996922677494897,0.25573505401729074,447667.7,0.5928839628143822,41.47368488312937,0.1371002197265625,0.2908428146173498,0.018047956484529892,22.0199291375802,17.97918307093103,25.65903605373286,16.328165102005006,0.25573505401729074,16.83963521003959,15.816694993970424,0.06264881630475143,-0.2035902333552606,-0.16648065640002638,-0.03710957695523423,17.145000457763672,15.619999885559082,15.619999885559082,-0.026871963114456277,0.07028764840138413,-0.010135190943984074,-0.033872933076763645,0.019880461711190747,0.9078238094626678,0.11970520510031935,0.5233591659798618,-0.01323551896685038,-0.0319508663969974,0.018665700446786282,-0.8335397417689521,1750.157717150294
2025-07-17 18:30:00,16.1200008392334,16.279800415039062,16.059999465942383,16.25,350787,1h,1H,yfinance,730d,2026-04-02T03:04:46Z,0.008377302562782907,0.008377302562782907,16.323422360775307,16.30166506767273,16.65808208465576,16.092538042068483,16.347199997901917,16.323422360775307,16.65808208465576,16.092538042068483,16.347199997901917,0.008127166479442281,0.2340852097310198,415695.8,0.8438550497743783,45.86164122215677,0.2198009490966797,0.2857683956515876,0.017585747424713083,21.03548107526637,20.55823914403168,24.24933291067416,16.30166506767273,0.2340852097310198,16.76983548713477,15.83349464821069,0.05743835583893238,-0.18362654105067122,-0.16990983333015536,-0.013716707720515864,17.13990020751953,15.619999885559082,15.619999885559082,-0.014255420178995726,0.09133644226456461,0.0061919742310698744,-0.03158526012858354,0.01984634189348195,0.8860951564322639,0.11970520510031935,0.4798317315508208,-0.004497975923954511,-0.024497543149439527,0.019017451722236345,-0.22071051704674657,1750.157717150294
2025-07-17 19:30:00,16.25,16.450000762939453,16.229999542236328,16.295000076293945,511531,1h,1H,yfinance,730d,2026-04-02T03:04:46Z,0.002769235464242792,0.002769235464242792,16.320715476538986,16.290415048599243,16.6672820854187,16.08376103401184,16.3525,16.320715476538986,16.6672820854187,16.08376103401184,16.3525,0.007514259070015989,0.2286657527109321,405336.8,1.2619900290326465,47.28052117675511,0.220001220703125,0.281070740298126,0.017248894690527143,19.661713854160375,23.734154693057274,22.893577915654,16.290415048599243,0.2286657527109321,16.747746554021106,15.833083543177379,0.05614731166241069,-0.162303111750969,-0.1683884890143181,0.0060853772633490955,17.13990020751953,15.619999885559082,15.8100004196167,-0.011225696060746304,0.102503408030725,0.025597460758015167,-0.013619877435535166,0.019739564023765366,0.8738234881864873,0.11970520510031935,0.46904653490511333,-0.0015756294680834282,-0.022336095784353804,0.019249783544944332,0.020051221664567815,1750.157717150294
2025-07-18 13:30:00,16.299999237060547,16.84000015258789,16.170000076293945,16.68000030517578,442301,1h,1H,yfinance,730d,2026-04-02T03:04:46Z,0.02362689334637902,0.02362689334637902,16.3549330792663,16.304165029525755,16.685082092285157,16.080861043930053,16.36130000114441,16.3549330792663,16.685082092285157,16.080861043930053,16.36130000114441,0.009034571612266137,0.24296358713219737,417904.45,1.0583782967613768,57.53481978026344,0.6700000762939453,0.3088514071549702,0.018516271073396446,19.69258264191244,29.076079407528077,19.34617185500769,16.304165029525755,0.24296358713219737,16.79009220379015,15.81823785526136,0.05960773500322311,-0.11303484419224219,-0.15731776004990294,0.044282915857660754,17.13990020751953,15.619999885559082,15.850000381469728,0.020183481101325285,0.12931616711007887,0.048067882196443534,0.016763158001824152,0.01957678620832312,0.945827924785949,0.11666538630605147,0.5109290500856228,0.019875790645794922,-0.00030457069861977715,0.01978950884820274,1.546879020375726,1750.157717150294
2025-07-18 14:30:00,16.69849967956543,16.979999542236328,16.69849967956543,16.865999221801758,460912,1h,1H,yfinance,730d,2026-04-02T03:04:46Z,0.01115101398219176,0.01115101398219176,16.40360604522206,16.322215032577514,16.700002059936523,16.07792103767395,16.373229999542236,16.40360604522206,16.700002059936523,16.07792103767395,16.373229999542236,0.009245433144406656,0.26920562332339015,428794.3,1.0749023482821485,61.43726479185343,0.2999992370605469,0.30821910929108287,0.018274583393355363,20.104637349057064,30.299035314728336,18.00115540831411,16.322215032577514,0.26920562332339015,16.860626279224295,15.783803785930733,0.06597281625957825,-0.05830868287900515,-0.1375159446157234,0.07920726173671824,17.13990020751953,15.619999885559082,15.920000076293944,0.04953326335369579,0.14036506188662834,0.050186785968991954,0.021872164761648438,0.019453599332496935,0.9393934295145041,0.1053553486995558,0.6261933264320011,0.02818850777718973,0.009939948586201952,0.01995770293359489,2.0199585079655233,1750.157717150294
2025-07-18 15:30:00,16.860000610351562,16.8700008392334,16.530000686645508,16.539100646972656,218853,1h,1H,yfinance,730d,2026-04-02T03:04:46Z,-0.01938210541398211,-0.01938210541398211,16.41651029300783,16.319170045852662,16.703106079101563,16.07480803489685,16.383675503730775,16.41651029300783,16.703106079101563,16.07480803489685,16.383675503730775,0.010190841619102569,0.266375917020289,432730.35,0.5057491345360916,52.33439510676444,0.3400001525878906,0.3104891838122834,0.01877303914158814,19.769511897435958,27.92911686544538,20.469496213221394,16.319170045852662,0.266375917020289,16.85192187989324,15.786418211812084,0.06529153535917363,-0.04084495354156559,-0.11818174640089184,0.07733679285932625,17.13990020751953,15.619999885559082,16.0,0.03208118818598349,0.09930877787318404,0.02631715059745643,-0.0036686586203366067,0.019232343409510376,0.976118132973067,0.09241715067391965,0.7064872145814713,0.0074675038590290566,-0.009818858322052204,0.01949688122778359,0.8256399586725515,1750.157717150294
2025-07-18 16:30:00,16.532800674438477,16.540000915527344,16.010000228881836,16.014999389648438,447614,1h,1H,yfinance,730d,2026-04-02T03:04:46Z,-0.031688618898401244,-0.031688618898401244,16.378271159354554,16.289419984817506,16.69440605163574,16.068758020401003,16.390875501632692,16.378271159354554,16.69440605163574,16.068758020401003,16.390875501632692,0.012288657816035527,0.2654579657483488,446698.45,1.0020495929636648,41.67350748341543,0.5300006866455078,0.32616857687179945,0.020366443290820477,18.989531904287812,24.687486580259886,29.481312636220245,16.289419984817506,0.2654579657483488,16.820335916314203,15.75850405332081,0.06518536964379765,-0.06850572226839091,-0.10824654157439166,0.03974081930600075,17.13990020751953,15.619999885559082,16.059999465942383,-0.009279401013508215,0.056398387258709715,-0.01446157602163467,-0.03582186627568895,0.019232343409510376,1.0589683668371526,0.08243519057015065,0.7907468787656436,-0.02218010473581833,-0.04069666569064523,0.018518263406540836,-1.0337628949858544,1750.157717150294
2025-07-18 17:30:00,16.0,16.099700927734375,15.739999771118164,15.850000381469728,582929,1h,1H,yfinance,730d,2026-04-02T03:04:46Z,-0.010302779548362562,-0.010302779548362562,16.327959656698855,16.251919984817505,16.6846040725708,16.06015803337097,16.39772550582886,16.327959656698855,16.6846040725708,16.06015803337097,16.39772550582886,0.012424612201371006,0.2718329483898775,461338.8,1.263559449151036,38.9812723790464,0.35970115661621094,0.32856376113925745,0.020729574336375543,18.950108886378867,22.756981209578917,33.04565309998046,16.251919984817505,0.2718329483898775,16.79558588159726,15.70825408803775,0.06690482075811909,-0.10255888676926617,-0.10710901061336657,0.004550123844100404,17.13990020751953,15.8100004196167,16.010000228881836,-0.026412794044198606,0.044481066375668954,-0.027308971631832324,-0.04518072185330846,0.019232343409510376,1.0778496356364347,0.07609465972280496,0.8792314861757407,-0.029272443420879868,-0.05002238515645363,0.017495021894345264,-1.4785536695548833,1750.157717150294
2025-07-18 18:30:00,15.84000015258789,16.019899368286133,15.760000228881836,15.84749984741211,495856,1h,1H,yfinance,730d,2026-04-02T03:04:46Z,-0.00015776239731468689,-0.00015776239731468689,16.282201579623926,16.21629500389099,16.670954055786133,16.051033029556276,16.405063004493712,16.282201579623926,16.670954055786133,16.051033029556276,16.405063004493712,0.012432687577271673,0.2757827888153276,466417.35,1.0631165414408363,38.940215361249116,0.2598991394042969,0.323659145301046,0.02042335689650752,18.913501798320564,21.4517015398846,31.150242686536895,16.21629500389099,0.2757827888153276,16.767860581521646,15.664729426260337,0.06802609073136744,-0.12826942706635336,-0.11134109390396393,-0.016928333162389425,17.13990020751953,15.739999771118164,15.739999771118164,-0.0187306364249743,0.04259868725473859,-0.049910098473160636,-0.04302534067079011,0.019511739884071965,1.0467214619430087,0.07110747867283529,0.9566657685101551,-0.026697970178419683,-0.0493945460840749,0.01620786529253726,-1.337266760058178,1750.157717150294
2025-07-18 19:30:00,15.850000381469728,15.93000030517578,15.779999732971191,15.90999984741211,673042,1h,1H,yfinance,730d,2026-04-02T03:04:46Z,0.003943839760327084,0.003943839760327084,16.24675379560375,16.187544965744017,16.660154037475586,16.048233022689818,16.414613003730775,16.24675379560375,16.660154037475586,16.048233022689818,16.414613003730775,0.012487578000383283,0.27624315902888946,456285.5,1.4750457772600707,40.62357670504111,0.15000057220458807,0.3112549615084419,0.01956347985503407,18.879509502266423,20.71326982136438,30.0779581781694,16.187544965744017,0.27624315902888946,16.740031283801795,15.635058647686238,0.06826066821459913,-0.14196549793083335,-0.11746597470933783,-0.024499523221495526,17.13990020751953,15.739999771118164,15.739999771118164,0.001365778936368356,0.020525958415151146,-0.05668204781806707,-0.034880239105262056,0.019476016431639924,1.0044908271514936,0.06814337947298328,1.001721205237001,-0.020727460539395004,-0.045026845992904296,0.014958685513268177,-1.0047130915661233,1750.157717150294
2025-07-21 13:30:00,15.899999618530272,15.979999542236328,15.5,15.5,859153,1h,1H,yfinance,730d,2026-04-02T03:04:46Z,-0.025769946658974918,-0.025769946658974918,16.175634386498633,16.1385449886322,16.641754035949706,16.04256402015686,16.421613001823424,16.175634386498633,16.641754035949706,16.04256402015686,16.421613001823424,0.013535181136081204,0.3053992553752098,478673.65,1.79486169752607,34.00131733629097,0.4799995422363281,0.3233081458461481,0.0208585900545902,19.546500135871455,18.516701059109998,33.074340447452435,16.1385449886322,0.3053992553752098,16.749343499382622,15.527746477881783,0.07569437160297399,-0.1837847378839612,-0.1307297273442625,-0.053055010539698716,16.979999542236328,15.739999771118164,15.739999771118164,-0.02607602656913277,-0.02121750651149501,-0.06282691357603265,-0.05946599329233615,0.019476016431639924,1.07098852210374,0.06814337947298328,1.110810355875943,-0.04176864847183781,-0.06860779419544816,0.013405567047636513,-2.090853128792645,1750.157717150294
2025-07-21 14:30:00,15.510000228881836,15.68000030517578,15.369999885559082,15.579999923706056,631855,1h,1H,yfinance,730d,2026-04-02T03:04:46Z,0.005161285400390847,0.005161285400390847,16.118907294804103,16.10004496574402,16.634354038238527,16.03976402282715,16.428713002204894,16.118907294804103,16.634354038238527,16.03976402282715,16.428713002204894,0.013596685117918388,0.3242675033687537,486340.0,1.299204260393963,36.187197784557206,0.31000041961669744,0.32235759397261593,0.020690474682360325,20.45585939725024,17.24478059261786,33.683014983832,16.10004496574402,0.3242675033687537,16.748579972481526,15.451509959006511,0.08056312986918879,-0.20807292640762398,-0.1461983671569348,-0.06187455925068919,16.979999542236328,15.5,15.5,-0.02988789278942605,-0.007010813232574797,-0.02716200327947249,-0.04709482812222743,0.019476016431639924,1.0623566043386286,0.06814337947298328,1.1822590909382407,-0.033433244651252636,-0.06338413334889681,0.012517172587166892,-1.6037531872152238,1750.157717150294
2025-07-21 15:30:00,15.585000038146973,15.649999618530272,15.119999885559082,15.199999809265137,715878,1h,1H,yfinance,730d,2026-04-02T03:04:46Z,-0.024390251367249594,-0.024390251367249594,16.031392296181345,16.056544971466064,16.61017002105713,16.033665018081663,16.43301300048828,16.031392296181345,16.61017002105713,16.033665018081663,16.43301300048828,0.014076063553208505,0.379099053689987,501953.15,1.4261848939487678,30.944514218209434,0.5299997329711896,0.3371891753296569,0.022183498655317335,21.807490028270475,15.308663299177242,35.19721607752203,16.056544971466064,0.379099053689987,16.81474307884604,15.29834686408609,0.09444100318310834,-0.25504433194244314,-0.16796756011403646,-0.08707677182840667,16.979999542236328,15.369999885559082,15.369999885559082,-0.05677939651559416,-0.0401010563531482,-0.04100949883663785,-0.05413813951964719,0.019476016431639924,1.1390162219866968,0.06814337947298328,1.3859160480960773,-0.05186027960367767,-0.08489799984011515,0.010780556223231041,-2.259423108192134,1750.157717150294
2025-07-21 16:30:00,15.210000038146973,15.329999923706056,15.210000038146973,15.260000228881836,353611,1h,1H,yfinance,730d,2026-04-02T03:04:46Z,0.003947396076947607,0.003947396076947607,15.957926385009962,16.018295001983642,16.584570007324217,16.031665019989013,16.435383501052858,15.957926385009962,16.584570007324217,16.031665019989013,16.435383501052858,0.014149792751025523,0.41704610443639506,502209.85,0.7041100448348435,32.6048001975075,0.13000011444091975,0.3223899566947471,0.02112647128828844,23.062575614217835,14.867731453507654,34.18343890154043,16.018295001983642,0.41704610443639506,16.85238721085643,15.184202793110853,0.10414244571841119,-0.28415244432146913,-0.191204536955523,-0.09294790736594613,16.979999542236328,15.119999885559082,15.119999885559082,-0.06092306283804083,-0.03356553098490278,-0.037072069675786246,-0.047737872565303596,0.01959920330746611,1.077925003218908,0.06814337947298328,1.5282841344800109,-0.04373539138416638,-0.07986759848807734,0.00907715395030495,-1.8182516633900263,1750.157717150294
2025-07-21 17:30:00,15.260000228881836,15.390000343322754,15.220000267028809,15.274999618530272,447082,1h,1H,yfinance,730d,2026-04-02T03:04:46Z,0.000982921980567708,0.000982921980567708,15.892885740583324,15.973794937133789,16.557669982910156,16.02761501312256,16.437783498764038,15.892885740583324,16.557669982910156,16.02761501312256,16.437783498764038,0.01394570226168513,0.4455283016303788,499476.55,0.895101081322036,33.038226879956184,0.1700000762939453,0.311504965237547,0.020393124256425962,23.945683958236813,15.663987158592132,32.85092466311917,15.973794937133789,0.4455283016303788,16.864851540394547,15.082738333873031,0.11156479806678196,-0.3025232084718681,-0.21346827125879203,-0.08905493721307606,16.979999542236328,15.119999885559082,15.119999885559082,-0.06259591610849857,-0.05241942783566944,-0.03991201979710424,-0.055057299510708924,0.01977368384147416,1.0313265054664504,0.06814337947298328,1.6372067092888152,-0.03887815794681315,-0.07746683957971023,0.0072933485317612234,-1.5684644859739014,1750.157717150294
2025-07-21 18:30:00,15.279899597167969,15.279999732971191,15.0600004196167,15.140000343322754,523830,1h,1H,yfinance,730d,2026-04-02T03:04:46Z,-0.008837923311222129,-0.008837923311222129,15.82118236941565,15.916794919967652,16.52627000808716,16.022215013504027,16.439508500099183,15.82118236941565,16.52627000808716,16.022215013504027,16.439508500099183,0.013815467985976227,0.4746778262974073,497319.9,1.0533059304483894,31.099642923987346,0.2199993133544922,0.30496884724590023,0.020143252333570897,25.11305947913916,14.856863402837023,34.905655346852384,15.916794919967652,0.4746778262974073,16.866150572562468,14.967439267372837,0.11928980141647068,-0.32423787232737666,-0.23562219147250896,-0.0886156808548677,16.979999542236328,15.119999885559082,15.119999885559082,-0.09232613511254961,-0.0759220557395317,-0.023225784301757812,-0.07002458815974721,0.020027846628310534,1.0057622622842153,0.06814337947298328,1.7505706693599685,-0.04305506441855489,-0.08388279170593438,0.005277621772418195,-1.636466954237295,1750.157717150294
2025-07-21 19:30:00,15.149999618530272,15.260000228881836,15.085000038146973,15.170000076293944,635074,1h,1H,yfinance,730d,2026-04-02T03:04:46Z,0.001981488262278619,0.001981488262278619,15.759165008165963,15.867794942855834,16.49467000961304,16.0183150100708,16.440358500480652,15.759165008165963,16.49467000961304,16.0183150100708,16.440358500480652,0.01382542248883358,0.4980802609788598,477148.8,1.3309768357376148,32.05376493690285,0.17500019073486328,0.29568537178082616,0.019491454864452615,26.197051034262767,14.228793796871464,33.430028856574445,15.867794942855834,0.4980802609788598,16.863955464813554,14.871634420898115,0.12555752397168723,-0.3351626260247027,-0.25553027838294773,-0.07963234764175497,16.979999542236328,15.0600004196167,15.0600004196167,-0.10055728825811217,-0.07781158828449719,-0.026315779808719353,-0.060681087639896436,0.019889089546734524,0.9800073964498192,0.06814337947298328,1.8425491213195093,-0.03738554241717318,-0.0803089684453876,0.003303547737769641,-1.4009687217689348,1750.157717150294
2025-07-22 13:30:00,15.0,15.549200057983398,14.84000015258789,15.4931001663208,623752,1h,1H,yfinance,730d,2026-04-02T03:04:46Z,0.021298621516275595,0.021298621516275595,15.733825499418804,15.848034954071045,16.46693202972412,16.017525014877318,16.44177400112152,15.733825499418804,16.46693202972412,16.017525014877318,16.44177400112152,0.01444083270651237,0.5046704620329946,487644.75,1.279111484333626,41.45671079908985,0.7091999053955078,0.32522212418187485,0.020991416868836165,25.8373979017668,18.364192409410652,28.222912256300813,15.848034954071045,0.5046704620329946,16.857375878137034,14.838694030005055,0.12737742275192424,-0.31412802272531337,-0.2672498272514209,-0.04687819547389249,16.979999542236328,15.0600004196167,15.0600004196167,-0.0632440967002228,-0.051835619297394886,0.01928291846931507,-0.02487363513642482,0.019889089546734524,1.0554237195981968,0.06814337947298328,1.8692560265876659,-0.015299860361797979,-0.05913863381748796,0.0015301285980993118,-0.7033001026460682,1750.157717150294
2025-07-22 14:30:00,15.4931001663208,15.649999618530272,15.460000038146973,15.579999923706056,481747,1h,1H,yfinance,730d,2026-04-02T03:04:46Z,0.005608932779906706,0.005608932779906706,15.71917544458902,15.831284952163696,16.42753204345703,16.01827501296997,16.44472400188446,15.71917544458902,16.42753204345703,16.01827501296997,16.44472400188446,0.01450462289348468,0.5077200369755713,497493.6,0.9683481355338039,43.71289033107749,0.189999580383299,0.31556337105340515,0.02025438848515355,25.0820949885893,19.85602932427275,27.009132626013514,15.831284952163696,0.5077200369755713,16.84672502611484,14.815844878212554,0.12828271072366246,-0.28713593952012495,-0.2712270497051617,-0.015908889814963245,16.979999542236328,14.84000015258789,14.84000015258789,-0.02716200327947249,-0.057471308135331856,0.020969835519305757,-0.02104932698397355,0.020198820409362224,1.0027510554906252,0.06814337947298328,1.8825410731870518,-0.008853869045075902,-0.0515921757150698,-0.001045439158812167,-0.4949283269467058,1750.157717150294
2025-07-22 15:30:00,15.59000015258789,15.630000114440918,15.5,15.5,241549,1h,1H,yfinance,730d,2026-04-02T03:04:46Z,-0.005134783318216263,-0.005134783318216263,15.698301592723398,15.803284978866577,16.38574203491211,16.01787501335144,16.44703550338745,15.698301592723398,16.38574203491211,16.01787501335144,16.44703550338745,0.014341582262563154,0.5097721127893222,498138.55,0.484903246295634,42.104181459834834,0.13000011444091797,0.3023088527239418,0.01950379694993173,24.38074228349591,19.246131281913776,26.17951977414879,15.803284978866577,0.5097721127893222,16.82282920444522,14.783740753287933,0.12902940457532217,-0.2690978518399625,-0.2708012101321219,0.001703358292159396,16.979999542236328,14.84000015258789,14.84000015258789,-0.022082042463476226,-0.057750803579275756,0.014729976241490528,-0.0348692082543306,0.020198820409362224,0.9655908887081175,0.07197751990878656,1.7926347662274909,-0.012632041214911793,-0.05405565601026263,-0.0037267183172746687,-0.5949422717674592,1750.157717150294
2025-07-22 16:30:00,15.505000114440918,15.529999732971191,15.359999656677246,15.505000114440918,249466,1h,1H,yfinance,730d,2026-04-02T03:04:46Z,0.0003225880284463134,0.0003225880284463134,15.679891928125066,15.772784996032716,16.344442043304444,16.018525018692017,16.4481605052948,15.679891928125066,16.344442043304444,16.018525018692017,16.4481605052948,0.014302370594531143,0.5084562375039486,497341.1,0.501599405317598,42.247240638573565,0.1700000762939453,0.29285822583608495,0.018887986048018477,24.169624875476813,18.448123553345305,28.50866091063171,15.772784996032716,0.5084562375039486,16.78969747104061,14.755872521024818,0.1289452021648273,-0.2514999352480807,-0.26694095515531363,0.015441019907232956,16.979999542236328,14.84000015258789,14.84000015258789,-0.02161222503669069,-0.055724723361849526,0.02410830666058339,-0.03785291128396462,0.020198820409362224,0.9351034201612995,0.07812875073608139,1.650419352030902,-0.01115389152462487,-0.05135947294128684,-0.006305778810765439,-0.526662595204603,1750.157717150294
2025-07-22 17:30:00,15.510000228881836,15.579999923706056,15.359999656677246,15.420000076293944,316386,1h,1H,yfinance,730d,2026-04-02T03:04:46Z,-0.005482104967403867,-0.005482104967403867,15.65514032318877,15.731284999847412,16.3012420463562,16.020125017166137,16.448860507011414,15.65514032318877,16.3012420463562,16.020125017166137,16.448860507011414,0.014125950511393622,0.5016389615574833,495621.05,0.6383627168377938,40.41882038545477,0.22000026702881037,0.2876540859212796,0.01865460988962684,23.73760844163501,18.681893162560613,26.951256345332013,15.731284999847412,0.5016389615574833,16.73456292296238,14.728007076732446,0.12755193528369715,-0.24162692745422198,-0.2618781496150953,0.020251222160873328,16.979999542236328,14.84000015258789,14.84000015258789,-0.030798226009905894,-0.03322882378113412,0.01647989444579334,-0.051076918381911196,0.020198820409362224,0.9235494702938377,0.08750206652614856,1.457701976050821,-0.015020002506558883,-0.05405980523178844,-0.008974388261867139,-0.6205357785348148,1750.157717150294
2025-07-22 18:30:00,15.420000076293944,15.460000038146973,15.100000381469728,15.13010025024414,453777,1h,1H,yfinance,730d,2026-04-02T03:04:46Z,-0.018800248029536837,-0.018800248029536837,15.605136506717852,15.673040008544922,16.24698205947876,16.01562602043152,16.447011008262635,15.605136506717852,16.24698205947876,16.01562602043152,16.447011008262635,0.014499588435287522,0.5004314034188532,492733.35,0.9209382721912369,34.87504122068411,0.3599996566772443,0.2928216266895628,0.01935358139380721,24.109720243589912,17.041334417772067,30.926734687278817,15.673040008544922,0.5004314034188532,16.67390281538263,14.672177201707216,0.12771776327911336,-0.2542639937683706,-0.2603553184457504,0.0060913246773797725,16.979999542236328,14.84000015258789,14.84000015258789,-0.023864499984249,-0.07795019659666402,-0.02342977920363265,-0.0714881755505179,0.020198820409362224,0.9581540407595662,0.09929172445075976,1.2862880968740802,-0.03044101897277307,-0.06874395534788025,-0.012162024375333869,-1.084943420000261,1750.157717150294
2025-07-22 19:30:00,15.145000457763672,15.300000190734863,15.039999961853027,15.06999969482422,821205,1h,1H,yfinance,730d,2026-04-02T03:04:46Z,-0.0039722509716318966,-0.0039722509716318966,15.554171096061316,15.592539978027343,16.186182041168212,16.0180260181427,16.44288600444794,15.554171096061316,16.186182041168212,16.0180260181427,16.44288600444794,0.01308764119735314,0.45982144758971666,511678.55,1.604923638092705,33.83881946785341,0.26000022888183594,0.290477241131868,0.01927519887287272,24.61671368961749,15.951809461283254,30.424871879016507,15.592539978027343,0.45982144758971666,16.512182873206775,14.67289708284791,0.11795934420888098,-0.26606158013040826,-0.26149657078268196,-0.004565009347726301,16.979999542236328,14.84000015258789,15.100000381469728,-0.03273428956221203,-0.08887552232981577,-0.03273428956221203,-0.09652281660042772,0.020198820409362224,0.9542734913341077,0.10785362189259658,1.0936984974537798,-0.03112807479401447,-0.06895896410315139,-0.015611855680948361,-1.1363982387993519,1750.157717150294
2025-07-23 13:30:00,14.449999809265137,15.03499984741211,14.210000038146973,14.93000030517578,2511360,1h,1H,yfinance,730d,2026-04-02T03:04:46Z,-0.009289939779927425,-0.009289939779927425,15.494726258834122,15.495740032196045,16.126582050323485,16.018226022720338,16.438845505714415,15.494726258834122,16.126582050323485,16.018226022720338,16.438845505714415,0.012576492962335008,0.37805892765274746,614200.95,4.088824675377008,31.491542944589867,0.8599996566772479,0.33115741367082374,0.02218067025464303,26.6674875604648,12.992804361991247,42.68374046148307,15.495740032196045,0.37805892765274746,16.25185788750154,14.739622176890549,0.09759041565417112,-0.2834407050284007,-0.2658853976318257,-0.01755530739657496,16.979999542236328,14.84000015258789,15.039999961853027,-0.017763125491934484,-0.10168474420700269,-0.03677417385962711,-0.11478708679906835,0.020310415887987016,1.0920835091201757,0.10785362189259658,0.9048413390451938,-0.03644633304421052,-0.07419934003459228,-0.018995461407699366,-1.4964326607303535,1750.157717150294
2025-07-23 14:30:00,14.9399995803833,15.104999542236328,14.90999984741211,14.949999809265137,826660,1h,1H,yfinance,730d,2026-04-02T03:04:46Z,0.001339551485636914,0.001339551485636914,15.442847549351361,15.416284990310668,16.06998203277588,16.015726022720337,16.428270502090456,15.442847549351361,16.06998203277588,16.015726022720337,16.428270502090456,0.012281292553309486,0.311571821607505,644591.3,1.2824560306662531,32.21491374283157,0.19499969482421875,0.32143186232463766,0.021500459292677247,28.26100934895699,13.985322332901026,40.834133539739206,15.416284990310668,0.311571821607505,16.039428633525677,14.793141347095657,0.08084225786000501,-0.29223133298376425,-0.27115458470221343,-0.021076748281550817,16.8700008392334,14.210000038146973,14.210000038146973,-0.020314575030606963,-0.10532611440074546,-0.035794924287609,-0.09608145398150114,0.02037978377362322,1.0549895686579598,0.10785362189259658,0.7495553365886017,-0.031914304567937424,-0.06969405573860998,-0.021809262835609244,-1.4965576111466294,1750.157717150294
2025-07-23 15:30:00,14.9399995803833,15.0,14.869999885559082,14.970000267028809,637064,1h,1H,yfinance,730d,2026-04-02T03:04:46Z,0.0013378232788523459,0.0013378232788523459,15.397814474844452,15.364035034179688,16.018482036590576,16.013676023483278,16.419745507240297,15.397814474844452,16.018482036590576,16.013676023483278,16.419745507240297,0.01069448737452322,0.29390899648895935,654063.8,0.9740089575359467,32.97707272197175,0.13000011444091797,0.3077581660472291,0.020558327358554673,29.803256253095345,13.563355230075402,40.530452182029855,15.364035034179688,0.29390899648895935,15.951853027157606,14.77621704120177,0.07651869989494625,-0.2941928273951788,-0.2757622332408065,-0.018430594154372315,16.540000915527344,14.210000038146973,14.210000038146973,-0.01996722481953228,-0.10626864077439946,-0.029182866863726287,-0.06525127458294389,0.020408240576466743,1.0073542244626907,0.10785362189259658,0.7094680600633473,-0.02778408640489649,-0.0654545023159342,-0.02443786174839202,-1.3406692951152352,1750.157717150294
2025-07-23 16:30:00,14.96500015258789,15.029999732971191,14.795000076293944,14.920000076293944,586476,1h,1H,yfinance,730d,2026-04-02T03:04:46Z,-0.0033400260416153182,-0.0033400260416153182,15.352308341649165,15.317535018920898,15.967582035064698,16.013476028442383,16.411345505714415,15.352308341649165,15.967582035064698,16.013476028442383,16.411345505714415,0.01057385589985008,0.286828316333955,654241.15,0.896421755189199,32.00815160425229,0.23499965667724787,0.30256112966365906,0.02027889598636073,31.35531631207359,12.810878290007476,40.05247051562661,15.317535018920898,0.286828316333955,15.891191651588809,14.743878386252987,0.07490195151625957,-0.29636560515624666,-0.27988290762389456,-0.016482697532352097,16.099700927734375,14.210000038146973,14.210000038146973,-0.014531060900922488,-0.11611369561132401,-0.013886238060240697,-0.05867509670618365,0.02033601012139335,0.9971914778419325,0.10785362189259658,0.6944778506450981,-0.028159170317235915,-0.06560679985675177,-0.027040041932893222,-1.385968260414371,1750.157717150294
2025-07-23 17:30:00,14.920000076293944,15.0,14.875,14.904999732971191,399592,1h,1H,yfinance,730d,2026-04-02T03:04:46Z,-0.0010053849360621703,-0.0010053849360621703,15.309707521775072,15.270410013198852,15.922882041931153,16.012276029586793,16.4035205078125,15.309707521775072,15.922882041931153,16.012276029586793,16.4035205078125,0.010564223417164221,0.272975912897936,649427.95,0.6152984330286371,31.707164460116914,0.125,0.2898781918305406,0.01944838624782422,32.79651493826768,12.416288958699884,38.81880977822771,15.270410013198852,0.272975912897936,15.816361838994723,14.72445818740298,0.0715045405230092,-0.2958871466853221,-0.2830837554361801,-0.012803391249142038,16.019899368286133,14.210000038146973,14.210000038146973,-0.01746871074423173,-0.15071222900704617,-0.010948902799891802,-0.05947311080711748,0.02026664223575714,0.9596254782408286,0.10785362189259658,0.6629776475584219,-0.026434717203334124,-0.06392575830678648,-0.02930093364119213,-1.3386173027078951,1750.157717150294
2025-07-23 18:30:00,14.899999618530272,14.989999771118164,14.835000038146973,14.875,544754,1h,1H,yfinance,730d,2026-04-02T03:04:46Z,-0.0020127295208753893,-0.0020127295208753893,15.268306805415541,15.218660020828247,15.877382049560547,16.01182602882385,16.39444550514221,15.268306805415541,15.877382049560547,16.01182602882385,16.39444550514221,0.010447443384806843,0.24331354963822108,643013.55,0.8471889900298368,31.077748470427622,0.1549997329711914,0.28024401619772993,0.018839933862032265,34.20503819549624,11.925767086469955,38.304740189887504,15.218660020828247,0.24331354963822108,15.705287120104689,14.732032921551806,0.0639513726715025,-0.2945334938561146,-0.285373703120167,-0.009159790735947582,15.979999542236328,14.210000038146973,14.210000038146973,-0.03989518945113635,-0.15432504399279812,-0.003683878369159399,-0.06505341655175823,0.02026664223575714,0.9296031203823352,0.10785362189259658,0.5929459905870099,-0.025759687071263082,-0.06313270326503795,-0.03153894137008084,-1.4124162889375864,1750.157717150294
2025-07-23 19:30:00,14.872099876403809,14.880000114440918,14.670000076293944,14.75,1376650,1h,1H,yfinance,730d,2026-04-02T03:04:46Z,-0.008403361344537785,-0.008403361344537785,15.218944252518822,15.181160020828248,15.838782043457032,16.01072603225708,16.38319550514221,15.218944252518822,15.838782043457032,16.01072603225708,16.38319550514221,0.009190056656802326,0.254597201476506,668888.4,2.058116122211119,28.535902197857766,0.21000003814697443,0.27522658919410453,0.018659429775871494,35.79347352039721,11.27580612406444,40.4992954130627,15.181160020828248,0.254597201476506,15.69035442378126,14.671965617875236,0.06708241033681323,-0.30008794256421467,-0.2883165510089766,-0.011771391555238098,15.979999542236328,14.210000038146973,14.795000076293944,-0.053273422835076745,-0.16050083914656732,-0.013377913833897748,-0.048387096774193505,0.020198820409362224,0.9237880924582498,0.10785362189259658,0.6219764265646602,-0.03081319208073252,-0.0687415257353583,-0.0332299923732402,-1.6934986650591084,1750.157717150294
2025-07-24 13:30:00,14.75,14.808300018310549,14.510000228881836,14.579999923706056,434376,1h,1H,yfinance,730d,2026-04-02T03:04:46Z,-0.011525428901284274,-0.011525428901284274,15.158092411679512,15.131160020828247,15.794782028198242,16.008576030731202,16.37074550628662,15.158092411679512,15.794782028198242,16.008576030731202,16.37074550628662,0.009220011432805614,0.2691388948329214,659014.45,0.6591297049708091,25.483243663030535,0.2982997894287127,0.276874674925148,0.018990032673111966,37.515801249984285,10.408066803439958,41.5103390889843,15.131160020828247,0.2691388948329214,15.66943781049409,14.592882231162404,0.0711482515451421,-0.31458117265168184,-0.29356947533751765,-0.02101169731416419,15.68000030517578,14.210000038146973,14.670000076293944,-0.05935484363186727,-0.17064846490440522,-0.026052126677761134,-0.06418485268914731,0.019823524641751314,0.9579544009603677,0.10785362189259658,0.6596741982016455,-0.03813754872796704,-0.07691034306921418,-0.03518248315980477,-2.047864904343703,1750.157717150294
2025-07-24 14:30:00,14.56999969482422,14.735799789428713,14.369999885559082,14.509900093078612,523120,1h,1H,yfinance,730d,2026-04-02T03:04:46Z,-0.004807944512637996,-0.004807944512637996,15.096359809907998,15.096655035018921,15.754580020904541,16.007575035095215,16.359895005226136,15.096359809907998,15.754580020904541,16.007575035095215,16.359895005226136,0.00786527301713044,0.3005102323282121,649376.55,0.8055726681229866,24.327563216765725,0.3657999038696307,0.28322647699261105,0.019519533227366142,39.31470388075394,9.447888756782277,41.21162717661357,15.096655035018921,0.3005102323282121,15.697675499675345,14.495634570362498,0.0796229977120452,-0.32794330610186684,-0.3004442414903875,-0.02749906461147933,15.649999618530272,14.210000038146973,14.510000228881836,-0.06417929790503507,-0.18680608060590143,-0.027486593908731316,-0.04540129768724577,0.019511665088648936,1.0004032530633065,0.10785362189259658,0.7382505688249935,-0.03884775695691112,-0.07900432294446313,-0.036999930875364906,-1.9525289950841545,1750.157717150294
2025-07-24 15:30:00,14.494999885559082,14.55500030517578,14.31999969482422,14.40999984741211,590611,1h,1H,yfinance,730d,2026-04-02T03:04:46Z,-0.006884971297228648,-0.006884971297228648,15.0309921944322,15.054155015945435,15.714680004119874,16.002675037384034,16.348595004081727,15.0309921944322,15.714680004119874,16.002675037384034,16.348595004081727,0.007789736297938342,0.3327774524035093,661226.55,0.8932052108312952,22.744515453654216,0.23500061035155895,0.2797817722325359,0.019415806744979384,41.05466723787274,8.8810542131866,40.01560867435202,15.054155015945435,0.3327774524035093,15.719709920752454,14.388600111138416,0.08842142306918718,-0.34264421878863693,-0.3088842369500374,-0.03375998183859952,15.649999618530272,14.210000038146973,14.369999885559082,-0.0654993660106763,-0.20430704794259102,-0.03321032502027477,-0.05570120371695497,0.019497625907192173,0.9958036346269928,0.10457760686047654,0.8455101022454614,-0.04131412876723595,-0.08302301773664622,-0.0387748916529882,-1.9356935509929176,1750.157717150294
2025-07-24 16:30:00,14.40999984741211,14.43000030517578,14.280099868774414,14.40999984741211,382437,1h,1H,yfinance,730d,2026-04-02T03:04:46Z,0.0,0.0,14.971850066144572,15.010905027389526,15.672780017852784,15.992625036239623,16.338495001792907,14.971850066144572,15.672780017852784,15.992625036239623,16.338495001792907,0.007768589244650996,0.3566208749511864,657994.3,0.5812162810528906,22.744515453654216,0.1499004364013654,0.2705045339588809,0.01877200116747127,42.727282652283016,8.52952223837287,39.48528363195332,15.010905027389526,0.3566208749511864,15.7241467772919,14.297663277487153,0.09502981313930936,-0.3502572504516177,-0.31715883965035346,-0.033098410801264244,15.649999618530272,14.210000038146973,14.31999969482422,-0.04759389501205791,-0.1954215538704055,-0.031260514459690136,-0.056628464335201745,0.019469920556138418,0.9641539683403016,0.09631011439674024,0.9867064714287764,-0.037527106954067024,-0.08057154946360812,-0.040745183927104134,-1.6849972118420375,1750.157717150294
2025-07-24 17:30:00,14.399999618530272,14.43000030517578,14.359999656677246,14.404999732971191,313828,1h,1H,yfinance,730d,2026-04-02T03:04:46Z,-0.00034698920845688264,-0.00034698920845688264,14.91786432012806,14.974154996871949,15.628880004882813,15.980625038146973,16.329270000457765,14.91786432012806,15.628880004882813,15.980625038146973,16.329270000457765,0.0076627049497578195,0.37861677850871767,647494.2,0.4846807894186543,22.658926543734793,0.07000064849853338,0.25618282785457036,0.017784299382401295,44.28042553709256,8.363047355384866,38.71462992021254,14.974154996871949,0.37861677850871767,15.731388553889385,14.216921439854513,0.101138736332784,-0.35262921030876626,-0.324252913782036,-0.028376296526730238,15.649999618530272,14.280099868774414,14.280099868774414,-0.04412740380355962,-0.1898200688040056,-0.023389848612122566,-0.048546934853652246,0.019432096496401804,0.9152022987171956,0.09631011439674024,1.0501361873183197,-0.03437922320186826,-0.07830889171388189,-0.04289169053823705,-1.503248921356645,1750.157717150294
2025-07-24 18:30:00,14.404999732971191,14.547499656677246,14.399999618530272,14.529999732971191,409534,1h,1H,yfinance,730d,2026-04-02T03:04:46Z,0.008677542680815886,0.008677542680815886,14.88092483563693,14.94215497970581,15.587279987335204,15.971125040054321,16.319650998115538,14.88092483563693,15.587279987335204,15.971125040054321,16.319650998115538,0.007988622074180128,0.3876500922681854,636217.2,0.6437015534946242,29.7736147539284,0.14750003814697443,0.24841977144688496,0.01709702519010896,44.90359181311637,11.386842029603104,37.07270591943816,14.94215497970581,0.3876500922681854,15.717455164242182,14.166854795169439,0.10377354345332003,-0.3404975069454643,-0.3275018324147217,-0.012995674530742629,15.649999618530272,14.280099868774414,14.280099868774414,-0.026791732352873465,-0.17184384897190708,-0.003429368381104636,-0.04218855241292163,0.019384694069393298,0.8819858146280286,0.09631011439674024,1.077493720190539,-0.023582210550875282,-0.06782968261448197,-0.044876634363375856,-1.063214623071675,1750.157717150294
2025-07-24 19:30:00,14.53499984741211,14.58899974822998,14.43000030517578,14.479999542236328,699480,1h,1H,yfinance,730d,2026-04-02T03:04:46Z,-0.003441169418702983,-0.003441169418702983,14.842741474360682,14.891499948501586,15.544879970550538,15.960825033187866,16.30970099925995,14.842741474360682,15.544879970550538,15.960825033187866,16.30970099925995,0.00591193807684342,0.37842966894212937,640003.6,1.0929313522611435,28.638745076972114,0.158999443054201,0.24203260513312183,0.016714959446451867,45.19992044343202,12.077276637173439,35.3331116107467,14.891499948501586,0.37842966894212937,15.648359286385844,14.134640610617328,0.10164984595261199,-0.33110091688246257,-0.3282216493082699,-0.0028792675741926566,15.649999618530272,14.280099868774414,14.280099868774414,-0.031438145352853386,-0.17091328853548604,-0.0020606999807356585,-0.06539043917670984,0.019314390133339965,0.865414819264677,0.09631011439674024,1.0554431026203046,-0.024439011671189892,-0.06850361214313683,-0.046893626605669536,-1.087389388404919,1750.157717150294
2025-07-25 13:30:00,14.43000030517578,14.68000030517578,14.375,14.425000190734863,490320,1h,1H,yfinance,730d,2026-04-02T03:04:46Z,-0.0037982978757035157,-0.0037982978757035157,14.802956590205843,14.833749961853027,15.502179985046388,15.950975036621093,16.297726001739502,14.802956590205843,15.502179985046388,15.950975036621093,16.297726001739502,0.005542483986431551,0.35644556917534004,640432.25,0.7656079155913837,27.401490128521004,0.3050003051757795,0.24653029799331166,0.017090488369744174,44.862948167554684,13.646623771796401,32.21074551277293,14.833749961853027,0.35644556917534004,15.546641100203706,14.120858823502347,0.09611745380419304,-0.3243530989542176,-0.32744793923745946,0.003094840283241862,15.649999618530272,14.280099868774414,14.280099868774414,-0.036406150071640275,-0.15840135913617803,0.00104096762537087,-0.07413348771676054,0.019132615772992342,0.8932645997035679,0.0955736334717512,1.0056900665244937,-0.025532493942530987,-0.06948569784059966,-0.04881331399289712,-1.1467382581408783,1750.157717150294
2025-07-25 14:30:00,14.425000190734863,14.425000190734863,14.109999656677246,14.220000267028809,556998,1h,1H,yfinance,730d,2026-04-02T03:04:46Z,-0.01421143299795069,-0.01421143299795069,14.747436940379458,14.769749975204467,15.456879978179932,15.939825038909913,16.287600998878478,14.747436940379458,15.456879978179932,15.939825038909913,16.287600998878478,0.0059848304907010085,0.34582860526858333,656204.7,0.8488174497988205,23.35192238611431,0.3150005340576172,0.2514210291407621,0.017680803405026597,45.199494285910056,12.4253673140842,36.85680314914001,14.769749975204467,0.34582860526858333,15.461407185741635,14.0780927646673,0.09365862139823966,-0.33172328567126996,-0.32830300852422156,-0.0034202771470484006,15.630000114440918,14.280099868774414,14.280099868774414,-0.046916877056679684,-0.17084544703637494,-0.013185259014240946,-0.0825806279336253,0.018939009360565223,0.9335653765418976,0.09434421726877451,0.9927330376955519,-0.03576463323647061,-0.08002130526323514,-0.05100327671065541,-1.5896594434364468,1750.157717150294
2025-07-25 15:30:00,14.200400352478027,14.25,14.114999771118164,14.163000106811523,459127,1h,1H,yfinance,730d,2026-04-02T03:04:46Z,-0.004008450010331455,-0.004008450010331455,14.691776289563464,14.702649974822998,15.410539989471436,15.93088804244995,16.27781599521637,14.691776289563464,15.410539989471436,15.93088804244995,16.27781599521637,0.005891929040766529,0.32630146482693045,666687.75,0.688668720851703,22.36232508027429,0.13500022888183594,0.24310525769369595,0.017164813659556313,45.51200139581147,11.932509832380372,35.39486236907561,14.702649974822998,0.32630146482693045,15.35525290447686,14.050047045169137,0.08877351100262698,-0.33826434746781686,-0.33029527631294064,-0.007969071154876217,15.579999923706056,14.109999656677246,14.109999656677246,-0.049781928175302026,-0.15089928970704136,-0.016799696677936238,-0.08655272478066567,0.018914983267572114,0.9074717866118183,0.09121606620043332,0.9732223137924059,-0.03599130372871007,-0.08095367738653148,-0.053279629527683725,-1.6538383249296904,1750.157717150294
2025-07-25 16:30:00,14.170000076293944,14.329999923706056,14.109999656677246,14.3100004196167,424282,1h,1H,yfinance,730d,2026-04-02T03:04:46Z,0.010379178966077873,0.010379178966077873,14.655416682901867,14.647149991989135,15.369739990234375,15.92508804321289,16.267540998458863,14.655416682901867,15.369739990234375,15.92508804321289,16.267540998458863,0.0067160427778426525,0.2921840569055857,672082.55,0.6312944741683889,30.537770949390335,0.22000026702881037,0.24145490121763272,0.016873158220641074,45.25976051958498,13.522524895842178,33.09130318521141,14.647149991989135,0.2921840569055857,15.231518105800307,14.062781878177963,0.07979273976586244,-0.32780772594540686,-0.3297977662394339,0.001990040294027051,15.579999923706056,14.109999656677246,14.109999656677246,-0.037983165067784874,-0.14719905637397124,-0.0151410404265373,-0.07198441317673598,0.018914983267572114,0.8920525057808775,0.08859746703590708,0.9006210045883566,-0.02356918747238057,-0.0689497396371711,-0.05518971848969323,-1.1538944867254683,1750.157717150294
2025-07-25 17:30:00,14.3149995803833,14.359999656677246,14.255000114440918,14.31999969482422,275076,1h,1H,yfinance,730d,2026-04-02T03:04:46Z,0.0006987613497071443,0.0006987613497071443,14.623472207846854,14.60664496421814,15.334739990234375,15.92048804283142,16.256765995025635,14.623472207846854,15.334739990234375,15.92048804283142,16.256765995025635,0.0058079642453222145,0.27824482759685243,663147.5,0.4148036447396695,31.069493819499883,0.10499954223632812,0.23170808986182526,0.01618073287708052,44.82178108683532,14.009626198334606,32.02019819255734,14.60664496421814,0.27824482759685243,15.163134619411844,14.050155309024435,0.07619677982958248,-0.3150818526455339,-0.32685458352065394,0.011772730875120041,15.460000038146973,14.109999656677246,14.109999656677246,-0.029152563062764703,-0.13317195532555492,-0.011049713568388464,-0.05354231247786001,0.01880596751475177,0.8604041703458243,0.0846318404645961,0.9003323029641279,-0.02075242519076914,-0.06617264433934789,-0.05671644686731592,-1.0301908282343264,1750.157717150294
2025-07-25 18:30:00,14.329999923706056,14.5,14.295000076293944,14.48960018157959,312240,1h,1H,yfinance,730d,2026-04-02T03:04:46Z,0.011843609662692156,0.011843609662692156,14.610722491059496,14.577624988555907,15.304032001495361,15.917684040069581,16.24761399745941,14.610722491059496,15.304032001495361,15.917684040069581,16.24761399745941,0.006606865205848614,0.25793045348573806,637699.25,0.4896352002923008,39.52527580562112,0.20499992370605646,0.22980036370784176,0.0158596759626248,43.5036728866755,17.468548372258134,29.979874993071636,14.577624988555907,0.25793045348573806,15.093485895527383,14.061764081584432,0.07077434182542763,-0.2879913791492452,-0.31908194264637224,0.03109056349712702,15.300000190734863,14.109999656677246,14.109999656677246,-0.006200256694067763,-0.11675711215453655,0.004478335527941191,-0.03851357166543068,0.018715715471671383,0.8473988604192256,0.08031749881293374,0.8811820944557434,-0.008289960305113087,-0.053216813702179455,-0.058075111589405926,-0.3412734160961915,1750.157717150294
2025-07-25 19:30:00,14.489999771118164,14.619999885559082,14.479999542236328,14.5600004196167,785450,1h,1H,yfinance,730d,2026-04-02T03:04:46Z,0.004858673611064068,0.004858673611064068,14.605891817588754,14.559124994277955,15.271931991577148,15.915384044647217,16.237513999938965,14.605891817588754,15.271931991577148,15.915384044647217,16.237513999938965,0.006539128606839467,0.24493464869315767,551403.75,1.4244553106503175,42.66913111291547,0.1400003433227539,0.22338607653747836,0.015342449869473227,41.57521302072464,20.52360058581226,28.63780618656521,14.559124994277955,0.24493464869315767,15.04899429166427,14.06925569689164,0.06729378277593527,-0.2578687227586034,-0.3068392986688185,0.048970575910215086,15.104999542236328,14.109999656677246,14.109999656677246,0.003452837456957125,-0.11784300757635202,0.02390999621682366,-0.024782309309853923,0.018221864579136396,0.8419802376887363,0.07970786873895383,0.8442552014070889,-0.0031419784936919104,-0.04661699465091229,-0.059466123223385514,0.003574118008273698,1750.157717150294
2025-07-28 13:30:00,15.420000076293944,15.649999618530272,14.93000030517578,15.100000381469728,2524572,1h,1H,yfinance,730d,2026-04-02T03:04:46Z,0.03708790839906073,0.03708790839906073,14.652949776053608,14.566625022888184,15.248331985473634,15.915934047698975,16.22946400642395,14.652949776053608,15.248331985473634,15.915934047698975,16.22946400642395,0.010614020902734654,0.25869844389794044,636299.35,3.9675853825718983,59.892511854678865,1.0899991989135724,0.2852870138500565,0.018893179247872885,40.914263374406026,40.7111062969503,20.82232205840914,14.566625022888184,0.25869844389794044,15.084021910684065,14.049228135092303,0.07103867738517437,-0.18825275600548252,-0.2831219901361513,0.09486923413066878,15.104999542236328,14.109999656677246,14.109999656677246,0.04788345186426457,-0.09036144370661703,0.0661583186889596,0.010033483218617079,0.018221864579136396,1.036841162210432,0.07807084880349573,0.9099257722172162,0.03050925665129256,-0.009727726556925331,-0.06045375377535356,2.0617648507849826,1750.157717150294
2025-07-28 14:30:00,15.130000114440918,15.479999542236328,14.989999771118164,15.204999923706056,1243382,1h,1H,yfinance,730d,2026-04-02T03:04:46Z,0.00695361189296273,0.00695361189296273,14.705525980591936,14.578375005722046,15.22943199157715,15.916384048461914,16.22076650619507,14.705525980591936,15.22943199157715,15.916384048461914,16.22076650619507,0.01070491212445587,0.28111806967723735,666615.25,1.8652168548499304,62.26627775412883,0.48999977111816406,0.29990935365492133,0.019724390342635505,40.300524417110175,35.96004389274473,18.392318049714856,14.578375005722046,0.28111806967723735,15.140611145076521,14.016138866367571,0.07713289569431381,-0.12318896949907909,-0.25113538600873686,0.12794641650965777,15.649999618530272,14.109999656677246,14.109999656677246,0.05517002669758675,-0.08458763606365505,0.06254363926240414,0.015698039578184275,0.018221864579136396,1.082457300512455,0.0783779467031795,0.9841147789494824,0.03396505121770654,-0.00160426652055079,-0.061115146083836835,2.229045321431891,1750.157717150294
2025-07-28 15:30:00,15.199999809265137,15.289999961853027,15.15999984741211,15.1899995803833,770064,1h,1H,yfinance,730d,2026-04-02T03:04:46Z,-0.0009865401774431515,-0.0009865401774431515,14.751666323429209,14.591874980926514,15.215465984344483,15.916534042358398,16.212016501426696,14.751666323429209,15.215465984344483,15.916534042358398,16.212016501426696,0.010671246436211722,0.302843138180231,675794.65,1.1394940756041794,61.70441898045265,0.13000011444091797,0.2877729794253497,0.01894489712804114,39.73062395676403,34.79970219594402,17.79884342555818,14.591874980926514,0.302843138180231,15.197561257286976,13.986188704566052,0.08301692238347341,-0.07200581407395035,-0.21530947162177957,0.14330365754782923,15.649999618530272,14.109999656677246,14.255000114440918,0.054494957442820846,-0.08493980534243739,0.06075418324719162,0.018096481414792587,0.018221864579136396,1.0396793942664133,0.07970786873895383,1.0415147675740377,0.029714152106186997,-0.0016737183065825834,-0.06146986816812783,1.9750310442920616,1750.157717150294
2025-07-28 16:30:00,15.1899995803833,15.239999771118164,15.109999656677246,15.135000228881836,796703,1h,1H,yfinance,730d,2026-04-02T03:04:46Z,-0.003620760567531023,-0.003620760567531023,14.788174314424698,14.603375005722047,15.199865989685058,15.915884046554565,16.202341504096985,14.788174314424698,15.199865989685058,15.915884046554565,16.202341504096985,0.010710400873250961,0.31847858955309294,695650.2,1.1452638121860672,59.58153149181377,0.13000011444091797,0.2765034890693189,0.01826914336886976,38.967217797035694,33.63103565443987,18.492755462692507,14.603375005722047,0.31847858955309294,15.240332184828233,13.96641782661586,0.08723424261262994,-0.03547188485410757,-0.17934195426824517,0.1438700694141376,15.649999618530272,14.109999656677246,14.295000076293944,0.04163802526009608,-0.08605068134158023,0.044542295109200714,0.015431096949425793,0.018026721375635525,1.0134479247880253,0.08140483107466792,1.0716101423097977,0.02345292306426483,-0.004267521887840409,-0.061872261744294055,1.6692651895557429,1750.157717150294
2025-07-28 17:30:00,15.135000228881836,15.31999969482422,15.039999961853027,15.225000381469728,2617501,1h,1H,yfinance,730d,2026-04-02T03:04:46Z,0.005946491656878106,0.005946491656878106,14.829776797000415,14.620875024795533,15.183166007995606,15.912234048843384,16.193316502571108,14.829776797000415,15.183166007995606,15.912234048843384,16.193316502571108,0.01074546899312461,0.341693224763095,799287.55,3.274792657536077,61.89198582358104,0.2799997329711932,0.27675322077659564,0.01817755099129131,38.46588865914542,33.26539566343302,17.156349131106964,14.620875024795533,0.341693224763095,15.304261474321722,13.937488575269343,0.0934809234559812,0.000735301320634818,-0.1433265031504692,0.144061804471104,15.649999618530272,14.109999656677246,14.479999542236328,0.05145033582772762,-0.07643313207344571,0.045673072986802454,0.02352943740972968,0.017980925186846304,1.0109352440100716,0.08512558249805167,1.098153113467632,0.02665067653272124,0.0027553129203812254,-0.06238070468239876,1.7680343445295175,1750.157717150294
2025-07-28 18:30:00,15.224499702453612,15.300000190734863,15.15999984741211,15.164999961853027,1098205,1h,1H,yfinance,730d,2026-04-02T03:04:46Z,-0.003940914161797093,-0.003940914161797093,14.861702812700663,14.641625022888183,15.164166011810302,15.905524044036865,16.18344150543213,14.861702812700663,15.164166011810302,15.905524044036865,16.18344150543213,0.010588502495951455,0.3609620919479937,785365.3,1.3983365447900487,59.45204087301439,0.1400003433227539,0.26698515810132123,0.01760535171598497,38.00036874539016,32.019428379074924,16.513751942344758,14.641625022888183,0.3609620919479937,15.363549206784171,13.919700838992195,0.09861257650943203,0.024308017114092806,-0.1097995990975568,0.1341076162116496,15.649999618530272,14.109999656677246,14.93000030517578,0.05129981014443685,-0.07979366607463245,0.004304607863657051,0.028135590634103647,0.017732551393713946,0.9928267695434924,0.08782783284090856,1.1227941453144923,0.020407967577791286,5.499478455162077e-05,-0.06298261672461303,1.4499443311079057,1750.157717150294
2025-07-28 19:30:00,15.15999984741211,15.225000381469728,15.100000381469728,15.170000076293944,1511254,1h,1H,yfinance,730d,2026-04-02T03:04:46Z,0.000329714108374235,0.000329714108374235,14.891064456852405,14.671125030517578,15.142566013336182,15.900324048995971,16.172241506576537,14.891064456852405,15.142566013336182,15.900324048995971,16.172241506576537,0.010169425918678138,0.37840786009800975,839209.2,1.8008072361456477,59.594993169080176,0.125,0.256843361094084,0.016931005919733077,37.24394351234267,30.906346257089005,17.608284418892737,14.671125030517578,0.37840786009800975,15.427940750713597,13.914309310321558,0.10317078187552196,0.042898524177029884,-0.07925997444263946,0.12215849861966935,15.649999618530272,14.109999656677246,14.989999771118164,0.06680729897508164,-0.0721712708039528,-0.0023018643596008914,0.04046640299555748,0.017643077560505784,0.9596401683135664,0.08859746703590708,1.164489068674035,0.01873174481580997,0.0018117182341221838,-0.0636693121866645,1.318352757384993,1750.157717150294
2025-07-29 13:30:00,15.399999618530272,15.470000267028809,14.770000457763672,15.470000267028809,1485240,1h,1H,yfinance,730d,2026-04-02T03:04:46Z,0.019775885908113633,0.019775885908113633,14.946201200678729,14.719130039215088,15.12606601715088,15.89667405128479,16.161466507911683,14.946201200678729,15.12606601715088,15.89667405128479,16.161466507911683,0.010737715046853382,0.4141236963478931,887315.2,1.6738583989094293,67.09146557218989,0.6999998092651367,0.28849739310630207,0.01864882922601987,35.001332928763645,25.549913482601173,22.726973067116294,14.719130039215088,0.4141236963478931,15.547377431910874,13.890882646519302,0.11254026433480079,0.08090650333992322,-0.04722667888612693,0.12813318222605014,15.649999618530272,14.255000114440918,15.039999961853027,0.09228271908214558,-0.037336617248888704,0.01843322543649739,0.06616862747443553,0.017643077560505784,1.0570054550893928,0.09112721722930409,1.2349797103055928,0.035045631951367895,0.022737851962827182,-0.06406599860562989,1.813154461904872,1750.157717150294
2025-07-29 14:30:00,15.470000267028809,15.5,15.199999809265137,15.300200462341309,853358,1h,1H,yfinance,730d,2026-04-02T03:04:46Z,-0.010976069926087462,-0.010976069926087462,14.979915416075166,14.763640069961548,15.09847002029419,15.891776056289673,16.152567510604857,14.979915416075166,15.09847002029419,15.891776056289673,16.152567510604857,0.010965684288810031,0.42617057746539616,900452.55,0.9476990208978807,60.27499895078254,0.3000001907348633,0.28931902150834216,0.01890949221354641,33.02852139202022,24.398192847464856,21.043686317370685,14.763640069961548,0.42617057746539616,15.61598122489234,13.911298915030756,0.11546490579447086,0.09621753959401325,-0.018537835190098894,0.11475537478411214,15.649999618530272,14.295000076293944,14.770000457763672,0.06919636713407806,-0.045229277593919814,0.01091511271630008,0.06177658739455638,0.017643077560505784,1.0717796908559485,0.09356977242711043,1.2339979333006976,0.02138096493672048,0.013360985700933137,-0.06525881966557989,1.2590273020978966,1750.157717150294
2025-07-29 15:30:00,15.3100004196167,15.420000076293944,15.149999618530272,15.154999732971191,537388,1h,1H,yfinance,730d,2026-04-02T03:04:46Z,-0.009490119409056308,-0.009490119409056308,14.996590112922407,14.800890064239502,15.064250030517577,15.88212604522705,16.14434251308441,14.996590112922407,15.064250030517577,15.88212604522705,16.14434251308441,0.01128845231417897,0.42619109324901755,908200.1,0.591706607387513,55.11794857529254,0.2700004577636719,0.2879391240980086,0.01899961261441455,30.978615407108716,22.764037101608658,20.874556851110253,14.800890064239502,0.42619109324901755,15.653272250737537,13.948507877741466,0.11517985510310352,0.09553390537502615,0.0042765129229261145,0.09125739245210003,15.649999618530272,14.479999542236328,14.770000457763672,0.05831005977247128,-0.06248073772677565,-0.00459774362854759,0.05170020079444182,0.017643077560505784,1.0768876659560451,0.09356977242711043,1.2309515361152241,0.010563042588747296,0.0060241765949031745,-0.06690222792854261,0.8308706454472723,1750.157717150294
2025-07-29 16:30:00,15.15999984741211,15.300000190734863,15.135000228881836,15.260000228881836,312698,1h,1H,yfinance,730d,2026-04-02T03:04:46Z,0.006928439311167045,0.006928439311167045,15.021676790632828,14.843640089035034,15.038668022155761,15.870887050628662,16.135092511177064,15.021676790632828,15.038668022155761,15.870887050628662,16.135092511177064,0.011305271196249618,0.4272164940508315,908143.6,0.3443266020924444,57.92163993644624,0.16499996185302734,0.2791577553662242,0.018293430614625836,29.007325046332337,21.802966273073327,20.377049596338104,14.843640089035034,0.4272164940508315,15.698073077136698,13.98920710093337,0.11512445504965207,0.10228569698122847,0.023878349734586586,0.07840734724664189,15.649999618530272,14.770000457763672,14.770000457763672,0.053169172209571736,-0.06265358812916877,0.0062644422860387294,0.059354426363067425,0.017643077560505784,1.0368616559038357,0.09356977242711043,1.2303594639960511,0.01586530196133773,0.01471754056941732,-0.06795278603217114,0.9745881669944653,1750.157717150294
2025-07-29 17:30:00,15.260000228881836,15.829999923706056,15.229999542236328,15.539999961853027,1631327,1h,1H,yfinance,730d,2026-04-02T03:04:46Z,0.018348606079392482,0.018348606079392482,15.071040902177609,14.894140100479126,15.029168033599854,15.861787042617799,16.124892511367797,15.071040902177609,15.029168033599854,15.861787042617799,16.124892511367797,0.011738426477837275,0.4464202298386508,969233.25,1.683110850767862,64.3220568466781,0.6000003814697283,0.30207508580218884,0.019438551257639044,28.951808002824386,31.242006690575856,17.486037653169237,14.894140100479126,0.4464202298386508,15.786980560156428,14.001299640801824,0.1198915081574371,0.12874607426605422,0.044851894640880116,0.0838941796251741,15.649999618530272,14.770000457763672,14.770000457763672,0.06730765892808455,-0.037770877466606345,0.024390236235877216,0.06951137284538023,0.017929177198158952,1.0841853501026852,0.09356977242711043,1.2813059714431918,0.031116567377085236,0.03398936834767796,-0.0679523585658307,1.446753122293168,1750.157717150294
2025-07-29 18:30:00,15.550000190734863,15.795000076293944,15.5,15.699999809265137,762905,1h,1H,yfinance,730d,2026-04-02T03:04:46Z,0.010296000502243885,0.010296000502243885,15.13094175047166,14.955140113830566,15.026168022155762,15.85538604736328,16.117792506217956,15.13094175047166,15.026168022155762,15.85538604736328,16.117792506217956,0.011717936412843417,0.4684708031387551,972404.5,0.7845551928235627,67.37582223186334,0.29500007629394354,0.30156972798017134,0.019208263162029095,28.900256462424146,29.059049246295277,16.264244301544654,14.955140113830566,0.4684708031387551,15.892081720108077,14.018198507553056,0.12530027791729267,0.16077346795209913,0.06803620930312393,0.0927372586489752,15.829999923706056,14.770000457763672,14.770000457763672,0.03973506043958186,-0.01185149660055862,0.014867455608680524,0.08425416475119496,0.018223347180080535,1.054046930688186,0.09356977242711043,1.3391106408311495,0.037608898915742595,0.04484388741799128,-0.06772791519937149,1.5899810413882982,1750.157717150294
2025-07-29 19:30:00,15.69499969482422,15.779999732971191,15.570799827575684,15.68000030517578,1303736,1h,1H,yfinance,730d,2026-04-02T03:04:46Z,-0.0012738537791290305,-0.0012738537791290305,15.183233041395862,15.017890119552613,15.022818031311035,15.846886043548585,16.108817505836488,15.183233041395862,15.022818031311035,15.846886043548585,16.108817505836488,0.01164532662256565,0.4772274385680375,1013075.3,1.2869092751545714,66.60837409974911,0.2091999053955078,0.2949718835098382,0.018811982000566132,28.852387174909637,27.586959703175534,15.440321131859355,15.017890119552613,0.4772274385680375,15.972344996688687,14.063435242416539,0.127109050544113,0.18243857700438326,0.0909166828433758,0.09152189416100746,15.829999923706056,14.770000457763672,15.135000228881836,0.031239749020264718,-0.014765922541031928,0.024823193903196206,0.08700173988538307,0.018281286991747796,1.0290294118274,0.09356977242711043,1.3584413774558362,0.03271814786913452,0.0437456056843013,-0.0674164614585756,1.3874101363699582,1750.157717150294
2025-07-30 13:30:00,15.81999969482422,16.079999923706055,15.399999618530272,15.850000381469728,1314098,1h,1H,yfinance,730d,2026-04-02T03:04:46Z,0.01084184138936739,0.01084184138936739,15.246734692831469,15.099390125274658,15.021618041992188,15.840886039733887,16.10086750507355,15.246734692831469,15.021618041992188,15.840886039733887,16.10086750507355,0.010917121083243091,0.4731730558166685,1050930.3,1.2504140379243038,69.76135838178537,0.680000305175783,0.32247391362883426,0.020345356837078644,29.596642608224645,30.07683509228843,13.114679398210423,15.099390125274658,0.4731730558166685,16.045736236907995,14.15304401364132,0.12534891856979863,0.21089485283797593,0.11491231684229583,0.0959825359956801,15.829999923706056,14.770000457763672,15.135000228881836,0.04344969185771186,-0.013075908558900617,0.045859495925064,0.1146272914087294,0.018471129920322855,1.1014679082893393,0.09604674998270663,1.3050823540866079,0.039566877812984735,0.05514601271060404,-0.06703051638312518,1.5863334713756299,1750.157717150294
2025-07-30 14:30:00,15.84000015258789,15.849900245666504,15.550000190734863,15.550000190734863,535465,1h,1H,yfinance,730d,2026-04-02T03:04:46Z,-0.018927456373161733,-0.018927456373161733,15.27561712120322,15.168740129470825,15.022618045806885,15.832186040878296,16.09194251060486,15.27561712120322,15.022618045806885,15.832186040878296,16.09194251060486,0.011997541222118047,0.43057458806774734,1054747.2,0.5076714116899291,59.14740796139548,0.30000019073486506,0.32086864770783646,0.02063463947087404,30.287736939160013,28.068212487715122,12.238841185507937,15.168740129470825,0.43057458806774734,16.029889305606318,14.30759095333533,0.11354261049833621,0.20685465654826096,0.13330078478348886,0.0735538717647721,16.079999923706055,14.770000457763672,15.135000228881836,0.02741988474245871,-0.03506047709637028,0.01900392906313053,0.0979312344463148,0.018730405613293002,1.1016653828483887,0.10089167919247699,1.125391225590807,0.01796215939130774,0.035105874576580876,-0.06645092499511929,0.8854680973509991,1750.157717150294
2025-07-30 15:30:00,15.55500030517578,15.654999732971191,15.529999732971191,15.621999740600586,326448,1h,1H,yfinance,730d,2026-04-02T03:04:46Z,0.004630196076050419,0.004630196076050419,15.308605942098207,15.23434009552002,15.023458042144775,15.82890604019165,16.0836275100708,15.308605942098207,15.023458042144775,15.82890604019165,16.0836275100708,0.01192798398073184,0.39305424515467835,1049855.5,0.31094564918695955,60.69310302640773,0.125,0.3068780300144196,0.019643965888493972,30.812520633666715,27.251571947963516,12.348282206321088,15.23434009552002,0.39305424515467835,16.020448585829378,14.448231605210664,0.10320217159134172,0.2070754964068815,0.1480557271081674,0.05901976929871411,16.079999923706055,14.770000457763672,15.229999542236328,0.026075490915195232,-0.038646169809194664,0.00527669105204942,0.09168408682821183,0.01885258062421951,1.041977556285201,0.10318647673343184,1.0001521018878319,0.02047173986238393,0.03984047459491302,-0.06591606696077734,0.9862751766693441,1750.157717150294
2025-07-30 16:30:00,15.619999885559082,15.645000457763672,15.524999618530272,15.585000038146973,252572,1h,1H,yfinance,730d,2026-04-02T03:04:46Z,-0.0023684357360123087,-0.0023684357360123087,15.334929189340947,15.297590112686157,15.031158046722412,15.82066403388977,16.07560250759125,15.334929189340947,15.031158046722412,15.82066403388977,16.07560250759125,0.011994966259834998,0.3388779666982316,1048730.3,0.24083598995852412,59.44831083320038,0.12000083923340021,0.2935296592443468,0.01883411347615543,31.268802423760736,26.455786824870493,12.109369190978077,15.297590112686157,0.3388779666982316,15.97534604608262,14.619834179289693,0.08860950364128355,0.20193714115557704,0.1588320099176493,0.043105131237927724,16.079999923706055,14.770000457763672,15.399999618530272,0.027695356238077062,-0.04357164988172568,-0.007324826274857532,0.08833801468445346,0.01886364636201416,0.9984344020614063,0.10318647673343184,0.8587317490274824,0.016307271179305083,0.036846262257572926,-0.06497078167836179,0.8481221964978096,1750.157717150294
2025-07-30 17:30:00,15.59000015258789,15.630000114440918,15.329999923706056,15.385000228881836,653879,1h,1H,yfinance,730d,2026-04-02T03:04:46Z,-0.012832839831607434,-0.012832839831607434,15.339697859773413,15.34236011505127,15.033658046722412,15.809114027023316,16.068327507972718,15.339697859773413,15.033658046722412,15.809114027023316,16.068327507972718,0.012418534271264955,0.28385482765657505,1065812.25,0.6135029879793557,53.10770075416221,0.3000001907348615,0.2939918400650979,0.019108991595150913,30.545846013915025,24.527467732810813,15.964470458884941,15.34236011505127,0.28385482765657505,15.91006977036442,14.774650459738119,0.07400551819354204,0.17965568554829758,0.16299674504377898,0.016658940504518605,16.079999923706055,15.135000228881836,15.399999618530272,0.014172719281911661,-0.07763789284177103,-0.01881378000972156,0.061796049309942536,0.018901335730709647,1.0109863063330429,0.10318647673343184,0.7172017161194987,0.002953276493614876,0.023370372072286427,-0.0643918578792303,0.1502180328676861,1750.157717150294
2025-07-30 18:30:00,15.386500358581545,15.399999618530272,15.100000381469728,15.104999542236328,581209,1h,1H,yfinance,730d,2026-04-02T03:04:46Z,-0.0181995893714626,-0.0181995893714626,15.317345639055596,15.369610071182251,15.030258045196533,15.793964014053344,16.057527508735657,15.317345639055596,15.030258045196533,15.793964014053344,16.057527508735657,0.013242786141265818,0.22813081882799674,1055600.2,0.550595765328578,45.750661055541094,0.2999992370605433,0.29442093985048684,0.019491621898248476,28.754861556616156,22.74231190150174,20.382495033578067,15.369610071182251,0.22813081882799674,15.825871708838244,14.913348433526258,0.059371921023744896,0.13781510930821383,0.15796041789666596,-0.02014530858845212,16.079999923706055,15.135000228881836,15.329999923706056,-0.02359409945004376,-0.10441122736974173,-0.047003206391362795,0.037431257342915414,0.018927194670793776,1.029820965931399,0.10318647673343184,0.5753847103155207,-0.013863113219684475,0.00497273545238186,-0.06397432375440526,-1.1599069792732855,1750.157717150294
2025-07-30 19:30:00,15.109999656677246,15.380000114440918,15.0600004196167,15.359999656677246,790309,1h,1H,yfinance,730d,2026-04-02T03:04:46Z,0.016881835297504644,0.016881835297504644,15.321407926448133,15.382610034942626,15.034658031463623,15.78046401977539,16.04652750968933,15.321407926448133,15.034658031463623,15.78046401977539,16.04652750968933,0.011122802949177044,0.21964703550324832,968887.05,0.8156874426177952,52.2396766886563,0.31999969482421875,0.296247993777182,0.019286979192632864,26.913554084813708,20.98762060498533,19.77431827959823,15.382610034942626,0.21964703550324832,15.821904105949123,14.94331596393613,0.0571156741292422,0.12380537797228897,0.15112940991179058,-0.027324031939501614,16.079999923706055,15.100000381469728,15.100000381469728,0.00390839286603617,-0.07129172350198099,-0.012218683712352907,0.01721849461186653,0.018972254871227844,1.0165886618929156,0.10318647673343184,0.553518987539353,0.0025188109613931697,0.021639442981195023,-0.06305847028989375,-0.10293960131797804,1750.157717150294
2025-07-31 13:30:00,15.279999732971191,15.640000343322754,15.020000457763672,15.479999542236328,682359,1h,1H,yfinance,730d,2026-04-02T03:04:46Z,0.007812492724042164,0.007812492724042164,15.336511889856533,15.39636001586914,15.040858020782471,15.767764015197754,16.03522750854492,15.336511889856533,15.040858020782471,15.767764015197754,16.03522750854492,0.011147661681944225,0.216685778157585,940835.9,0.7252688805773674,54.96939179220929,0.619999885559082,0.31937312890446057,0.020631339686611006,26.188483995323367,23.892351184875363,17.03232288729079,15.39636001586914,0.216685778157585,15.82973157218431,14.962988459553971,0.056295326410721755,0.12099084568278862,0.1451016970659902,-0.02411085138320157,16.079999923706055,15.0600004196167,15.0600004196167,0.021445055426696502,-0.03340617344999186,-0.009089758079767973,0.018086130872090322,0.018972254871227844,1.087447951055055,0.10318647673343184,0.5455688399571296,0.0093559509104999,0.02919657381560814,-0.06201156093560667,0.3859945358590212,1750.157717150294
2025-07-31 14:30:00,15.479999542236328,15.510000228881836,15.18000030517578,15.210000038146973,407736,1h,1H,yfinance,730d,2026-04-02T03:04:46Z,-0.017441828945322424,-0.017441828945322424,15.32446314207467,15.397360038757324,15.035196018218993,15.751064023971558,16.021952509880066,15.32446314207467,15.035196018218993,15.751064023971558,16.021952509880066,0.01184623446333776,0.2157753392028763,922719.5,0.4418851015937129,48.282738881831555,0.32999992370605646,0.32013218567600316,0.021047480925253482,25.515204626510908,22.13315062850027,15.778228149278991,15.397360038757324,0.2157753392028763,15.828910717163076,14.965809360351571,0.05605515196364555,0.0958684927573028,0.1352550562042527,-0.03938656344694991,16.079999923706055,15.020000457763672,15.020000457763672,-0.0032765524236513244,-0.04037856958482988,-0.024061597631191756,0.001316685866765921,0.019054302104782733,1.1046051862466508,0.10318647673343184,0.5432412631788599,-0.0074693059630538405,0.011626321314079258,-0.06158778033155332,-0.8683105367948986,1750.157717150294
2025-07-31 15:30:00,15.210000038146973,15.59000015258789,15.18000030517578,15.539999961853027,378296,1h,1H,yfinance,730d,2026-04-02T03:04:46Z,0.021696247395030177,0.021696247395030177,15.344990458244038,15.417610025405883,15.034396018981933,15.730964031219482,16.00890251159668,15.344990458244038,15.034396018981933,15.730964031219482,16.00890251159668,0.01269911378121354,0.2091043015817517,901799.15,0.41949030446524593,55.42045167776,0.40999984741211115,0.3265513043714394,0.02101359750148292,25.176934302966725,21.898097646572463,14.363208508077477,15.417610025405883,0.2091043015817517,15.835818628569386,14.99940142224238,0.054250769409053504,0.10141799941893126,0.12848764484718841,-0.027069645428257155,16.079999923706055,15.020000457763672,15.020000457763672,0.0,-0.019403684399422527,0.01007473062497688,0.02675914944476432,0.019158627378590004,1.096821660875657,0.10318647673343184,0.5257546446633986,0.012708349616745496,0.03362981407651722,-0.06087278574585764,0.5853056848727437,1750.157717150294
2025-07-31 16:30:00,15.539999961853027,15.600000381469728,15.343600273132324,15.369999885559082,336280,1h,1H,yfinance,730d,2026-04-02T03:04:46Z,-0.010939515875885153,-0.010939515875885153,15.347372308464518,15.424860000610352,15.031796016693114,15.708769025802612,15.99530201435089,15.347372308464518,15.031796016693114,15.708769025802612,15.99530201435089,0.01292816285278492,0.20476928315418275,787738.1,0.4268931514166955,51.478853250078686,0.2564001083374041,0.3215405046547226,0.020920006964790332,24.899349401078986,20.872976471217903,13.545109351887769,15.424860000610352,0.20476928315418275,15.834398566918717,15.015321434301987,0.05310110643366097,0.09104888317403415,0.12099989251255756,-0.02995100933852342,16.079999923706055,15.020000457763672,15.020000457763672,-0.02101910367612292,-0.03394091558969203,0.01754388290987796,0.009523776713058929,0.01924762117733098,1.0868879209566435,0.10318647673343184,0.5146130395637059,0.0014743616457446596,0.02249923219357064,-0.060236811833457415,-0.267911838173317,1750.157717150294
2025-07-31 17:30:00,15.380000114440918,15.494999885559082,15.279999732971191,15.369999885559082,357637,1h,1H,yfinance,730d,2026-04-02T03:04:46Z,0.0,0.0,15.349527315806858,15.435109996795655,15.02909601211548,15.68676902770996,15.982352018356323,15.349527315806858,15.02909601211548,15.68676902770996,15.982352018356323,0.012888068475573581,0.1964675966303435,750709.7,0.47639853328124043,51.4788532500787,0.21500015258789062,0.31393047950709174,0.02042488496060731,24.27481008018455,19.851892091252743,14.329599108994703,15.435109996795655,0.1964675966303435,15.828045190056342,15.042174803534968,0.05091446621919258,0.08188733758986722,0.1131773815280195,-0.03129004393815228,16.079999923706055,15.020000457763672,15.020000457763672,-0.019770434539747472,-0.008387104157478564,0.0006510565823800718,0.013517964010664407,0.019362765225135956,1.0548537217242377,0.10318647673343184,0.49342188851668173,0.0013337589706192698,0.0226829260501622,-0.05964428797125698,-0.3314038159640045,1750.157717150294
2025-07-31 18:30:00,15.369999885559082,15.435199737548828,15.274999618530272,15.30500030517578,334067,1h,1H,yfinance,730d,2026-04-02T03:04:46Z,-0.004228990297154955,-0.004228990297154955,15.345286648127708,15.441860008239747,15.026796016693115,15.664019031524658,15.969777021408081,15.345286648127708,15.026796016693115,15.664019031524658,15.969777021408081,0.012933797837850721,0.18943657768883462,691850.35,0.48286020235445426,49.904954528157866,0.16020011901855646,0.3029497394721964,0.019794167489806985,23.66524802078774,19.1020563779797,13.90623985998776,15.441860008239747,0.18943657768883462,15.820733163617415,15.062986852862078,0.04907092217848142,0.06859114774161057,0.10426013477073771,-0.035668987029127144,16.079999923706055,15.020000457763672,15.020000457763672,-0.034384862030105046,-0.01765081000493751,-0.011304860609528622,0.008899158088522263,0.019465086577943762,1.016906213622297,0.09590583761631263,0.5116573026013064,-0.0026253235847402134,0.01851387935083504,-0.05904785041462157,-0.7224565853843221,1750.157717150294
2025-07-31 19:30:00,15.30500030517578,15.385000228881836,15.282500267028809,15.350000381469728,726812,1h,1H,yfinance,730d,2026-04-02T03:04:46Z,0.002940220542088534,0.002940220542088534,15.345735575112663,15.435860013961792,15.031194019317628,15.639088039398194,15.957477025985717,15.345735575112663,15.031194019317628,15.639088039398194,15.957477025985717,0.012179455094106223,0.19034845121093807,653928.95,1.1114540807529627,51.02141043014628,0.10249996185302734,0.28863189821368435,0.018803380523828267,23.099226108490704,18.61751433617714,13.553494704061919,15.435860013961792,0.19034845121093807,15.816556916383668,15.055163111539915,0.049326296309701506,0.060981989157546934,0.09560450564809957,-0.03462251649055263,16.079999923706055,15.020000457763672,15.18000030517578,-0.0128617239107367,0.009868458821503445,0.009204493292020555,-0.00775694140192329,0.019465086577943762,0.9660054913464764,0.08130751091741278,0.6066634650740219,0.00027791475593930137,0.021209649861639868,-0.058046958498495616,-0.45106556920138213,1750.157717150294
2025-08-01 13:30:00,15.0,15.0,14.56999969482422,14.744999885559082,1039901,1h,1H,yfinance,730d,2026-04-02T03:04:46Z,-0.039413712109153676,-0.039413712109153676,15.288522652298036,15.40809998512268,15.024694023132325,15.605438032150268,15.939852023124695,15.288522652298036,15.024694023132325,15.605438032150268,15.939852023124695,0.014733279352714545,0.24167358943581546,663256.1,1.567872500531846,38.57422472752236,0.7800006866455078,0.32372966881595744,0.021955216773722117,23.3934387859059,15.413413736049916,26.941720368389344,15.40809998512268,0.24167358943581546,15.891447163994311,14.92475280625105,0.06273936167838051,0.006063298408983897,0.07769626420027644,-0.07163296579129254,16.079999923706055,15.020000457763672,15.18000030517578,-0.05613877029854486,-0.03374838372204203,-0.05115830619340278,-0.03628714395924115,0.019567793893371224,1.122007769161942,0.06837243993596127,0.9176118584789896,-0.03555103256868686,-0.018615629519151633,-0.05741320550935525,-2.743783882680763,1750.157717150294
2025-08-01 14:30:00,14.729999542236328,14.824999809265137,14.645000457763672,14.707599639892578,633356,1h,1H,yfinance,730d,2026-04-02T03:04:46Z,-0.0025364697156174953,-0.0025364697156174953,15.233196651116565,15.38572998046875,15.02024600982666,15.573414030075073,15.919165024757385,15.233196651116565,15.02024600982666,15.573414030075073,15.919165024757385,0.01462788665580079,0.28149201857955264,668054.5,0.9480603753136907,37.957739802828826,0.17999935150146484,0.313463217579208,0.02131300995772125,23.666636272077152,14.781212771989964,25.836671098837034,15.38572998046875,0.28149201857955264,15.948714017627854,14.822745943309645,0.07318262284256626,-0.04001675865128007,0.054153659629965135,-0.0941704182812452,16.079999923706055,14.56999969482422,14.56999969482422,-0.056297747584652336,-0.037145662376932176,-0.043096958399385765,-0.029521616691635444,0.01971906668915048,1.080832591810634,0.06796099226047339,1.0768327596230494,-0.03450339566025762,-0.020814996620530768,-0.056467723874507936,-2.409057080900943,1750.157717150294
2025-08-01 15:30:00,14.710000038146973,14.9350004196167,14.6899995803833,14.9350004196167,382488,1h,1H,yfinance,730d,2026-04-02T03:04:46Z,0.015461447502781,0.015461447502781,15.20479701002134,15.369479990005493,15.019946022033691,15.544964027404784,15.899540023803711,15.20479701002134,15.019946022033691,15.544964027404784,15.899540023803711,0.014984365763197565,0.29722239596558636,671544.0,0.5695650620063615,43.83522392250745,0.24500083923339844,0.30857304769736443,0.020661067226490498,23.354047386734173,16.489224990581384,24.37139959703493,15.369479990005493,0.29722239596558636,15.963924781936665,14.77503519807432,0.07735392379153096,-0.057523102881171795,0.031818307127737755,-0.08934141000890955,16.079999923706055,14.56999969482422,14.56999969482422,-0.029249255935684948,-0.013540285274594943,-0.02830185225642634,-0.021297497011174782,0.020069762163442813,1.029462484818318,0.06796099226047339,1.138210629636739,-0.017744175751035707,-0.0056555198196038825,-0.05532197789704296,-1.461799569232661,1750.157717150294
2025-08-01 16:30:00,14.9350004196167,14.936400413513184,14.81999969482422,14.84000015258789,294536,1h,1H,yfinance,730d,2026-04-02T03:04:46Z,-0.00636091492197266,-0.00636091492197266,15.170054452170534,15.334479999542236,15.017346019744872,15.517914028167725,15.87909002304077,15.170054452170534,15.017346019744872,15.517914028167725,15.87909002304077,0.014346273017684078,0.3157209926544948,604704.45,0.4870743054726983,42.04330537098387,0.11640071868896307,0.29484645276819293,0.019868359146665897,23.056514738091458,16.058163274711116,23.684153646784083,15.334479999542236,0.3157209926544948,15.965921984851224,14.703038014233247,0.08235583930173551,-0.07816173458630615,0.009822298784928974,-0.08798403337123513,16.079999923706055,14.56999969482422,14.56999969482422,-0.01754381977354258,-0.021753455639182295,-0.030382237394051992,-0.04504503288181905,0.02010685799187227,0.9881384329017103,0.06796099226047339,1.2118104306966435,-0.021756962087596143,-0.011809401403137798,-0.05426910497046722,-1.5661924878573805,1750.157717150294
2025-08-01 17:30:00,14.850000381469728,14.873000144958496,14.729999542236328,14.78499984741211,379969,1h,1H,yfinance,730d,2026-04-02T03:04:46Z,-0.003706219987214099,-0.003706219987214099,15.133382585050684,15.288730001449585,15.014646015167237,15.491114025115968,15.859615020751953,15.133382585050684,15.014646015167237,15.491114025115968,15.859615020751953,0.014058232292023498,0.32558081668230293,585557.65,0.6489010945378307,40.998376679410015,0.14300060272216797,0.28400032062204833,0.019208679306936774,23.1022420116382,15.480616887775206,25.09591438002151,15.288730001449585,0.32558081668230293,15.93989163481419,14.63756836808498,0.0851819128603705,-0.09782835944524848,-0.011707832861106519,-0.08612052658414196,16.079999923706055,14.56999969482422,14.56999969482422,-0.03743488425243391,-0.04570423680910385,-0.036807851466875485,-0.05828025305535689,0.02010685799187227,0.9553297344966297,0.06796099226047339,1.2533941902127423,-0.023020810825381544,-0.015294810648426083,-0.05327802752330957,-1.5471739372439988,1750.157717150294
2025-08-01 18:30:00,14.78499984741211,14.908300399780272,14.779999732971191,14.845000267028809,411450,1h,1H,yfinance,730d,2026-04-02T03:04:46Z,0.004058195484337501,0.004058195484337501,15.105917602381934,15.246979999542237,15.013446025848388,15.46816403388977,15.839192023277283,15.105917602381934,15.013446025848388,15.46816403388977,15.839192023277283,0.014136849238595366,0.32626674189044813,540943.35,0.7606156910885401,42.672272407290635,0.12830066680908025,0.2728789167782649,0.018381873483986202,22.94130068871073,15.884734380902485,24.25309615260426,15.246979999542237,0.32626674189044813,15.899513483323133,14.59444651576134,0.08559511244856192,-0.10733547240581842,-0.0308333607700489,-0.07650211163576952,16.079999923706055,14.56999969482422,14.56999969482422,-0.04102062622643876,-0.047175844690403035,0.00678198591019763,-0.05325255241681004,0.02010685799187227,0.9142091465218806,0.06796099226047339,1.2594741424684093,-0.017272524729777694,-0.011219659932141468,-0.05213308836810471,-1.2320585609930257,1750.157717150294
2025-08-01 19:30:00,14.845000267028809,14.989999771118164,14.789999961853027,14.920000076293944,1148698,1h,1H,yfinance,730d,2026-04-02T03:04:46Z,0.005052193190707488,0.005052193190707488,15.088211171325936,15.200479984283447,15.014346027374268,15.445864038467407,15.818517022132873,15.088211171325936,15.014346027374268,15.445864038467407,15.818517022132873,0.013915531457582887,0.3024100691182652,532673.35,2.1564773232976644,44.781107813083864,0.19999980926513672,0.2676732662416129,0.017940567350727632,22.323434410078857,17.21711389970052,22.958710364203906,15.200479984283447,0.3024100691182652,15.805300122519977,14.595659846046917,0.07957908419495757,-0.10757797814687287,-0.04618228424541369,-0.06139569390145917,16.079999923706055,14.56999969482422,14.645000457763672,-0.01906640112595026,-0.03741934991651974,0.014441543256674905,-0.05867509670618365,0.01983126331823644,0.9046608409576126,0.06796099226047339,1.1709523588171822,-0.011148511451885446,-0.0062837203104492145,-0.05083731892398191,-0.92748204055274,1750.157717150294
2025-08-04 13:30:00,15.039999961853027,15.140000343322754,14.89009952545166,15.050000190734863,455584,1h,1H,yfinance,730d,2026-04-02T03:04:46Z,0.008713144354970392,0.008713144354970392,15.084572030317263,15.175479984283447,15.020346031188964,15.429564037322997,15.798467025756835,15.084572030317263,15.020346031188964,15.429564037322997,15.798467025756835,0.013626803617487951,0.2930031392008329,528679.3,0.8617398108834599,48.32917329509663,0.24990081787109375,0.2664038056437187,0.017701249320097895,20.958656680043116,20.08533932852046,21.42039029312216,15.175479984283447,0.2930031392008329,15.761486262685112,14.589473705881781,0.07723067461570449,-0.09617163615786062,-0.05618015462790308,-0.03999148152995754,15.849900245666504,14.56999969482422,14.6899995803833,-0.03153151688037292,-0.02934536732329851,0.007700017936866921,-0.032154340441610696,0.01971906668915048,0.897671760998567,0.06796099226047339,1.1363971014387677,-0.0022918674466148037,0.00197426607112261,-0.04925294291523796,-0.4282540927405427,1750.157717150294
2025-08-04 14:30:00,15.020000457763672,15.140000343322754,14.920000076293944,15.045000076293944,421406,1h,1H,yfinance,730d,2026-04-02T03:04:46Z,-0.00033223351345856855,-0.00033223351345856855,15.080803272791233,15.146630001068115,15.029646034240722,15.412214031219483,15.782842025756835,15.080803272791233,15.029646034240722,15.412214031219483,15.782842025756835,0.013557212644557887,0.27550095050723294,533427.2,0.7899972104909536,48.20088711857968,0.22000026702881037,0.2630892671712252,0.017486823917386936,19.69136307358136,18.885643318995374,20.14095177646049,15.146630001068115,0.27550095050723294,15.69763190208258,14.595628100053649,0.07275570882441973,-0.0865379398978483,-0.06225171168189213,-0.024286228215956177,15.654999732971191,14.56999969482422,14.729999542236328,-0.021145075581327277,-0.024319066027535863,0.013814010889366735,-0.03693507066237223,0.019642894694027732,0.8902366066597948,0.06774753525140012,1.073924070513194,-0.0023740908126482774,0.0010215837431062358,-0.04772245646803874,-0.3688913761896543,1750.157717150294
2025-08-04 15:30:00,15.045000076293944,15.100000381469728,15.024999618530272,15.029999732971191,271553,1h,1H,yfinance,730d,2026-04-02T03:04:46Z,-0.0009970317877490142,-0.0009970317877490142,15.07596484042742,15.118879985809325,15.040048027038575,15.397314023971557,15.770467028617858,15.07596484042742,15.040048027038575,15.397314023971557,15.770467028617858,0.013557567851070722,0.2572983227401948,534376.25,0.5081681680276772,47.79103903753426,0.07500076293945668,0.24965437401181317,0.016610404420976027,18.514590439009726,18.480386576367643,19.70875805276875,15.118879985809325,0.2572983227401948,15.633476631289716,14.604283340328935,0.0680733818858796,-0.0792005934076574,-0.06564148802704518,-0.01355910538061221,15.645000457763672,14.56999969482422,14.729999542236328,-0.022121025056567434,-0.006615985064033825,0.01657084126395625,-0.03561118407554198,0.019642894694027732,0.8456189721378636,0.06540637178213005,1.0407759982870386,-0.0030488998842029824,-0.0006681025252923689,-0.04631562275573897,-0.34543658074242584,1750.157717150294
2025-08-04 16:30:00,15.020000457763672,15.020000457763672,14.90999984741211,14.96500015258789,212155,1h,1H,yfinance,730d,2026-04-02T03:04:46Z,-0.004324656123626647,-0.004324656123626647,15.065396774918893,15.097879981994629,15.05114803314209,15.38291401863098,15.75734202861786,15.065396774918893,15.05114803314209,15.38291401863098,15.75734202861786,0.01333379165575642,0.25180225910357523,512290.05,0.4141306277566781,45.96710525585449,0.11999988555908203,0.24039333912233238,0.01606370442173108,18.008839262877537,17.821453333770844,22.423038274367133,15.097879981994629,0.25180225910357523,15.60148450020178,14.594275463787477,0.06671195145381177,-0.07773454096406418,-0.06806009861444899,-0.00967444234961519,15.640000343322754,14.56999969482422,14.779999732971191,-0.022214971957426832,-0.00696745483494543,0.00808352195355666,-0.027299322069913923,0.019642894694027732,0.8177870253825228,0.06472565656609613,1.030687906358853,-0.00666405431141015,-0.00572367505551763,-0.04481682216411931,-0.5277150009685962,1750.157717150294
2025-08-04 17:30:00,14.96500015258789,14.970000267028809,14.869999885559082,14.9350004196167,309185,1h,1H,yfinance,730d,2026-04-02T03:04:46Z,-0.00200465971702668,-0.00200465971702668,15.052978074413922,15.089380025863647,15.061648044586182,15.367214031219483,15.746467027664185,15.052978074413922,15.061648044586182,15.367214031219483,15.746467027664185,0.012761991673085348,0.2542756017012935,498688.85,0.6199958150257421,45.111368636181595,0.10000038146972656,0.23036527071857482,0.01542452388658768,17.734210472393045,17.268867518902947,22.968037278610957,15.089380025863647,0.2542756017012935,15.597931229266234,14.580828822461061,0.06740518199301948,-0.07809320175423196,-0.07006671924240558,-0.008026482511826374,15.640000343322754,14.645000457763672,14.789999961853027,-0.02703582746186839,0.0003349038405033866,0.0010053849360625033,-0.011254493728667825,0.019540573341219926,0.7893588185588377,0.06705856672341562,1.0051688439902613,-0.007837495956879992,-0.008408616679567493,-0.043490325917228234,-0.6071349559848979,1750.157717150294
2025-08-04 18:30:00,14.93000030517578,15.050000190734863,14.920000076293944,15.04520034790039,618503,1h,1H,yfinance,730d,2026-04-02T03:04:46Z,0.00737863576749187,0.00737863576749187,15.05223733855549,15.073640060424804,15.074452056884766,15.35166603088379,15.740958032608033,15.05223733855549,15.074452056884766,15.35166603088379,15.740958032608033,0.012274182180945305,0.24666612673146068,490098.55,1.261997204439801,48.87635476617962,0.13000011444091975,0.2231963309844566,0.014835052097900737,16.9715183917042,19.110627702318645,22.012489225106098,15.073640060424804,0.24666612673146068,15.566972313887725,14.580307806961883,0.06545628680071024,-0.06869337531074393,-0.06979205045607326,0.0010986751453293253,15.640000343322754,14.6899995803833,14.869999885559082,0.020359475393100457,0.006367929086945834,-0.0003189264301423078,-0.020494747123253165,0.01950142339837188,0.7607163741257612,0.06705856672341562,0.976106260527249,-0.0004675046304959407,-0.0019404824051972858,-0.04234214806637393,-0.11529638423104184,1750.157717150294
2025-08-04 19:30:00,15.045000076293944,15.0649995803833,14.904999732971191,14.93000030517578,1178979,1h,1H,yfinance,730d,2026-04-02T03:04:46Z,-0.007656929788953493,-0.007656929788953493,15.04059571632885,15.046140098571778,15.082452068328857,15.334866027832032,15.734208030700684,15.04059571632885,15.082452068328857,15.334866027832032,15.734208030700684,0.012184167606318576,0.2299198723822631,514929.55,2.28959281905651,45.37262280250313,0.15999984741210938,0.21868229644357465,0.014647172938621047,16.34572761476895,18.11188674795965,21.35205279100396,15.046140098571778,0.2299198723822631,15.505979843336304,14.586300353807252,0.0611239483019536,-0.0697357554335003,-0.06978079145155867,4.503601805837254e-05,15.640000343322754,14.729999542236328,14.869999885559082,0.01512147942074571,-0.0026720080921527334,-0.00764372020837456,-0.035529667527437914,0.01900602991538252,0.7706592593946391,0.06705856672341562,0.9115009653287183,-0.007353127046224817,-0.010107889782272617,-0.04142286418865926,-0.5051316016864564,1750.157717150294
2025-08-05 13:30:00,14.75,15.0,14.75,14.8100004196167,534950,1h,1H,yfinance,730d,2026-04-02T03:04:46Z,-0.00803750054294905,-0.00803750054294905,15.018634259499121,15.026140117645264,15.089052085876466,15.316966028213502,15.725708031654358,15.018634259499121,15.089052085876466,15.316966028213502,15.725708031654358,0.011742274571635637,0.23218256155057385,521290.25,1.02620373199,41.995493918723405,0.25,0.2209192752690336,0.014916898650212953,16.560495853608355,16.64788344323741,24.63766149096041,15.026140117645264,0.23218256155057385,15.490505240746412,14.561774994544116,0.06180763914956999,-0.07933036599668597,-0.07169070636058414,-0.007639659636101831,15.600000381469728,14.729999542236328,14.869999885559082,-0.008369601371809532,-0.00737263110688724,-0.014637346457956446,-0.02629846269079994,0.018592627003907236,0.8023018289496245,0.06705856672341562,0.9216963942056325,-0.013891665265798991,-0.018493651202977968,-0.040485041722532644,-0.9309040979870722,1750.157717150294
2025-08-05 14:30:00,14.8100004196167,14.8100004196167,14.411399841308594,14.494999885559082,817553,1h,1H,yfinance,730d,2026-04-02T03:04:46Z,-0.021269448017056103,-0.021269448017056103,14.96876431912388,14.973890113830567,15.09045207977295,15.296316032409669,15.717608032226563,14.96876431912388,15.09045207977295,15.296316032409669,15.717608032226563,0.01126618816637019,0.22821388941542567,543253.1,1.504921002751756,34.69522858430159,0.39860057830810547,0.2336107969146816,0.016116647034086613,18.039539028894488,14.618911673671258,31.98793017599899,14.973890113830567,0.22821388941542567,15.430317892661419,14.517462334999715,0.06096315324356153,-0.11107170900096719,-0.07956690688866075,-0.03150480211230644,15.600000381469728,14.75,14.75,-0.02324799619147211,-0.027507538058196168,-0.031406632959340874,-0.06724582232040988,0.01816122041735692,0.887420925671037,0.06705856672341562,0.9091031350998786,-0.031650203280943034,-0.03945887048751873,-0.03990148826511808,-2.0984271794244065,1750.157717150294
2025-08-05 15:30:00,14.489999771118164,14.65999984741211,14.359999656677246,14.649999618530272,629434,1h,1H,yfinance,730d,2026-04-02T03:04:46Z,0.010693324194201104,0.010693324194201104,14.938405776210203,14.937890100479127,15.099052066802978,15.277966022491455,15.708008031845093,14.938405776210203,15.099052066802978,15.277966022491455,15.708008031845093,0.01152683974150508,0.21951237651933048,557910.8,1.1281982711214766,40.20350845513445,0.3000001907348633,0.238352896473266,0.016269822708512686,19.56995610605706,13.304631055272132,30.652465362266305,14.937890100479127,0.21951237651933048,15.376914853517787,14.498865347440466,0.05878002182176706,-0.1223098570550416,-0.08811549692193693,-0.03419436013310467,15.600000381469728,14.411399841308594,14.411399841308594,-0.009130891462637902,-0.015126076065191785,-0.019082744765918314,-0.04684451999933248,0.017820908335412763,0.9129625944027868,0.06705856672341562,0.8765475418555606,-0.01930635450666529,-0.02974043974985685,-0.0387672303074692,-1.3115000006548747,1750.157717150294
2025-08-05 16:30:00,14.649999618530272,14.649999618530272,14.385000228881836,14.449999809265137,464935,1h,1H,yfinance,730d,2026-04-02T03:04:46Z,-0.013651864469140462,-0.013651864469140462,14.891890922215435,14.89189009666443,15.10479206085205,15.257666025161743,15.69645802974701,14.891890922215435,15.10479206085205,15.257666025161743,15.69645802974701,0.011770379129868277,0.2205347741041368,563275.7,0.82541284845059,35.98572171940185,0.2649993896484357,0.24025621741434955,0.016626728068210812,20.991057677708017,12.256428923669011,28.237518311262853,14.89189009666443,0.2205347741041368,15.332959644872703,14.450820548456155,0.05923620780777415,-0.1456752301207782,-0.09962744356170519,-0.04604778655907302,15.494999885559082,14.359999656677246,14.359999656677246,-0.02660831597564739,-0.0203389959820246,-0.0395608250386853,-0.05985686943032009,0.017594036618742415,0.9450206583348157,0.06705856672341562,0.8833503413828551,-0.02967327085985394,-0.04334996794057011,-0.03769423444280673,-2.0037215862865763,1750.157717150294
2025-08-05 17:30:00,14.449999809265137,14.69629955291748,14.4399995803833,14.56999969482422,516314,1h,1H,yfinance,730d,2026-04-02T03:04:46Z,0.008304490459726033,0.008304490459726033,14.861234614844843,14.85514006614685,15.1099920463562,15.239866018295288,15.686233029365539,14.861234614844843,15.1099920463562,15.239866018295288,15.686233029365539,0.012019865355451357,0.20960126709337196,572388.05,0.9020349044673451,40.04967001487571,0.2562999725341797,0.24140219992290884,0.016568442345861096,21.958851679439874,12.69691225773402,26.09607872859564,14.85514006614685,0.20960126709337196,15.274342600333593,14.435937531960107,0.05643871849341325,-0.15274867706362727,-0.11025169026208961,-0.042496986801537656,15.435199737548828,14.359999656677246,14.359999656677246,-0.02345847048793459,-0.0006858867581731598,-0.02411256550522356,-0.04802356064658164,0.017056775992798874,0.9713701084458197,0.06705856672341562,0.8416332357086583,-0.0195969532524376,-0.03573743453175415,-0.036735459809285054,-1.3603943109542702,1750.157717150294
2025-08-05 18:30:00,14.5600004196167,14.869999885559082,14.550000190734863,14.869999885559082,536777,1h,1H,yfinance,730d,2026-04-02T03:04:46Z,0.02059026746866932,0.02059026746866932,14.862069402531914,14.831140041351318,15.120992050170898,15.227866020202637,15.676958026885986,14.862069402531914,15.120992050170898,15.227866020202637,15.676958026885986,0.012987406068495539,0.17641823631511497,562886.3,0.9536153216022489,48.80072674478084,0.31999969482421875,0.24701630670157385,0.016611722165610934,21.657570253088178,16.544843650883443,23.68133437982676,14.831140041351318,0.17641823631511497,15.183976513981548,14.478303568721088,0.04758049234873003,-0.1326181866375684,-0.11472498953718538,-0.017893197100383035,15.385000228881836,14.359999656677246,14.359999656677246,-0.011960153016250086,0.024817523909226757,0.004051280502525234,-0.03127038983595698,0.01661922511691087,0.9995485378381268,0.06705856672341562,0.7095363750462593,0.0005336055708242693,-0.016598921802156386,-0.03546389393666849,0.22027112967138465,1750.157717150294
2025-08-05 19:30:00,14.869999885559082,14.869999885559082,14.720000267028809,14.75,1220407,1h,1H,yfinance,730d,2026-04-02T03:04:46Z,-0.00806993184146687,-0.00806993184146687,14.851396126100303,14.831390047073365,15.126200046539306,15.215116024017334,15.667333030700684,14.851396126100303,15.126200046539306,15.215116024017334,15.667333030700684,0.00982387991673566,0.1762994911938314,571911.6,2.133908457181145,45.91367253821111,0.14999961853027344,0.24008654326076667,0.01627705378039096,21.377808928618744,15.806502681185682,22.62451572631204,14.831390047073365,0.1762994911938314,15.183989029461028,14.478791064685701,0.04754766495501081,-0.12490775695648004,-0.11676154302104431,-0.008146213935435728,15.140000343322754,14.359999656677246,14.359999656677246,-0.019607848108872283,0.02359473672367529,0.017592281231748608,0.00033910576329088116,0.016611063293293482,0.979892346022342,0.06705856672341562,0.7090468418617131,-0.006827380081937617,-0.024870757056090653,-0.03453893416965148,-0.46165786708868506,1750.157717150294
2025-08-06 13:30:00,14.850000381469728,15.0,14.649999618530272,14.970000267028809,504938,1h,1H,yfinance,730d,2026-04-02T03:04:46Z,0.014915272340936259,0.014915272340936259,14.862691758569685,14.844510078430176,15.134400043487549,15.203166017532348,15.658558030128479,14.862691758569685,15.134400043487549,15.203166017532348,15.658558030128479,0.010316734980783313,0.17636272786704663,565490.7,0.8929200780843966,51.57041556863941,0.35000038146972834,0.24793753170426394,0.01656229307158681,20.29567202990446,17.957888333117303,20.343241464448415,14.844510078430176,0.17636272786704663,15.19723553416427,14.491784622696082,0.04752268062340723,-0.09989349294812655,-0.11338793300646077,0.013494440058334223,15.140000343322754,14.359999656677246,14.359999656677246,-0.003991980506211301,0.038861930988657756,0.021843048247849772,0.01784115923474694,0.01658942338341856,0.9983646018788775,0.066084119127261,0.7191240687023577,0.007219991519857194,-0.01086265567094502,-0.0334742181005685,0.7115459718520302,1750.157717150294
2025-08-06 14:30:00,14.970000267028809,15.010000228881836,14.829999923706056,14.93000030517578,669776,1h,1H,yfinance,730d,2026-04-02T03:04:46Z,-0.0026720080921527334,-0.0026720080921527334,14.869102096341694,14.84426007270813,15.13100004196167,15.189666013717652,15.650458035469056,14.869102096341694,15.13100004196167,15.189666013717652,15.650458035469056,0.009783539540606385,0.17623777440972452,579855.1,1.1550747764398381,50.53551948322096,0.18000030517577947,0.24308487266651504,0.016281638827712875,19.229860171025262,17.301914478741203,19.267253467893564,14.84426007270813,0.17623777440972452,15.196735621527578,14.49178452388868,0.04748981048472622,-0.0823479156199074,-0.1071799295291501,0.02483201390924271,15.140000343322754,14.359999656677246,14.385000228881836,-0.0023387802910285194,0.036445718982064834,0.033218027837126574,-0.00033479171747141656,0.016565367708723952,0.9828721652304975,0.06363196297514012,0.7463200609303794,0.0040956211370066775,-0.01328396908522056,-0.03319123263550017,0.4865031503877124,1750.157717150294
2025-08-06 15:30:00,14.93000030517578,14.949999809265137,14.8100004196167,14.829999923706056,388323,1h,1H,yfinance,730d,2026-04-02T03:04:46Z,-0.006697949057312247,-0.006697949057312247,14.865378079900204,14.843760061264039,15.12350004196167,15.176466016769409,15.643235535621644,14.865378079900204,15.12350004196167,15.176466016769409,15.643235535621644,0.00979481875763767,0.17626333527978882,584544.45,0.6643173158174712,47.94511693740487,0.1399993896484375,0.2357216238795095,0.015894917403384723,18.3551603488739,16.567919915000026,19.055910557407994,14.843760061264039,0.17626333527978882,15.196286731823616,14.491233390704462,0.047498298154188434,-0.07564018129914629,-0.10087197988314935,0.025231798584003054,15.140000343322754,14.359999656677246,14.4399995803833,-0.00703049835691516,0.020646950877370562,0.01784490283649065,-0.0006738698638146801,0.01642196594964984,0.967905879973137,0.061465793725761796,0.7727598599980456,-0.002379902886020968,-0.019406891092754175,-0.033224296372478035,-0.07806579590781257,1750.157717150294
2025-08-06 16:30:00,14.829999923706056,14.890000343322754,14.600000381469728,14.729999542236328,613915,1h,1H,yfinance,730d,2026-04-02T03:04:46Z,-0.006743114091988356,-0.006743114091988356,14.852484885836978,14.841010046005248,15.11430004119873,15.164883012771606,15.634510531425477,14.852484885836978,15.11430004119873,15.164883012771606,15.634510531425477,0.009874534048716641,0.1775827565612948,596241.75,1.0296410809877035,45.436906544364675,0.28999996185302557,0.23959864802047495,0.016266032278783003,18.614839631476542,15.135555481802617,23.66891967787318,14.841010046005248,0.1775827565612948,15.196175559127838,14.485844532882659,0.04786271446776483,-0.0775000759365998,-0.09619759909383944,0.018697523157239646,15.140000343322754,14.359999656677246,14.550000190734863,-0.020950256452254568,0.017265193915979138,-0.009414952548770006,-0.0037200071520736566,0.016279346304051916,0.9991821523407486,0.06104355077275757,0.7840748754268884,-0.008246791331021575,-0.025426284903361074,-0.033273218830939366,-0.6251198366244731,1750.157717150294
2025-08-06 17:30:00,14.739999771118164,14.779899597167969,14.43000030517578,14.449999809265137,685596,1h,1H,yfinance,730d,2026-04-02T03:04:46Z,-0.01900880798864446,-0.01900880798864446,14.814152973782516,14.821260023117066,15.100600032806396,15.150233011245728,15.623710527420045,14.814152973782516,15.100600032806396,15.150233011245728,15.623710527420045,0.010634947966362942,0.19694980627665265,609949.05,1.1240217523086558,39.24598305634642,0.3498992919921893,0.24747726544702597,0.01712645458225868,19.54304786911971,13.607010991802396,26.185245882088626,14.821260023117066,0.19694980627665265,15.215159635670371,14.427360410563761,0.05315332325847205,-0.10041022763103413,-0.09704012480127838,-0.00337010282975575,15.140000343322754,14.359999656677246,14.600000381469728,-0.03215006604817294,0.001733075785075533,-0.0203389959820246,-0.02660831597564739,0.016279346304051916,1.0520357674310252,0.060099680525667845,0.8844193977998088,-0.024581436762658115,-0.04308439546294951,-0.03348183478537803,-1.885049906220397,1750.157717150294
2025-08-06 18:30:00,14.460000038146973,14.56999969482422,14.260000228881836,14.3149995803833,867219,1h,1H,yfinance,730d,2026-04-02T03:04:46Z,-0.00934257651652537,-0.00934257651652537,14.766614555363542,14.791009998321533,15.082400016784668,15.132783012390137,15.613385529518128,14.766614555363542,15.082400016784668,15.132783012390137,15.613385529518128,0.010668353660885947,0.2240572785719331,595875.1,1.4553704291385896,36.65289907208651,0.3099994659423846,0.2519431369109802,0.017599940223276912,20.977603636800907,12.411115818150765,28.703556589384497,14.791009998321533,0.2240572785719331,15.239124555465398,14.342895441177667,0.06059282729099867,-0.12798474960863082,-0.10322904976274888,-0.02475569984588194,15.140000343322754,14.359999656677246,14.43000030517578,-0.03342341831251683,0.006680682951516026,-0.043754220104333386,-0.040549630885854615,0.016279346304051916,1.0811208198756914,0.05991451754938641,1.0113212918897851,-0.030583514812215773,-0.05088052535056453,-0.03400835211105224,-2.1245032563644655,1750.157717150294
2025-08-06 19:30:00,14.31999969482422,14.43000030517578,14.210000038146973,14.34000015258789,1228013,1h,1H,yfinance,730d,2026-04-02T03:04:46Z,0.0017464598629013395,0.0017464598629013395,14.725984612242051,14.755509996414185,15.065900020599365,15.115033016204833,15.603335528373718,14.725984612242051,15.065900020599365,15.115033016204833,15.603335528373718,0.010423445613704532,0.2361315565627728,634496.55,1.9354132027983444,37.47677697641064,0.22000026702880682,0.24966150334796783,0.017410146491728753,22.464078429780585,11.62992987595554,28.327398407427957,14.755509996414185,0.2361315565627728,15.227773109539731,14.283246883288639,0.0640117641803385,-0.1461358565136912,-0.11181041111293735,-0.03432544540075386,15.140000343322754,14.260000228881836,14.260000228881836,-0.010693324194201104,0.01249735539373753,-0.03951775891011555,-0.04717608167101983,0.016279346304051916,1.0694622601274464,0.05991451754938641,1.0683848722903395,-0.02621111387915498,-0.04818164643459488,-0.03444362949172364,-1.7596540245387995,1750.157717150294
2025-08-07 13:30:00,14.600000381469728,14.600000381469728,13.710000038146973,13.81999969482422,2239274,1h,1H,yfinance,730d,2026-04-02T03:04:46Z,-0.03626223516251692,-0.03626223516251692,14.639700334392733,14.694259977340698,15.03890001296997,15.090733013153077,15.591635527610778,14.639700334392733,15.03890001296997,15.090733013153077,15.591635527610778,0.012754875050350948,0.302614107519564,725389.95,3.0869934164376005,29.022003714455877,0.8900003433227557,0.29539999191759553,0.021374818989918422,25.00139312929431,9.127114839292737,34.321354875700216,14.694259977340698,0.302614107519564,15.299488192379826,14.08903176230157,0.08237614088391264,-0.2001729613291321,-0.12948292115617632,-0.07069004017295577,15.140000343322754,14.210000038146973,14.210000038146973,-0.05665528636985173,-0.034241838604055275,-0.06810520796209374,-0.08142242441061387,0.016279346304051916,1.3130022907982644,0.05991451754938641,1.3748945039240537,-0.05599162693534154,-0.08104983190888537,-0.03545077190022716,-2.889026852325305,1750.157717150294
2025-08-07 14:30:00,13.824999809265137,14.050000190734863,13.729999542236328,13.845000267028809,831345,1h,1H,yfinance,730d,2026-04-02T03:04:46Z,0.0018090139476596434,0.0018090139476596434,14.564014613691407,14.635010004043579,15.006400012969971,15.066233015060424,15.574997024536133,14.564014613691407,15.006400012969971,15.066233015060424,15.574997024536133,0.012804184150854409,0.344224900808414,753379.55,1.1034876112578313,29.841507354354604,0.32000064849853516,0.29715718167337696,0.02146314019083425,27.357471064557057,8.425061503881134,31.68137257125955,14.635010004043579,0.344224900808414,15.323459805660407,13.94656020242675,0.09408258708762252,-0.23823420337244094,-0.15123317759942925,-0.08700102577301169,15.100000381469728,13.710000038146973,13.710000038146973,-0.041868480984228906,-0.03317035180993011,-0.060081419057067875,-0.07884228123722847,0.016279346304051916,1.3184276438355569,0.05991451754938641,1.5702803082754027,-0.049369240949996285,-0.07739362838104868,-0.03650703821454482,-2.2950394790133672,1750.157717150294
2025-08-07 15:30:00,13.845000267028809,14.027000427246094,13.8100004196167,13.95110034942627,627486,1h,1H,yfinance,730d,2026-04-02T03:04:46Z,0.007663422199429837,0.007663422199429837,14.505641826618538,14.584315013885497,14.97941801071167,15.03894401550293,15.559902529716492,14.505641826618538,14.97941801071167,15.03894401550293,15.559902529716492,0.013053834011991637,0.365872581900526,774146.1,0.8105524267318533,33.3581224180307,0.21700000762939453,0.2914316692416639,0.020889511360560806,29.545257718729605,7.976968617335014,29.996376244685663,14.584315013885497,0.365872581900526,15.31606017768655,13.852569850084445,0.10034686759088374,-0.25687552086899856,-0.17236164625334313,-0.08451387461565543,15.0649995803833,13.710000038146973,13.710000038146973,-0.04247764985319846,-0.03716457496445669,-0.034525914631429955,-0.06775140613588893,0.01642196594964984,1.2720469293754824,0.05991451754938641,1.6748339416764844,-0.038229365085704736,-0.06864870588096672,-0.03730643671425349,-1.730697231178113,1750.157717150294
2025-08-07 16:30:00,13.96049976348877,14.020000457763672,13.670000076293944,13.68000030517578,561886,1h,1H,yfinance,730d,2026-04-02T03:04:46Z,-0.01943216215641652,-0.01943216215641652,14.427009300766846,14.521565008163453,14.949918022155762,15.00708402633667,15.54250253200531,14.427009300766846,14.949918022155762,15.00708402633667,15.54250253200531,0.013504440110008063,0.40578987776709435,786781.15,0.714157933244842,29.31486794831065,0.35000038146972834,0.29561514868652566,0.02160929401256524,31.842908092666086,7.30236031774481,30.842382377872923,14.521565008163453,0.40578987776709435,15.333144763697641,13.709985252629265,0.11177579759178159,-0.29017939969261697,-0.19592519694119792,-0.09425420275141905,15.0649995803833,13.710000038146973,13.710000038146973,-0.0800268721951346,-0.06043956655765581,-0.04435901458758673,-0.08403080543556685,0.016565367708723952,1.3044862264774821,0.05991451754938641,1.8655878769222651,-0.05177850655099814,-0.08494479468703209,-0.03812671148866087,-2.073892793034859,1750.157717150294
2025-08-07 17:30:00,13.688599586486816,13.770000457763672,13.619999885559082,13.754300117492676,557112,1h,1H,yfinance,730d,2026-04-02T03:04:46Z,0.0054312727090206625,0.0054312727090206625,14.36294175950264,14.457019996643066,14.919804019927978,14.97923602104187,15.52702202796936,14.36294175950264,14.919804019927978,14.97923602104187,15.52702202796936,0.01342677455685051,0.4197909462551525,783711.6,0.7108635370460257,31.756246877717388,0.15000057220458984,0.28521410750924453,0.02073635918024721,34.06664570760564,7.028040530492576,30.935957209355408,14.457019996643066,0.4197909462551525,15.29660188915337,13.617438104132761,0.11614867970096969,-0.3070382439457564,-0.21814780634210962,-0.08889043760364679,15.0649995803833,13.670000076293944,13.670000076293944,-0.0675050767801576,-0.08911922052852761,-0.040843795597137134,-0.08580146495608909,0.016590082255736015,1.2499250371756065,0.05991451754938641,1.9385732281868167,-0.042375834435677606,-0.07811790965072807,-0.039107177599643994,-1.6739757858504904,1750.157717150294
2025-08-07 18:30:00,13.744999885559082,13.789999961853027,13.699999809265137,13.765700340270996,490109,1h,1H,yfinance,730d,2026-04-02T03:04:46Z,0.0008288479007245719,0.0008288479007245719,14.30606162433772,14.398804998397827,14.884318027496338,14.956743030548095,15.512750525474548,14.30606162433772,14.884318027496338,14.956743030548095,15.512750525474548,0.013450717696284262,0.4307505975485546,749268.1,0.6541169976407644,32.143512368980936,0.09000015258789062,0.2712702535862907,0.01970624427968264,35.968465380486236,7.388099409762411,30.20283463075508,14.398804998397827,0.4307505975485546,15.260306193494936,13.537303803300718,0.11966287413336997,-0.31583830934757096,-0.2376859069432019,-0.07815240240436905,15.0649995803833,13.619999885559082,13.619999885559082,-0.08044755546265847,-0.0946596245088469,-0.0039290416608012135,-0.07798392103857865,0.01661922511691087,1.1857498855124464,0.05991451754938641,1.9972266994344754,-0.03777149143181746,-0.07515411086748347,-0.04051070743039531,-1.4697708180322757,1750.157717150294
2025-08-07 19:30:00,13.765000343322754,13.90999984741211,13.619999885559082,13.640000343322754,1835196,1h,1H,yfinance,730d,2026-04-02T03:04:46Z,-0.009131391345234552,-0.009131391345234552,14.24262721662201,14.34030499458313,14.84311803817749,14.934643030166626,15.497400531768799,14.24262721662201,14.84311803817749,14.934643030166626,15.497400531768799,0.013469396807310102,0.44995440696667033,814280.4,2.2537641824609804,30.114309717767355,0.28999996185302734,0.2726080898910576,0.01998592984086753,36.781678702830085,9.970938598653388,27.907854816045212,14.34030499458313,0.44995440696667033,15.24021380851647,13.44039618064979,0.12550762543380625,-0.32916100069417986,-0.25598092569339753,-0.07318007500078233,15.010000228881836,13.619999885559082,13.619999885559082,-0.08640321068217405,-0.10204076891893066,-0.014806783658520506,-0.07900067813260914,0.016876591325234745,1.1842397232777417,0.05991451754938641,2.094778203468845,-0.04231149661741862,-0.08105559032544496,-0.0422188542039722,-1.5563902484729977,1750.157717150294
2025-08-08 13:30:00,13.770000457763672,13.84000015258789,13.149999618530272,13.289999961853027,1596223,1h,1H,yfinance,730d,2026-04-02T03:04:46Z,-0.025659851368043718,-0.025659851368043718,14.151900811405916,14.280054998397826,14.795318031311036,14.909068031311035,15.480050530433655,14.151900811405916,14.795318031311036,14.909068031311035,15.480050530433655,0.013780989127658197,0.5027816762100663,853213.9,1.8708356720395671,25.32104282308343,0.690000534057619,0.30242183590295485,0.022755593436494494,38.51199393274801,8.345972564611952,34.46057325710525,14.280054998397826,0.5027816762100663,15.285618350817959,13.274491645977694,0.14083466100557082,-0.3637681425707999,-0.277538369068878,-0.0862297735019219,15.010000228881836,13.619999885559082,13.619999885559082,-0.10384355831258685,-0.12190288993243814,-0.047386970992609134,-0.08313210991512732,0.017268300536993717,1.3177668171656731,0.05991451754938641,2.3505932579609516,-0.06090353946363358,-0.10174286664689014,-0.04423322118855111,-1.9691549700215127,1750.157717150294
2025-08-08 14:30:00,13.289999961853027,13.359999656677246,13.130000114440918,13.284099578857422,1019771,1h,1H,yfinance,730d,2026-04-02T03:04:46Z,-0.00044397163375031745,-0.00044397163375031745,14.069253074972726,14.211759996414184,14.74400001525879,14.882809028625488,15.465521025657655,14.069253074972726,14.74400001525879,14.882809028625488,15.465521025657655,0.013385888021357912,0.539331637699853,872730.75,1.1684829484924188,25.248083049514648,0.22999954223632812,0.29724881492676725,0.022376286263305314,40.15142597973031,7.884701983732565,33.03657006328734,14.211759996414184,0.539331637699853,15.29042327181389,13.133096721014478,0.15179869005272625,-0.3872071800912096,-0.2994721312733444,-0.0877350488178652,15.010000228881836,13.149999618530272,13.149999618530272,-0.0981602178080847,-0.12748116610719873,-0.02894011092737836,-0.09323550001633929,0.01750504335750283,1.2782765404413934,0.06230229573566859,2.4364863005492787,-0.055806338256292,-0.09901657860082025,-0.046653521029252465,-1.7200185427894743,1750.157717150294
2025-08-08 15:30:00,13.295900344848633,13.3149995803833,12.914999961853027,12.93000030517578,1564604,1h,1H,yfinance,730d,2026-04-02T03:04:46Z,-0.026655873179783796,-0.026655873179783796,13.960752811182541,14.135760021209716,14.691600017547607,14.857109031677247,15.449836525917053,13.960752811182541,14.691600017547607,14.857109031677247,15.449836525917053,0.014097399841264806,0.6036638999275511,927714.2,1.6865150926869505,21.284446940540533,0.39999961853027344,0.3045881580413034,0.023556701535372673,42.00321327022483,7.145090220285123,34.979568365652156,14.135760021209716,0.6036638999275511,15.343087821064818,12.928432221354614,0.1708189440176675,-0.4294057164468619,-0.3254588483080479,-0.10394686813881399,15.010000228881836,13.130000114440918,13.130000114440918,-0.10519027848808382,-0.1473788105703464,-0.059930334897124626,-0.10519027848808382,0.018653092251479778,1.2628845243342366,0.07319395253212557,2.3337849386217164,-0.07383215790348574,-0.11990523225977956,-0.04907731593777753,-1.997402389274307,1750.157717150294
2025-08-08 16:30:00,12.9399995803833,12.979999542236328,12.8100004196167,12.880000114440918,858626,1h,1H,yfinance,730d,2026-04-02T03:04:46Z,-0.0038669906848221025,-0.0038669906848221025,13.857823982921435,14.051260042190552,14.636760025024413,14.830109033584595,15.434936528205872,13.857823982921435,14.636760025024413,14.830109033584595,15.434936528205872,0.013749276742944879,0.6532138241700471,944829.8,0.9087626152350402,20.788182457390008,0.1699991226196289,0.2949746555111838,0.022901758764773718,43.86623111547414,6.8509586384229495,36.0821953702787,14.051260042190552,0.6532138241700471,15.357687690530646,12.744832393850459,0.18595167186677805,-0.4615623545454177,-0.3526795495555219,-0.10888280498989583,15.010000228881836,12.914999961853027,12.914999961853027,-0.10024446440842716,-0.15095583060883389,-0.06434109445481662,-0.11599173752787728,0.019846087060275085,1.153968472234258,0.08822936398576758,2.1075939286695324,-0.07056114074515596,-0.12002382409631429,-0.05171232817983196,-1.7930727801693425,1750.157717150294
2025-08-08 17:30:00,12.909899711608888,12.90999984741211,12.619999885559082,12.625,753199,1h,1H,yfinance,730d,2026-04-02T03:04:46Z,-0.0197981453552174,-0.0197981453552174,13.740412175024154,13.939010047912598,14.577560024261475,14.804359035491943,15.419012026786804,13.740412175024154,14.577560024261475,14.804359035491943,15.419012026786804,0.012606723123226691,0.6944655338553297,955650.9,0.7881528704676571,18.428304218985645,0.28999996185302734,0.2946193202498869,0.02333618378216926,45.83203986110145,6.369277070950388,38.15174690390018,13.939010047912598,0.6944655338553297,15.327941115623258,12.550078980201938,0.19928690243230804,-0.5018382213923314,-0.3825112839228838,-0.11932693746944756,15.010000228881836,12.8100004196167,12.8100004196167,-0.11959554632768887,-0.18390434504984166,-0.07441351303335053,-0.150975111152442,0.020361144510557372,1.1461135581091384,0.09721472733925313,2.0499661716567963,-0.0811774902249025,-0.13394285607549028,-0.05457236825962064,-1.8921170077625928,1750.157717150294
2025-08-08 18:30:00,12.625,12.719900131225586,12.354999542236328,12.390000343322754,1341195,1h,1H,yfinance,730d,2026-04-02T03:04:46Z,-0.01861383419225715,-0.01861383419225715,13.611801524385926,13.821010065078735,14.517660026550294,14.775659036636352,15.403662028312683,13.611801524385926,14.517660026550294,14.775659036636352,15.403662028312683,0.012814470119748693,0.7452816245490786,961690.3,1.3946225723603534,16.562328432884485,0.3649005889892578,0.2996394108741277,0.02418397115183375,47.93232933748462,5.8152413890415895,41.150217484488664,13.821010065078735,0.7452816245490786,15.311573314176892,12.330446815980578,0.21569527003881328,-0.5464208449943122,-0.41529319613716953,-0.13112764885714268,15.010000228881836,12.619999885559082,12.619999885559082,-0.10347318256721971,-0.19020666599640235,-0.06772006178431822,-0.1599999767238811,0.02081293527040401,1.16196830661475,0.10606133259133266,2.03368432932965,-0.08976043170143799,-0.1465566544013579,-0.05751891986034707,-1.920092585969487,1750.157717150294
2025-08-08 19:30:00,12.399999618530272,12.569899559020996,12.350000381469728,12.350000381469728,1834851,1h,1H,yfinance,730d,2026-04-02T03:04:46Z,-0.003228406839761111,-0.003228406839761111,13.491629986965336,13.690010070800781,14.46256004333496,14.746409044265747,15.387012028694153,13.491629986965336,14.46256004333496,14.746409044265747,15.387012028694153,0.011712723496461602,0.7618846708291207,1028185.95,1.7845517145998737,16.260519506669297,0.21989917755126775,0.29394367992249487,0.02380110695085774,49.88741852777757,5.504499938004459,39.07280715820511,13.690010070800781,0.7618846708291207,15.213779412459022,12.16624072914254,0.22261040478096739,-0.578314112921527,-0.44789737949404107,-0.13041673342748594,15.010000228881836,12.354999542236328,12.354999542236328,-0.10798121030877472,-0.18508739036127542,-0.07031708787205859,-0.17501668930023928,0.021132165175239616,1.1262976014755601,0.11396223864637564,1.9533698830866824,-0.08461761896809872,-0.14607093457418696,-0.06008001967082677,-1.7588090962281573,1750.157717150294
2025-08-11 13:30:00,12.350000381469728,12.369999885559082,11.869999885559082,12.149999618530272,1930951,1h,1H,yfinance,730d,2026-04-02T03:04:46Z,-0.016194393260063666,-0.016194393260063666,13.363855666161996,13.551010036468506,14.39836004257202,14.716509037017822,15.369362025260925,13.363855666161996,14.39836004257202,14.716509037017822,15.369362025260925,0.011689103119996052,0.7764341972684319,1091244.7,1.7694940465690234,14.807567810059638,0.5,0.3086619884994595,0.025404279686454583,52.09066102494955,4.867591958321358,45.65968098146685,13.551010036468506,0.7764341972684319,15.10387843100537,11.998141641931642,0.229188583044036,-0.6126657185927584,-0.4808510473137846,-0.13181467127897384,15.010000228881836,12.350000381469728,12.350000381469728,-0.12910098026569405,-0.20380082330964988,-0.06032487766711647,-0.18620231947897314,0.021418979590376336,1.186063956934198,0.11790577691716983,1.9438282757344758,-0.09083127489211618,-0.1561539242937363,-0.06317776763231775,-1.8044161667107403,1750.157717150294
2025-08-11 14:30:00,12.14840030670166,12.255000114440918,12.09000015258789,12.170599937438965,999607,1h,1H,yfinance,730d,2026-04-02T03:04:46Z,0.0016954995518909666,0.0016954995518909666,13.25021226342647,13.418040037155151,14.332172050476075,14.686515035629272,15.352415022850037,13.25021226342647,14.332172050476075,14.686515035629272,15.352415022850037,0.011954253474869883,0.7737279156543466,1121808.9,0.8910670970786558,15.64367390881526,0.16499996185302734,0.29840041516757154,0.02451813523585127,54.13652905803781,4.675340098400638,43.856292639297564,13.418040037155151,0.7737279156543466,14.965495868463844,11.870584205846459,0.23065303532016868,-0.6309540939653342,-0.5108716566440945,-0.12008243732123969,14.949999809265137,11.869999885559082,11.869999885559082,-0.11033628172988696,-0.2168211089243971,-0.05507765300456646,-0.1793256911630854,0.021536217101699746,1.1384606275127203,0.12258524978358812,1.8815725034403676,-0.08147887026440126,-0.15081957608549001,-0.06645488484094952,-1.6122464686584541,1750.157717150294
2025-08-11 15:30:00,12.170000076293944,12.229999542236328,12.144200325012209,12.204999923706056,525367,1h,1H,yfinance,730d,2026-04-02T03:04:46Z,0.0028264823791694926,0.0028264823791694926,13.150668231072144,13.291790056228638,14.272072048187256,14.653634033203126,15.335579524040222,13.150668231072144,14.272072048187256,14.653634033203126,15.335579524040222,0.012253223102905032,0.7551339341282842,1117381.5,0.4701769270387956,17.10668921182537,0.08579921722411932,0.28321461531446784,0.02320480271076229,56.036263660191196,4.574169845220553,42.9072809874232,13.291790056228638,0.7551339341282842,14.802057924485206,11.78152218797207,0.22724822794636967,-0.6353480746950169,-0.535766940254279,-0.0995811344407379,14.890000343322754,11.869999885559082,11.869999885559082,-0.11264115080753723,-0.222611460383366,-0.033267332775757885,-0.17141885247790867,0.02199279013793528,1.055109541137139,0.13317114321968854,1.7064374642446745,-0.07191028552691192,-0.14483335828897714,-0.06934902422081923,-1.439201820240216,1750.157717150294
2025-08-11 16:30:00,12.204999923706056,12.31999969482422,12.149999618530272,12.229999542236328,518563,1h,1H,yfinance,730d,2026-04-02T03:04:46Z,0.0020483096015195823,0.0020483096015195823,13.062985498802066,13.180790042877197,14.205872039794922,14.620134029388428,15.319204521179199,13.062985498802066,14.205872039794922,14.620134029388428,15.319204521179199,0.012276847260298068,0.739732193896411,1109029.85,0.46758254523086096,18.216771715334943,0.17000007629394887,0.27512786252728794,0.02249614659241264,57.168230069951846,6.708867187288122,41.01355342214191,13.180790042877197,0.739732193896411,14.660254430670019,11.701325655084375,0.2244879681688449,-0.6295559467264553,-0.5545247415487142,-0.07503120517774109,14.779899597167969,11.869999885559082,11.869999885559082,-0.11155994682973291,-0.22002555457863404,-0.012913704330335563,-0.15363323850048605,0.02243621642785898,1.002671135070673,0.14631667552914854,1.5342609949070598,-0.06376688978504386,-0.13908843413650218,-0.07267560661162697,-1.285317184362012,1750.157717150294
2025-08-11 17:30:00,12.234999656677246,12.239999771118164,12.0,12.005000114440918,760624,1h,1H,yfinance,730d,2026-04-02T03:04:46Z,-0.01839733738487681,-0.01839733738487681,12.962224986005765,13.065290069580078,14.138572044372559,14.585184030532837,15.301529521942138,12.962224986005765,14.138572044372559,14.585184030532837,15.301529521942138,0.01247492424184273,0.7339386955988078,1103700.1,0.6891582233253398,16.1239171709952,0.23999977111816406,0.27261871314092195,0.022708763893553533,58.38157409567147,6.286999441029055,42.36466034243635,13.065290069580078,0.7339386955988078,14.533167460777694,11.597412678382462,0.22469878332288634,-0.6357922002877405,-0.5707782332965196,-0.06501396699122097,14.600000381469728,11.869999885559082,11.869999885559082,-0.11986804895369552,-0.24258676179743244,-0.02793524343096032,-0.16136916057670814,0.022602455242983086,1.0047034116173486,0.1613088170351969,1.3929727305225854,-0.07384726561977462,-0.1509043433265841,-0.07600269475688148,-1.4446573828268965,1750.157717150294
2025-08-11 18:30:00,12.005000114440918,12.154999732971191,12.0,12.130000114440918,600455,1h,1H,yfinance,730d,2026-04-02T03:04:46Z,0.010412328097326506,0.010412328097326506,12.882965474428161,12.954790067672729,14.073772048950195,14.551434030532837,15.284979524612426,12.882965474428161,14.073772048950195,14.551434030532837,15.284979524612426,0.012970266645466291,0.6992494788692195,1072322.2,0.5599576321370573,21.518387744996176,0.1549997329711914,0.26421735741451263,0.021782139729739865,59.50825069098254,6.023557455210665,40.58946847963792,12.954790067672729,0.6992494788692195,14.353289025411168,11.556291109934289,0.21590453421985462,-0.6234611488011375,-0.5813148163974432,-0.04214633240369425,14.600000381469728,11.869999885559082,11.869999885559082,-0.08728366070291327,-0.21993569352698017,-0.001646049770968827,-0.1541143664317285,0.022602455242983086,0.9637067962562215,0.1783853079422228,1.2103268857196687,-0.05844658681122994,-0.13811307499855863,-0.0792416812670178,-1.1795360284938747,1750.157717150294
2025-08-11 19:30:00,12.130000114440918,12.130000114440918,11.989999771118164,12.0600004196167,1818918,1h,1H,yfinance,730d,2026-04-02T03:04:46Z,-0.005770790945078708,-0.005770790945078708,12.804587850160402,12.866790103912354,14.008872051239013,14.517834033966064,15.2689795255661,12.804587850160402,14.008872051239013,14.517834033966064,15.2689795255661,0.011268180493780195,0.695563714439358,1051304.4,1.7301535121511906,20.714926555496405,0.1400003433227539,0.25534471355081556,0.021172861083443573,60.56590924958061,5.7876578298356405,39.27960986058055,12.866790103912354,0.695563714439358,14.25791753279107,11.475662675033638,0.2162353497094387,-0.612279119459421,-0.5875076770098387,-0.024771442449582293,14.600000381469728,11.869999885559082,12.0,-0.09214769521819621,-0.22801173858212764,-0.00908743351936514,-0.1273516146217185,0.022602455242983086,0.9367504926269756,0.19261928714954304,1.122604869477899,-0.05815005053320599,-0.13911695563312299,-0.0825272882327982,-1.1599076656060874,1750.157717150294
2025-08-12 13:30:00,12.850000381469728,12.90999984741211,12.279999732971191,12.539999961853027,2343056,1h,1H,yfinance,730d,2026-04-02T03:04:46Z,0.039800955682850914,0.039800955682850914,12.779389003654938,12.801540088653564,13.952672042846679,14.491933031082153,15.253779525756835,12.779389003654938,13.952672042846679,14.491933031082153,15.253779525756835,0.01509804609925527,0.661094660422806,1126889.95,2.0792234414727013,37.851227783843754,0.8499994277954102,0.2978200502825723,0.023749605357938425,57.280946153765754,23.31513250651284,31.271982945832594,12.801540088653564,0.661094660422806,14.123729409499175,11.479350767807952,0.20656722733189145,-0.5582501686633332,-0.5816561753405377,0.023406006677204494,14.050000190734863,11.869999885559082,11.989999771118164,-0.03016243883355807,-0.19538017766062132,0.027447770605577126,-0.09425787504559147,0.022732178665024014,1.0447571131613458,0.20292706488209974,1.0179382797060936,-0.01873243249215162,-0.10124742247617768,-0.08529738355750882,-0.3956167587759176,1750.157717150294
2025-08-12 14:30:00,12.539999961853027,12.75,12.3149995803833,12.31999969482422,1036522,1h,1H,yfinance,730d,2026-04-02T03:04:46Z,-0.017543880996654937,-0.017543880996654937,12.735637640909156,12.719985055923463,13.904172039031982,14.464433031082153,15.241229524612427,12.735637640909156,13.904172039031982,14.464433031082153,15.241229524612427,0.015055055583423025,0.6131187034849054,1147341.75,0.903411734123682,34.202430832733114,0.4350004196166992,0.3076186480921528,0.024969046729878333,54.23062327908053,20.96015442693904,28.113311884380582,12.719985055923463,0.6131187034849054,13.946222462893273,11.493747648953653,0.19280485025393546,-0.5271078476753832,-0.5707465098075069,0.04363866213212364,14.027000427246094,11.869999885559082,11.989999771118164,-0.04347829306218953,-0.19922005124860342,0.0073589661452624355,-0.11691555603132964,0.022828676100634104,1.0937579831528108,0.20292706488209974,0.9501189521760182,-0.03263581752277811,-0.11393503617192391,-0.0877263532723056,-0.6523783385268878,1750.157717150294
2025-08-12 15:30:00,12.324999809265137,12.5600004196167,12.287599563598633,12.359999656677246,835289,1h,1H,yfinance,730d,2026-04-02T03:04:46Z,0.003246750230832429,0.003246750230832429,12.699862594791831,12.653985023498535,13.857220039367675,14.438733024597168,15.228479523658752,12.699862594791831,13.857220039367675,14.438733024597168,15.228479523658752,0.014859840215673705,0.5761567067444344,1161011.9,0.7194491288159924,35.42136331411622,0.2724008560180664,0.30510309151543236,0.02468471682769072,51.4821993370639,19.623471804164385,26.96192388258527,12.653985023498535,0.5761567067444344,13.806298436987404,11.501671610009666,0.18212656508586275,-0.49351078615323907,-0.5552993650766533,0.06178857892341427,14.020000457763672,11.869999885559082,11.989999771118164,-0.02099012620378249,-0.18172790259831273,0.029570973665322686,-0.09649127332249519,0.023053280737768002,1.0707680658766259,0.20292706488209974,0.897497656074994,-0.02676115080599073,-0.10804622993911484,-0.09004572532410127,-0.5102524423996544,1750.157717150294
2025-08-12 16:30:00,12.359999656677246,12.635000228881836,12.3100004196167,12.520000457763672,714012,1h,1H,yfinance,730d,2026-04-02T03:04:46Z,0.012945048991161556,0.012945048991161556,12.682732867455815,12.592270040512085,13.808920040130616,14.414433031082153,15.215079526901246,12.682732867455815,13.808920040130616,14.414433031082153,15.215079526901246,0.015208463061703772,0.5181802191233901,1168856.9,0.6108634855130685,40.194035063831365,0.3249998092651367,0.30652428564041123,0.024482769523409643,48.60758096534083,19.885011633986995,24.919992895673676,12.592270040512085,0.5181802191233901,13.628630478758865,11.555909602265306,0.16460263874783204,-0.44880065084377385,-0.5339996222300775,0.08519897138630361,13.90999984741211,11.869999885559082,11.989999771118164,0.010492341472046585,-0.184895785312012,0.03215171802500261,-0.08973918332341935,0.023270493246465775,1.0520949970464415,0.20292706488209974,0.8111418693384536,-0.012831020836977403,-0.09333963688841462,-0.09241880624313847,-0.13946804621502634,1750.157717150294
2025-08-12 17:30:00,12.510000228881836,12.579999923706056,12.34000015258789,12.369999885559082,553896,1h,1H,yfinance,730d,2026-04-02T03:04:46Z,-0.01198087593611663,-0.01198087593611663,12.65294877394184,12.52248501777649,13.75952003479004,14.388433027267457,15.201054525375366,12.65294877394184,13.75952003479004,14.388433027267457,15.201054525375366,0.015237104585657519,0.4441441857798914,1172046.25,0.47258885901473596,37.40318370913267,0.23999977111816584,0.301772534603108,0.024395516361758553,45.93829247731226,18.75540058744266,23.504358860708056,12.52248501777649,0.4441441857798914,13.410773389336272,11.634196646216706,0.1418709417977022,-0.4206226628330896,-0.5113242303506799,0.09070156751759029,13.90999984741211,11.989999771118164,11.989999771118164,0.0016193929936521023,-0.20090437652738835,0.025704764109140577,-0.10138971648459094,0.023446442658770966,1.0404783666673867,0.20292706488209974,0.6991228197191388,-0.022362288304326294,-0.10098609150011395,-0.09483121635929592,-0.3433234906579992,1750.157717150294
2025-08-12 18:30:00,12.373000144958496,12.390000343322754,12.145000457763672,12.177200317382812,1013655,1h,1H,yfinance,730d,2026-04-02T03:04:46Z,-0.015586060627320375,-0.015586060627320375,12.607639397126695,12.449345016479493,13.707364044189454,14.361005029678346,15.187240529060364,12.607639397126695,13.707364044189454,14.361005029678346,15.187240529060364,0.015384274552436388,0.3680131098848452,1130969.2,0.8962710920863274,34.123537682674495,0.24499988555908203,0.29771734538567757,0.02444875157064547,44.12692068424706,17.652947666730828,26.80120699640908,12.449345016479493,0.3680131098848452,13.185371236249184,11.713318796709801,0.11824336441722771,-0.4091324934731624,-0.4908858829751764,0.081753389502014,13.90999984741211,11.989999771118164,12.279999732971191,0.002238740716588694,-0.19939511592096248,-0.02893139119408772,-0.10724340096193852,0.02365315344665555,1.033636027677418,0.20292706488209974,0.5826889798358188,-0.03414113191102053,-0.11163077903773022,-0.09744209173741658,-0.7394972944899618,1750.157717150294
2025-08-12 19:30:00,12.178099632263184,12.35890007019043,12.119999885559082,12.149999618530272,1485034,1h,1H,yfinance,730d,2026-04-02T03:04:46Z,-0.0022337399520078183,-0.0022337399520078183,12.564054656307988,12.392344999313355,13.653464031219482,14.333455028533935,15.172865529060363,12.564054656307988,13.653464031219482,14.333455028533935,15.172865529060363,0.014683528133671015,0.3183237245239405,1125409.75,1.3195496129298685,33.67491258271815,0.23890018463134766,0.2935161196175112,0.024157706076785575,42.526184148328944,16.62664909109135,25.851452373924605,12.392344999313355,0.3183237245239405,13.028992448361237,11.755697550265474,0.10274850306106832,-0.39763760179224583,-0.4722362267385903,0.07459862494634445,13.84000015258789,11.989999771118164,12.145000457763672,-0.001692629698994752,-0.21814674077505747,-0.013798707833196477,-0.08577880711775454,0.023775356154398082,1.016081774754687,0.20292706488209974,0.5063321795974579,-0.03295552662769052,-0.11011596831774317,-0.10013938994785099,-0.7613173700625548,1750.157717150294
2025-08-13 13:30:00,13.9399995803833,13.989999771118164,12.760000228881836,13.479999542236328,4697342,1h,1H,yfinance,730d,2026-04-02T03:04:46Z,0.1094650177336336,0.1094650177336336,12.651287502586877,12.4021399974823,13.62466402053833,14.3195050239563,15.165665526390075,12.651287502586877,13.62466402053833,14.3195050239563,15.165665526390075,0.028853463381680048,0.34730729957175177,1309288.3,3.58770638979971,60.80740814957527,1.8400001525878924,0.4039792648296813,0.029968789209814856,42.29814827133386,40.057295301540066,17.441070870681905,12.4021399974823,0.34730729957175177,13.096754596625804,11.707525398338795,0.11201528111834162,-0.27800328987432366,-0.433389639365737,0.15538634949141333,13.359999656677246,11.989999771118164,12.119999885559082,0.10446535243755384,-0.12296684173033134,0.09061487998941997,0.014746950835169415,0.023979406513821657,1.2497719321177085,0.20292706488209974,0.5519977395988174,0.0655041662344642,-0.010617838214867392,-0.10161120217046982,3.1034750668445104,1750.157717150294
2025-08-13 14:30:00,13.454999923706056,13.670000076293944,13.109999656677246,13.260000228881836,1467688,1h,1H,yfinance,730d,2026-04-02T03:04:46Z,-0.01632042439357495,-0.01632042439357495,12.709260143186397,12.418639993667602,13.58886402130127,14.304605026245117,15.157665529251098,12.709260143186397,13.58886402130127,14.304605026245117,15.157665529251098,0.02844081522368227,0.3784369089698288,1304442.5,1.1251457998340286,56.67717562460892,0.5600004196166974,0.4151236330287539,0.03130645745575222,42.08640067126699,36.197498158714524,15.760503198608259,12.418639993667602,0.3784369089698288,13.17551381160726,11.661766175727944,0.12189318932275933,-0.1986543777290244,-0.3864425870383945,0.18778820930937012,13.989999771118164,11.989999771118164,12.119999885559082,0.08421919257546961,-0.13728039508052958,0.05910541086756016,0.025522035260429288,0.024170838614309662,1.2952160227166514,0.20292706488209974,0.6006748749536147,0.04333376447492876,-0.024200977499217124,-0.10349888674627183,2.2232509971201355,1750.157717150294
2025-08-13 15:30:00,13.260000228881836,13.399999618530272,13.079999923706056,13.119999885559082,1045129,1h,1H,yfinance,730d,2026-04-02T03:04:46Z,-0.01055809509096517,-0.01055809509096517,12.748378213888557,12.43063998222351,13.550364017486572,14.290005025863648,15.149290528297424,12.748378213888557,13.550364017486572,14.290005025863648,15.149290528297424,0.028542860792385594,0.3962614303600589,1313767.65,0.7955204255486121,54.15625543416218,0.3199996948242152,0.408329066014144,0.031122642498159128,41.78442405897472,34.17126327536827,15.403056387272981,12.43063998222351,0.3962614303600589,13.223162842943628,11.638117121503393,0.12751119199871735,-0.14539067762122926,-0.3382322051549615,0.19284152753373224,13.989999771118164,11.989999771118164,12.119999885559082,0.09287794756260936,-0.1427638272491758,0.060630558362054776,0.01863352243677996,0.02428974375679615,1.2813079796056377,0.20292706488209974,0.6283597117654125,0.029150505690650697,-0.03176033731434158,-0.10554464632018312,1.739659352436071,1750.157717150294
2025-08-13 16:30:00,13.129799842834473,13.515000343322754,13.119999885559082,13.407500267028809,997784,1h,1H,yfinance,730d,2026-04-02T03:04:46Z,0.021913139022674333,0.021913139022674333,12.811151742759057,12.469764995574952,13.517914028167725,14.27898102760315,15.143278031349181,12.811151742759057,13.517914028167725,14.27898102760315,15.143278031349181,0.028448006893824998,0.44868292200310117,1325996.9,0.7524783806055656,58.261867559198095,0.3950004577636719,0.4073770225676817,0.030384263617692187,41.68986876882226,33.82100995679893,14.336263923906822,12.469764995574952,0.44868292200310117,13.367130839581154,11.57239915156875,0.14392666490902495,-0.07906848126430255,-0.28639946037682973,0.20733097911252718,13.989999771118164,12.119999885559082,12.119999885559082,0.10531740647446575,-0.12654723558091074,0.10103307144333962,0.061980219170598705,0.024422133966202013,1.244128119997262,0.19968603879291347,0.7207647854554601,0.04654917342672271,-0.0081679585259119,-0.10733237544847785,2.089973175861985,1750.157717150294
2025-08-13 17:30:00,13.404999732971191,13.460000038146973,13.239999771118164,13.34000015258789,892913,1h,1H,yfinance,730d,2026-04-02T03:04:46Z,-0.005034504053444744,-0.005034504053444744,12.861518257980851,12.517264986038208,13.485414028167725,14.268281030654908,15.13547803401947,12.861518257980851,13.485414028167725,14.268281030654908,15.13547803401947,0.028074182875718768,0.48642312531463155,1303582.8,0.6849683809881505,56.971811365605504,0.2200002670288086,0.39399296860061933,0.02953470495457129,41.6020674279664,32.472067967861676,13.764465849392002,12.517264986038208,0.48642312531463155,13.490111236667472,11.544418735408945,0.15544070557176493,-0.03159020571197679,-0.23543760944385916,0.20384740373188237,13.989999771118164,12.119999885559082,12.119999885559082,0.10613596089840538,-0.09528652043919084,0.0979424338617032,0.07667472017279753,0.024465760547027558,1.207185237417832,0.18746570766989912,0.8291687450670938,0.037202598092191064,-0.010783048653612015,-0.10901961617221179,1.691398134119374,1750.157717150294
2025-08-13 18:30:00,13.354999542236328,13.600000381469728,13.324999809265137,13.5600004196167,965720,1h,1H,yfinance,730d,2026-04-02T03:04:46Z,0.016491773951451627,0.016491773951451627,12.928040368612837,12.577764987945557,13.457914028167725,14.259781036376953,15.126203036308288,12.928040368612837,13.457914028167725,14.259781036376953,15.126203036308288,0.028146560382270532,0.5347085125888682,1260126.25,0.7663676556218078,60.07476369762822,0.2750005722045916,0.3854935117151888,0.028428724173010428,41.757917621313815,33.41153107653433,13.06309477390423,12.577764987945557,0.5347085125888682,13.647182013123293,11.50834796276782,0.17004881649524517,0.02351775462005712,-0.1836465366310759,0.20716429125113303,13.989999771118164,12.119999885559082,12.760000228881836,0.08133974967037783,-0.07802763526164769,0.005934783389992537,0.09797570856455096,0.024500452379630458,1.1603346637242467,0.17608769079055397,0.9657053013291447,0.04888289585931038,0.007585602882832054,-0.11029132718475843,1.8369549175783801,1750.157717150294
2025-08-13 19:30:00,13.5600004196167,13.78499984741211,13.43000030517578,13.649999618530272,1414251,1h,1H,yfinance,730d,2026-04-02T03:04:46Z,0.006637108859036234,0.006637108859036234,12.996798392414497,12.652764987945556,13.430010013580322,14.252231035232544,15.116428036689758,12.996798392414497,13.430010013580322,14.252231035232544,15.116428036689758,0.027721105543230127,0.5732568255352124,1234291.25,1.1458000694730681,61.30414500713117,0.3549995422363299,0.38331537103812746,0.02808171294875098,42.198117701399326,34.64864526095596,12.198943846922392,12.652764987945556,0.5732568255352124,13.79927863901598,11.506251336875131,0.18122736843096704,0.07360492169244814,-0.1321962449663711,0.20580116665881926,13.989999771118164,12.119999885559082,13.079999923706056,0.1079545419359711,-0.08603955574039457,0.029411718168674827,0.12345679399959097,0.024500452379630458,1.14617120180597,0.1756380924631061,1.0318226865794218,0.05025862573178097,0.01638044980811615,-0.11156193903852518,1.7395948659724425,1750.157717150294
2025-08-14 13:30:00,13.479999542236328,13.640000343322754,13.34000015258789,13.489999771118164,1031283,1h,1H,yfinance,730d,2026-04-02T03:04:46Z,-0.011721600870589266,-0.011721600870589266,13.043769952291036,12.718734979629517,13.40121000289917,14.241831035614014,15.106478037834167,13.043769952291036,13.40121000289917,14.241831035614014,15.106478037834167,0.027983175531346254,0.5896569303681014,1235875.05,0.8344557162150008,57.89128919729788,0.30999946594238104,0.3780785206741456,0.028026577248993333,42.21465577577017,32.61938774297282,13.184821665537028,12.718734979629517,0.5896569303681014,13.89804884036572,11.539421118893314,0.18544515042180004,0.09924468103888273,-0.08590805976532034,0.18515274080420308,13.989999771118164,12.119999885559082,13.079999923706056,0.09142396001851494,-0.09097037517444395,0.028201211035552953,0.10840877528317128,0.024583743175550184,1.1400451529638183,0.1756380924631061,1.0558367369012163,0.03421018773401108,0.006625503831354518,-0.11288323000663392,1.307989021696353,1750.157717150294
2025-08-14 14:30:00,13.489999771118164,13.779999732971191,13.470000267028809,13.585000038146973,728942,1h,1H,yfinance,730d,2026-04-02T03:04:46Z,0.00704227343518582,0.00704227343518582,13.095315674753506,12.787734985351562,13.376709995269776,14.23288104057312,15.096853036880493,13.095315674753506,13.376709995269776,14.23288104057312,15.096853036880493,0.02797787954681607,0.6060188668165951,1246053.8,0.5850004229351895,59.338724108226884,0.3099994659423828,0.37321573105044825,0.027472633787445744,42.47076211063154,33.363489394355845,12.402568680617861,12.787734985351562,0.6060188668165951,13.999772718984753,11.575697251718372,0.18956253551103266,0.12578018694464,-0.04357041042332828,0.16935059736796826,13.989999771118164,12.119999885559082,13.119999885559082,0.08506386113771214,-0.08116332916129032,0.01323884151281085,0.11306842466754219,0.024826881778784525,1.1065680350934006,0.1756380924631061,1.0792791748797401,0.03739385712843335,0.015571096551457941,-0.11394050385259336,1.3155779406397483,1750.157717150294
2025-08-14 15:30:00,13.585000038146973,13.779999732971191,13.571999549865724,13.699999809265137,557212,1h,1H,yfinance,730d,2026-04-02T03:04:46Z,0.008465202119634974,0.008465202119634974,13.15290463994509,12.861234998703003,13.360809993743896,14.225631036758422,15.088303036689759,13.15290463994509,13.360809993743896,14.225631036758422,15.088303036689759,0.027970465365483487,0.6228278487649426,1247986.25,0.44648889360760186,61.0826467940841,0.20800018310546697,0.3614146204829496,0.026380629599609882,42.70857513585995,31.991971651542485,11.892719641721875,12.861234998703003,0.6228278487649426,14.106890696232888,11.615579301173117,0.1937070114426032,0.154310491695675,-0.003994229999527623,0.15830472169520263,13.989999771118164,12.119999885559082,13.239999771118164,0.1075181839943844,-0.07713037636696796,0.02698648070160692,0.12019626508996661,0.025674838164744106,1.0274896157217048,0.1756380924631061,1.1028758552663773,0.0415950076653433,0.02538692008044907,-0.11449220225396928,1.346704088819071,1750.157717150294
2025-08-14 16:30:00,13.704299926757812,13.774999618530272,13.59000015258789,13.760000228881836,562290,1h,1H,yfinance,730d,2026-04-02T03:04:46Z,0.004379592733725568,0.004379592733725568,13.210723267462875,12.94898500442505,13.343010005950928,14.221031036376953,15.080428037643433,13.210723267462875,13.343010005950928,14.221031036376953,15.080428037643433,0.027409393458258213,0.6196341693213059,1238069.55,0.4541667307785738,61.99842399737466,0.18499946594238104,0.34881353801576614,0.025349820655061965,42.929401516429195,30.780006554159044,11.44218282343114,12.94898500442505,0.6196341693213059,14.188253343067661,11.709716665782437,0.19140779577999625,0.17969112870142823,0.03274284174066355,0.14694828696076467,13.989999771118164,12.760000228881836,13.324999809265137,0.12998060886290874,-0.07774797865150185,0.014749248014462202,0.14618909601923402,0.025865225127335925,0.9800734588724206,0.1756380924631061,1.089785211714268,0.04157811425599944,0.03125158586742649,-0.11521012714994561,1.3088613646744227,1750.157717150294
2025-08-14 17:30:00,13.770000457763672,13.890000343322754,13.760000228881836,13.86989974975586,451202,1h,1H,yfinance,730d,2026-04-02T03:04:46Z,0.00798688365159661,0.00798688365159661,13.273501980062207,13.035979986190796,13.331408004760743,14.218100032806397,15.074494037628174,13.273501980062207,13.331408004760743,14.218100032806397,15.074494037628174,0.027400287341176686,0.6206816920494387,1230606.9,0.3666499838413063,63.68408306531403,0.13000011444091797,0.33318400776041984,0.024022091995746734,43.35381620523774,32.38758416251159,11.123293166181712,13.035979986190796,0.6206816920494387,14.277343370289673,11.794616602091919,0.19045187019523985,0.206295394360259,0.06745335226458264,0.13884204209567635,13.989999771118164,13.079999923706056,13.34000015258789,0.14155557080039127,-0.07841198844007335,0.016109900173701508,0.14343772620773265,0.025865225127335925,0.9287408819171167,0.1756380924631061,1.0843426247939094,0.04493145596312753,0.04039271356805063,-0.11563147847724975,1.343554633956627,1750.157717150294
2025-08-14 18:30:00,13.869999885559082,14.0649995803833,13.859999656677246,13.9399995803833,752196,1h,1H,yfinance,730d,2026-04-02T03:04:46Z,0.0050540978588309304,0.0050540978588309304,13.33697794199755,13.129979944229126,13.318808002471924,14.214400024414063,15.069744033813476,13.33697794199755,13.318808002471924,14.214400024414063,15.069744033813476,0.02724756111441201,0.607984815887568,1177270.8,0.6389320112246052,64.75791323662943,0.2049999237060547,0.3240280017565366,0.023244477152819756,44.058218081339554,34.78166107756708,10.620630645379698,13.129979944229126,0.607984815887568,14.345949576004262,11.91401031245399,0.18522033345672825,0.23038025685685604,0.10003873318303733,0.1303415236738187,13.989999771118164,13.079999923706056,13.34000015258789,0.03412463306884206,-0.07344636027298967,0.033358029421807434,0.1558871555019692,0.025865225127335925,0.8986767769615736,0.1756380924631061,1.0545567357242562,0.04521426375662374,0.04664017814477739,-0.11618883687823789,1.3323024111575321,1750.157717150294
2025-08-14 19:30:00,13.9399995803833,14.005000114440918,13.710000038146973,13.710000038146973,1595124,1h,1H,yfinance,730d,2026-04-02T03:04:46Z,-0.016499250298399493,-0.016499250298399493,13.372503855916541,13.188479948043824,13.295608005523682,14.20830002784729,15.064394035339355,13.372503855916541,13.295608005523682,14.20830002784729,15.064394035339355,0.02668005282071564,0.6046822573804531,1139874.2,1.3993860024202671,58.63203650383937,0.2950000762939453,0.32195457850920867,0.023483193115492046,43.91638682080254,32.50525463560794,13.253405531403189,13.188479948043824,0.6046822573804531,14.39784446280473,11.979115433282917,0.18339710406736984,0.22827720550790964,0.1256864276480118,0.10259077785989784,14.0649995803833,13.119999885559082,13.470000267028809,0.03393663661369972,-0.08782433255328315,0.009201324964961177,0.09330144177457034,0.025865225127335925,0.907906001199796,0.1756380924631061,1.0441761322697898,0.02523806953931884,0.03116758800734276,-0.11741501355224127,0.8624696420934002,1750.157717150294
2025-08-15 13:30:00,13.640000343322754,13.75,12.781999588012695,12.888400077819824,3054406,1h,1H,yfinance,730d,2026-04-02T03:04:46Z,-0.05992705747929339,-0.05992705747929339,13.326398734193045,13.216899967193603,13.258376007080079,14.192288026809692,15.054986033439636,13.326398734193045,13.258376007080079,14.192288026809692,15.054986033439636,0.029864410127330574,0.5758666805922278,1240768.4,2.461705182046867,42.98821263464709,0.9680004119873047,0.3681007094719298,0.02856062096531356,41.08658122086167,26.39956921750593,28.771430304243033,13.216899967193603,0.5758666805922278,14.368633328378058,12.065166606009148,0.17428192148586066,0.15848732849323,0.13224660781705544,0.026240720676174556,14.0649995803833,13.239999771118164,13.571999549865724,-0.0176524245243459,-0.1387637857396855,-0.059240857134643,0.046136395866502866,0.02692663169352781,1.060683017853232,0.1721653689905529,1.0122937179975138,-0.03286699318469277,-0.02790507141015497,-0.11933654553840078,-0.5704443414506044,1750.157717150294
2025-08-15 14:30:00,12.890000343322754,13.028300285339355,12.800000190734863,12.869999885559082,927485,1h,1H,yfinance,730d,2026-04-02T03:04:46Z,-0.0014276552674996612,-0.0014276552674996612,13.282932177180287,13.242399978637696,13.216375999450683,14.175388021469116,15.045386033058167,13.282932177180287,13.216375999450683,14.175388021469116,15.045386033058167,0.029877413062565538,0.5479737762488396,1245378.2,0.7447416375202328,42.71334842622662,0.2283000946044922,0.35811495126711285,0.02782555978644098,38.45890459234514,25.197436428947974,27.4612922691305,13.242399978637696,0.5479737762488396,14.338347531135375,12.146452426140018,0.16552098626618034,0.10053470491399707,0.12590422723644376,-0.025369522322446686,14.0649995803833,12.781999588012695,12.781999588012695,-0.04008952979784952,-0.13826585042108852,-0.0646802564330391,0.04126215558641366,0.027649096786943363,1.0063822337799095,0.16778490138071275,0.9865070390964711,-0.03108743507179923,-0.026208100761206943,-0.12156617514424217,-0.679594734674865,1750.157717150294
2025-08-15 15:30:00,12.869999885559082,12.949999809265137,12.760000228881836,12.84000015258789,1416098,1h,1H,yfinance,730d,2026-04-02T03:04:46Z,-0.00233098160357037,-0.00233098160357037,13.240748174838155,13.258399963378906,13.174575996398925,14.152788019180297,15.034361033439636,13.240748174838155,13.174575996398925,14.152788019180297,15.034361033439636,0.029794612703009066,0.5310578947318169,1280482.5,1.1059096863877484,42.239146138137585,0.18999958038330078,0.3461067104896977,0.026955350963912585,36.12866356743768,24.209404578997646,27.209999452346494,13.258399963378906,0.5310578947318169,14.32051575284254,12.196284173915272,0.16021779285544407,0.05159139201616725,0.11104166019238847,-0.05945026817622122,14.0649995803833,12.781999588012695,12.781999588012695,-0.03748125894159027,-0.14657167364476098,-0.0742542928030967,0.02555908012174135,0.027649096786943363,0.9749089155289014,0.16778490138071275,0.9548999435408165,-0.030266267204735353,-0.025395568244661937,-0.12370229987853498,-0.787861012785257,1750.157717150294
2025-08-15 16:30:00,12.84000015258789,13.0600004196167,12.800000190734863,12.94499969482422,648274,1h,1H,yfinance,730d,2026-04-02T03:04:46Z,0.00817753434490176,0.00817753434490176,13.212581652932066,13.287149953842164,13.13687599182129,14.130188016891479,15.023286032676697,13.212581652932066,13.13687599182129,14.130188016891479,15.023286032676697,0.029655712921359653,0.49663283933741936,1285201.4,0.5044143275909908,44.55912897282637,0.26000022888183594,0.3399562475177076,0.026261587912870463,33.62174914322197,25.198105401925663,25.723546387295144,13.287149953842164,0.49663283933741936,14.280415632517002,12.293884275167326,0.14950770964809074,0.02103358736559713,0.09304004562703021,-0.07200645826143308,14.0649995803833,12.760000228881836,12.760000228881836,-0.04535403434816876,-0.13295382249010534,-0.07137732535941166,0.04648341265842704,0.027649096786943363,0.9498172079628974,0.16778490138071275,0.8910677207411524,-0.02025205710259248,-0.014605930444690718,-0.12556574086071004,-0.6889400617857281,1750.157717150294
2025-08-15 17:30:00,12.94499969482422,13.050000190734863,12.699999809265137,12.699999809265137,898868,1h,1H,yfinance,730d,2026-04-02T03:04:46Z,-0.0189262179478491,-0.0189262179478491,13.163764334487597,13.31328992843628,13.096275997161865,14.105288019180298,15.010911030769348,13.163764334487597,13.096275997161865,14.105288019180298,15.010911030769348,0.029767408940683304,0.4489974762474681,1279462.05,0.7025358821701667,40.47413088225712,0.35000038146972656,0.3406736856571375,0.0268247000609089,31.59465888770286,23.348965453159483,25.932541333114756,13.31328992843628,0.4489974762474681,14.211284880931217,12.415294975941343,0.1349020350825352,-0.0226915619905963,0.0698937241035049,-0.0925852860941012,14.0649995803833,12.760000228881836,12.760000228881836,-0.06959705756881363,-0.14247134034896747,-0.07366887134001399,0.04293265104098132,0.027649096786943363,0.9701835928895961,0.16778490138071275,0.804017727294993,-0.03523038801351441,-0.030258692469722348,-0.12754955576532745,-1.3659099474161056,1750.157717150294
2025-08-15 18:30:00,12.69499969482422,12.75,12.539999961853027,12.74590015411377,1120922,1h,1H,yfinance,730d,2026-04-02T03:04:46Z,0.003614200436061976,0.003614200436061976,13.123967745880567,13.343084955215454,13.062194004058838,14.081397018432618,14.99864053249359,13.123967745880567,13.062194004058838,14.081397018432618,14.99864053249359,0.029747878662157903,0.38619338497707534,1261256.45,0.8887344044900624,41.5551568166157,0.21000003814697266,0.33133985369212576,0.02599579862432745,30.174651062235366,22.291940342791367,28.20775167647064,13.343084955215454,0.38619338497707534,14.115471725169606,12.570698185261303,0.11577334215386913,-0.05302899837016639,0.04530917960877064,-0.09833817797893704,14.0649995803833,12.699999809265137,12.699999809265137,-0.055159349861331974,-0.12066917869988303,-0.0110564478791505,0.04904531311051863,0.027649096786943363,0.9402042614499927,0.16778490138071275,0.6900104908198702,-0.028807415492579813,-0.024214450485637085,-0.12910813645007124,-1.5463361733581589,1750.157717150294
2025-08-15 19:30:00,12.744999885559082,12.84000015258789,12.449999809265137,12.489999771118164,2441106,1h,1H,yfinance,730d,2026-04-02T03:04:46Z,-0.020077074188676547,-0.020077074188676547,13.063589843522243,13.293584966659546,13.025694007873534,14.054047012329102,14.983140530586242,13.063589843522243,13.025694007873534,14.054047012329102,14.983140530586242,0.017337580555065412,0.42678509591171926,1148444.65,2.12557566444321,37.46961831216291,0.3900003433227539,0.33552988866574207,0.026863882691304793,28.856072367158408,20.44116539148104,25.865820044104872,13.293584966659546,0.42678509591171926,14.147155158482985,12.440014774836108,0.12841836027891673,-0.09660703180258245,0.016925937326500027,-0.11353296912908248,14.0649995803833,12.539999961853027,12.539999961853027,-0.08060362634921048,-0.1474402664611676,-0.029526038680645295,-0.07344212201315281,0.027213992375679164,0.9871349385440682,0.16778490138071275,0.765374948652434,-0.04390753837763062,-0.04112596506808497,-0.13064327326549607,-1.8828801737434717,1750.157717150294
2025-08-18 13:30:00,12.25,12.289999961853027,11.920000076293944,12.25,1295133,1h,1H,yfinance,730d,2026-04-02T03:04:46Z,-0.01921535432475663,-0.01921535432475663,12.986105096520124,13.243084955215455,12.983894004821778,14.024897012710571,14.965210528373719,12.986105096520124,12.983894004821778,14.024897012710571,14.965210528373719,0.01745442334354392,0.48372755693451125,1139816.9,1.1362640789060068,34.08498188025963,0.5699996948242205,0.35227773196277623,0.028757365874512344,28.942430128693143,18.078691334825006,33.6227808359796,13.243084955215455,0.48372755693451125,14.210540069084477,12.275629841346433,0.14610721250232775,-0.14879371173993938,-0.016217992486787857,-0.13257571925315154,14.0649995803833,12.449999809265137,12.449999809265137,-0.10583940360966426,-0.15224912375808664,-0.045950167100969774,-0.07616894505642147,0.027213992375679164,1.0567124983915435,0.16778490138071275,0.8708007174662445,-0.05668405507648144,-0.05652341312623432,-0.13239483131863783,-2.0529840423168246,1750.157717150294
2025-08-18 14:30:00,12.25,12.389900207519531,12.149999618530272,12.324999809265137,867948,1h,1H,yfinance,730d,2026-04-02T03:04:46Z,0.006122433409398997,0.006122433409398997,12.923142688210126,13.203334951400757,12.953994007110596,13.996447010040283,14.948385529518127,12.923142688210126,12.953994007110596,13.996447010040283,14.948385529518127,0.01750990476735837,0.5232578777014983,1130957.85,0.7674450466920584,36.02965001199395,0.2399005889892596,0.34425079317895363,0.027931099270295176,28.64650517872717,19.251618576757572,31.94914117604231,13.203334951400757,0.5232578777014983,14.249850706803754,12.15681919599776,0.158522942764846,-0.18200216608862974,-0.04937482720715624,-0.1326273388814735,14.0649995803833,11.920000076293944,11.920000076293944,-0.10428781945836563,-0.15408372907218293,-0.047894932419888514,-0.06059451853875286,0.027213992375679164,1.0263506686088764,0.16778490138071275,0.9447986169217283,-0.046284630091616874,-0.04855600500511248,-0.133418523255857,-1.6785894289711625,1750.157717150294
2025-08-18 15:30:00,12.324999809265137,12.399999618530272,12.265000343322754,12.3149995803833,410244,1h,1H,yfinance,730d,2026-04-02T03:04:46Z,-0.000811377609459929,-0.000811377609459929,12.865224296988524,13.148709917068482,12.923393993377685,13.964897003173828,14.93078552722931,12.865224296988524,12.923393993377685,13.964897003173828,14.93078552722931,0.01657088890067959,0.5551465797117309,1101580.85,0.3724138813778398,35.877658380672216,0.13499927520751775,0.32930425618099396,0.026740094795094135,28.33259977439872,18.906949600199038,31.013594961927488,13.148709917068482,0.5551465797117309,14.259003076491943,12.03841675764502,0.16888244800080016,-0.20674382617474407,-0.08084862700067381,-0.12589519917407027,14.0649995803833,11.920000076293944,11.920000076293944,-0.1121060856550119,-0.17182248317681936,-0.030314979107398332,-0.08148429348400921,0.026909616827608687,0.9937003178603188,0.16946563224802266,0.9965586872129389,-0.042768373399756365,-0.04707698405744987,-0.13444647839798785,-1.5017841542284185,1750.157717150294
2025-08-18 16:30:00,12.3149995803833,12.41510009765625,12.300000190734863,12.385000228881836,386619,1h,1H,yfinance,730d,2026-04-02T03:04:46Z,0.00568417790367115,0.00568417790367115,12.819488671454554,13.100959920883179,12.892071990966796,13.935745000839233,14.913760528564453,12.819488671454554,12.892071990966796,13.935745000839233,14.913760528564453,0.01670478895757928,0.5772700317106275,1076266.15,0.3592224841411207,37.853945328009715,0.11509990692138672,0.31400394551959343,0.025353568002956982,27.978844938052962,18.7554182406965,30.201580166674656,13.100959920883179,0.5772700317106275,14.255499984304434,11.946419857461924,0.1762527433704909,-0.21818816537993868,-0.1083165346765268,-0.10987163070341188,14.0649995803833,11.920000076293944,11.920000076293944,-0.11154945468504152,-0.1603389675334349,-0.028314981356216906,-0.07158919885925108,0.026844291376106846,0.9444677696176139,0.1721653689905529,1.0237409788269456,-0.03389280600092914,-0.039332061009297425,-0.13555860265594977,-1.2402509270743465,1750.157717150294
2025-08-18 17:30:00,12.382399559020996,12.399999618530272,12.279999732971191,12.30500030517578,381236,1h,1H,yfinance,730d,2026-04-02T03:04:46Z,-0.0064594204463150895,-0.0064594204463150895,12.770489779428004,13.038209915161133,12.864571990966796,13.90724500656128,14.894685525894165,12.770489779428004,12.864571990966796,13.90724500656128,14.894685525894165,0.016063636020778947,0.5919837859359391,1047041.95,0.36410766540920353,36.47052290164665,0.11999988555908025,0.3001465126652711,0.024392239351592883,27.704587831470207,18.219811236515504,29.815068837135023,13.038209915161133,0.5919837859359391,14.222177487033012,11.854242343289254,0.1816150498536051,-0.23104981348158837,-0.1328631904375391,-0.09818662304404926,14.0649995803833,11.920000076293944,11.920000076293944,-0.10247992188635258,-0.17802270636712347,-0.014811806992196863,-0.09255162799444772,0.026782397428001516,0.9107563808343133,0.17526733242817577,1.0362173448838825,-0.03645040106465469,-0.043497108662762796,-0.13629784471770479,-1.2385636691486965,1750.157717150294
2025-08-18 18:30:00,12.30500030517578,12.34000015258789,12.229999542236328,12.31999969482422,734336,1h,1H,yfinance,730d,2026-04-02T03:04:46Z,0.0012189670277482634,0.0012189670277482634,12.727585961846692,12.97170991897583,12.835885982513428,13.877845001220702,14.874366025924683,12.727585961846692,12.835885982513428,13.877845001220702,14.874366025924683,0.015914959001966725,0.5942217745007292,1013046.2,0.7248790825137097,36.93588888813282,0.1100006103515625,0.28656466250000623,0.023260119285586953,27.590717567012334,17.720250499377478,30.243878389157054,12.97170991897583,0.5942217745007292,14.160153467977288,11.78326636997437,0.1832362204250234,-0.23729702448976653,-0.1537499572479846,-0.08354706724178193,14.0649995803833,11.920000076293944,11.920000076293944,-0.04410170227209098,-0.17481584440736753,0.005714260801977122,-0.09743589456958945,0.026560362197352007,0.8757455607252946,0.17526733242817577,1.0454670467476492,-0.032023847117928494,-0.040190937220228484,-0.13704651612434215,-1.0967457809824992,1750.157717150294
2025-08-18 19:30:00,12.31999969482422,12.380000114440918,12.239999771118164,12.350000381469728,1167318,1h,1H,yfinance,730d,2026-04-02T03:04:46Z,0.0024351207295980615,0.0024351207295980615,12.691625430382219,12.914709949493409,12.807571983337402,13.845945005416871,14.853866024017334,12.691625430382219,12.807571983337402,13.845945005416871,14.853866024017334,0.01591430844695542,0.5964439954257343,1019847.95,1.144600035721011,37.915480310068205,0.1400003433227539,0.27609578255877393,0.022355933119891674,27.287745429326613,18.1132701706011,29.14846315767141,12.914709949493409,0.5964439954257343,14.107597940344878,11.72182195864194,0.1847332221190552,-0.23709410626531024,-0.17041878705144972,-0.06667531921386052,14.0649995803833,11.920000076293944,12.149999618530272,-0.04040400223101981,-0.16722856068744807,0.002028444023649989,-0.08450699844259102,0.02632110875624017,0.8493537763522808,0.17526733242817577,1.0540082944136697,-0.026917359859571777,-0.0357266468978642,-0.13776171384414415,-0.9467939527509159,1750.157717150294
2025-08-19 13:30:00,12.300000190734863,12.509900093078612,12.210000038146973,12.5,584843,1h,1H,yfinance,730d,2026-04-02T03:04:46Z,0.012145717724457272,0.012145717724457272,12.673375389393437,12.86045994758606,12.784771976470948,13.813945007324218,14.83466552734375,12.673375389393437,12.784771976470948,13.813945007324218,14.83466552734375,0.016133130805905838,0.5821830931378424,1012643.0,0.5775411472750022,42.70735253511007,0.29990005493163885,0.2777960877282643,0.022223687018261145,26.37971468017865,20.05658334127454,26.900764707435332,12.86045994758606,0.5821830931378424,14.024826133861744,11.696093761310376,0.1810769118711401,-0.22226741607831713,-0.1807885128568232,-0.04147890322149392,14.0649995803833,11.920000076293944,12.229999542236328,-0.02647976234792826,-0.15139169121099416,0.015022365076762911,-0.07986750350388439,0.026128693268598957,0.8505472045542061,0.17526733242817577,1.0331469610593011,-0.013680285170005857,-0.02227431017111925,-0.13818266054562334,-0.6191522080163095,1750.157717150294
2025-08-19 14:30:00,12.5,12.545000076293944,12.395000457763672,12.399999618530272,421680,1h,1H,yfinance,730d,2026-04-02T03:04:46Z,-0.00800003051757825,-0.00800003051757825,12.647339601692183,12.795459938049316,12.766971969604493,13.781145000457764,14.814015522003174,12.647339601692183,12.766971969604493,13.781145000457764,14.814015522003174,0.015893361939006447,0.5568410719945766,1005866.4,0.41922068378066907,40.465030615748226,0.14999961853027166,0.26866776849983626,0.021666756190729667,25.37058476353139,20.18991808459546,25.82798345187233,12.795459938049316,0.5568410719945766,13.90914208203847,11.681777794060162,0.1740745779176635,-0.21609533976896245,-0.18784987823925106,-0.028245461529711385,14.0649995803833,11.920000076293944,12.210000038146973,-0.04210120425973096,-0.14186852718298537,0.0012110932072053604,-0.09489052619224791,0.025674683313642217,0.8438957523272375,0.1741782497017621,0.9994047948910033,-0.019556680768563983,-0.02874388319704202,-0.1381828950670545,-0.7101852564548179,1750.157717150294
2025-08-19 15:30:00,12.404999732971191,12.409600257873535,12.289999961853027,12.34000015258789,352411,1h,1H,yfinance,730d,2026-04-02T03:04:46Z,-0.004838666757111754,-0.004838666757111754,12.618069177967964,12.72445993423462,12.7480899810791,13.746044998168946,14.793465518951416,12.618069177967964,12.7480899810791,13.746044998168946,14.793465518951416,0.01575226655220834,0.518542439049153,995372.45,0.354049381214037,39.13728043884893,0.11960029602050781,0.25802009189416997,0.02090924543789889,24.817889727838054,19.52144296097772,27.879599739968956,12.72445993423462,0.518542439049153,13.761544812332925,11.687375056136315,0.16300650612417308,-0.21358332467562313,-0.1929965675265255,-0.020586757149097634,14.0649995803833,11.920000076293944,12.210000038146973,-0.02834643008534632,-0.13796713137888383,0.0028443597353986494,-0.1031976782466476,0.025674683313642217,0.814391561620111,0.17147851295923183,0.950594353258283,-0.022037367322854884,-0.03201184091867115,-0.1382620951968322,-0.7414239466141093,1750.157717150294
2025-08-19 16:30:00,12.34000015258789,12.350000381469728,12.140000343322754,12.224499702453612,382892,1h,1H,yfinance,730d,2026-04-02T03:04:46Z,-0.009359841872453867,-0.009359841872453867,12.580586370776121,12.642189931869506,12.733979969024658,13.712789993286133,14.772488017082214,12.580586370776121,12.733979969024658,13.712789993286133,14.772488017082214,0.015471660124758091,0.4571808186319129,991956.95,0.3859965898721714,36.6445954325492,0.21000003814697443,0.2545900880550846,0.020826217371004978,24.81187176931531,18.37127368359791,30.44541752010993,12.642189931869506,0.4571808186319129,13.556551569133331,11.72782829460568,0.14465241262652204,-0.21839493480208816,-0.19807624098163804,-0.020318693820450123,14.0649995803833,11.920000076293944,12.210000038146973,-0.04090730708351542,-0.14752443707279195,-0.007751622949368264,-0.11863099784345665,0.025674683313642217,0.8111577119215717,0.16720171713349025,0.8651371236279509,-0.02830445718727992,-0.0400095074603819,-0.1379935489336882,-0.9136215090252658,1750.157717150294
2025-08-19 17:30:00,12.222800254821776,12.260000228881836,12.18000030517578,12.210000038146973,197801,1h,1H,yfinance,730d,2026-04-02T03:04:46Z,-0.0011861151506862289,-0.0011861151506862289,12.54529243433525,12.55568995475769,12.720579967498779,13.678669996261597,14.753788018226624,12.54529243433525,12.720579967498779,13.678669996261597,14.753788018226624,0.015304156557593191,0.3558875748148831,964237.2,0.2051372836476336,36.33175556378728,0.07999992370605646,0.24211936203015402,0.019829595517912774,24.806283664972764,17.9376916446908,29.726872555231793,12.55568995475769,0.3558875748148831,13.267465104387457,11.843914805127925,0.11337889868171759,-0.220832552027602,-0.20262750319083084,-0.018205048836771154,14.0649995803833,12.140000343322754,12.140000343322754,-0.02241791337888266,-0.11649780696306489,-0.011336059837926515,-0.12410327075409844,0.025674683313642217,0.7723404131484005,0.1642637461951767,0.6902247227882031,-0.026726550851107644,-0.040138101458922715,-0.13780922216152547,-0.9713458436713636,1750.157717150294
2025-08-19 18:30:00,12.210000038146973,12.279999732971191,12.160099983215332,12.225000381469728,386898,1h,1H,yfinance,730d,2026-04-02T03:04:46Z,0.0012285293428249133,0.0012285293428249133,12.514788429300438,12.481439971923828,12.712579975128174,13.645069999694824,14.732867016792298,12.514788429300438,12.712579975128174,13.645069999694824,14.732867016792298,0.015211466803237922,0.2449267180610324,903825.9,0.42806695404502126,36.93161816562972,0.11989974975585938,0.23338938972484727,0.019091156027987662,24.683887289711695,17.89154732319615,28.63603933912071,12.481439971923828,0.2449267180610324,12.971293408045893,11.991586535801764,0.07849309650552462,-0.21902914722950761,-0.20590783199856622,-0.0131213152309414,14.005000114440918,12.140000343322754,12.140000343322754,-0.002040785186144589,-0.11700974028993205,-0.021999969482421777,-0.1083150731251169,0.025674683313642217,0.7435790266532166,0.16161214948980857,0.4856880918502633,-0.023155648972238208,-0.03835410236257175,-0.13712789502283784,-1.0470053756658713,1750.157717150294
2025-08-19 19:30:00,12.220000267028809,12.329999923706056,12.220000267028809,12.279999732971191,1191049,1h,1H,yfinance,730d,2026-04-02T03:04:46Z,0.004498924317812625,0.004498924317812625,12.492427601078605,12.451019954681396,12.710379962921143,13.614019994735719,14.711567010879516,12.492427601078605,12.710379962921143,13.614019994735719,14.711567010879516,0.00886105878745374,0.22980818496093353,810658.05,1.469237244976473,39.193751376709386,0.10999965667724787,0.22457583736430445,0.018287935036458466,24.269470162148224,18.85589067187586,27.63416508431335,12.451019954681396,0.22980818496093353,12.910636324603264,11.991403584759528,0.0738279067248718,-0.21073275192912355,-0.2068728159846777,-0.0038599359444458636,13.75,12.140000343322754,12.140000343322754,-0.0036511218653421107,-0.11978271065362966,-0.009677410423445165,-0.04720526529089164,0.024872903677274932,0.7352553314138065,0.15937036781014502,0.46324738870416377,-0.017004530655760797,-0.03386053219537588,-0.13602813666813685,-0.7441868171026073,1750.157717150294
2025-08-20 13:30:00,12.239999771118164,12.390000343322754,12.029999732971191,12.09000015258789,763622,1h,1H,yfinance,730d,2026-04-02T03:04:46Z,-0.015472278869287037,-0.015472278869287037,12.454101177412822,12.412019968032837,12.705179958343505,13.583870000839234,14.688917007446289,12.454101177412822,12.705179958343505,13.583870000839234,14.688917007446289,0.009303590493401445,0.22142799883419909,802464.9,0.9515955152680198,34.5794652903912,0.3600006103515625,0.2342490354348229,0.019375436929558797,24.5961582451624,16.786014135199768,30.3942731438074,12.412019968032837,0.22142799883419909,12.854875965701234,11.96916397036444,0.07135921450480635,-0.21698787596162994,-0.20889582798006814,-0.008092047981561795,13.0600004196167,12.140000343322754,12.140000343322754,-0.018270356107345287,-0.11622807873668817,-0.020259319036359247,-0.0606060403968145,0.023826179318589918,0.8131994924776498,0.15401532620646835,0.46332541223296386,-0.029235431737561046,-0.04841960584364846,-0.1350499187991302,-1.45428679814818,1750.157717150294
2025-08-20 14:30:00,12.09000015258789,12.1899995803833,11.989999771118164,12.15999984741211,516971,1h,1H,yfinance,730d,2026-04-02T03:04:46Z,0.005789883700641152,0.005789883700641152,12.426091526936563,12.378019952774048,12.705379962921143,13.551870002746583,14.666167011260987,12.426091526936563,12.705379962921143,13.551870002746583,14.666167011260987,0.009502402662309508,0.20467465102306806,757508.55,0.6824622639572847,37.498930608048916,0.19999980926513672,0.23180266213698816,0.019062719164944758,25.037182015347984,15.751513620712934,29.753687425936658,12.378019952774048,0.20467465102306806,12.787369254820184,11.968670650727912,0.06614132205440446,-0.21383179661694207,-0.20988302170744294,-0.003948774909499131,13.0600004196167,12.029999732971191,12.029999732971191,-0.018167168131739353,-0.11591286044812565,-0.005276277689184816,-0.05295952469585663,0.022808026202739314,0.8357899537424798,0.14780746107520926,0.4474829726000746,-0.021413948138691574,-0.042925132274725164,-0.13369458065180295,-1.0652032592808314,1750.157717150294
2025-08-20 15:30:00,12.15999984741211,12.199999809265137,12.119999885559082,12.170000076293944,321073,1h,1H,yfinance,730d,2026-04-02T03:04:46Z,0.0008223872538914989,0.0008223872538914989,12.4017018649706,12.339269971847534,12.705367965698242,13.518770008087158,14.643267011642456,12.4017018649706,12.705367965698242,13.518770008087158,14.643267011642456,0.009213341592322326,0.16272818995301447,741148.5,0.43321007868193756,37.92512093628355,0.07999992370605469,0.2209596093919215,0.01815608940071667,25.379078169898523,15.667433289585544,28.98422141661251,12.339269971847534,0.16272818995301447,12.664726351753563,12.013813591941505,0.05275131845701879,-0.2081245162324734,-0.20953132061244906,0.0014068043799756458,13.0600004196167,11.989999771118164,11.989999771118164,-0.01097116826767175,-0.11591856749263219,-0.003276000141528179,-0.05986864710704809,0.02228981006907641,0.814546617689909,0.1453798125644249,0.3628517434884029,-0.01868306392134067,-0.04213714162782822,-0.13234062073739716,-1.0402001988866505,1750.157717150294
2025-08-20 16:30:00,12.170000076293944,12.404999732971191,12.125,12.364999771118164,347713,1h,1H,yfinance,730d,2026-04-02T03:04:46Z,0.01602298221871523,0.01602298221871523,12.398206427460844,12.322519969940185,12.708567962646484,13.49032000541687,14.620692014694214,12.398206427460844,12.708567962646484,13.49032000541687,14.620692014694214,0.009347773807376928,0.14045177674150866,713590.75,0.487272291576089,45.70048553384117,0.2799997329711914,0.22517676107615506,0.01821081805453138,24.41866932788187,20.778692537073244,26.40987105855736,12.322519969940185,0.14045177674150866,12.603423523423203,12.041616416457167,0.04559190070996193,-0.18572567969191311,-0.20477019242834188,0.019044512736428765,13.050000190734863,11.989999771118164,11.989999771118164,0.0036526036857653654,-0.09347511291147048,0.011451892456432411,-0.02637795615576133,0.021945221604495406,0.8298306748837275,0.1453798125644249,0.3136054442893021,-0.0026783435601724914,-0.027034374961691143,-0.13078204849168495,0.30245114845474846,1750.157717150294
2025-08-20 17:30:00,12.364999771118164,12.579999923706056,12.359999656677246,12.505000114440918,671650,1h,1H,yfinance,730d,2026-04-02T03:04:46Z,0.011322308606083631,0.011322308606083631,12.40837725479228,12.310474967956543,12.714067974090575,13.459970006942749,14.595467019081116,12.40837725479228,12.714067974090575,13.459970006942749,14.595467019081116,0.009694571409535526,0.11083334631945313,691127.15,0.9718182826416238,50.49489094309224,0.22000026702881037,0.22480701150134472,0.017977369807596802,22.721102494584418,24.886565546040288,24.563786452706662,12.310474967956543,0.11083334631945313,12.53214166059545,12.088808275317636,0.03601269540223146,-0.15489208316638958,-0.19479457057595143,0.03990248740956184,12.84000015258789,11.989999771118164,11.989999771118164,0.01255058527801789,-0.05906695633298231,0.018322507032765722,-0.018900198241008526,0.021288000814314277,0.8444837053702398,0.1453798125644249,0.2477145538089924,0.007786905383725395,-0.016443821133858005,-0.12890296984200156,1.7551138979752423,1750.157717150294
2025-08-20 18:30:00,12.505000114440918,12.670000076293944,12.479999542236328,12.585000038146973,667647,1h,1H,yfinance,730d,2026-04-02T03:04:46Z,0.0063974348639685985,0.0063974348639685985,12.425198472254632,12.315224981307983,12.725667972564697,13.432120008468628,14.57044451713562,12.425198472254632,12.725667972564697,13.432120008468628,14.57044451713562,0.00874780685574658,0.120075855150697,602454.2,1.1082120433387301,53.04615341367097,0.1900005340576154,0.22232083454107834,0.017665541030368808,21.560807526494,26.25895620549894,23.06430211058926,12.315224981307983,0.120075855150697,12.555376691609377,12.07507327100659,0.03900078328506306,-0.12258779473062376,-0.1803532154068859,0.05776542067626214,12.84000015258789,11.989999771118164,11.989999771118164,0.006800003051757875,-0.05262679164368167,0.04094291805721162,0.007606106386685907,0.020867731404451934,0.8465482274033885,0.1453798125644249,0.26826821824233615,0.01286108759141169,-0.011053874320860024,-0.1266108623111235,2.246705272266584,1750.157717150294
2025-08-20 19:30:00,12.585000038146973,12.65999984741211,12.550000190734863,12.56999969482422,855198,1h,1H,yfinance,730d,2026-04-02T03:04:46Z,-0.0011919223899311548,-0.0011919223899311548,12.438989064880307,12.331224966049195,12.734467964172364,13.404120006561278,14.54544451713562,12.438989064880307,12.734467964172364,13.404120006561278,14.54544451713562,0.007521267065322569,0.13112972318084604,580457.45,1.4733172948335835,52.49981815689363,0.1099996566772461,0.21429789326509033,0.017048361055516086,20.48339077041004,25.29618553569565,22.218661734872143,12.331224966049195,0.13112972318084604,12.593484412410888,12.068965519687502,0.042535830314304635,-0.0970777637171718,-0.1636981250689431,0.0666203613517713,12.670000076293944,11.989999771118164,11.989999771118164,0.013709683993853083,-0.02784227392534966,0.03371709313790561,0.026122424067283267,0.020327906444458876,0.8386678235703534,0.12901565565411982,0.3296951063701884,0.01053225702350713,-0.012915205394592455,-0.12450472385562295,1.8209046963801037,1750.157717150294
2025-08-21 13:30:00,12.550000190734863,12.789999961853027,12.380000114440918,12.739999771118164,659049,1h,1H,yfinance,730d,2026-04-02T03:04:46Z,0.01352427051879257,0.01352427051879257,12.467656751188674,12.351974964141846,12.748067951202392,13.378470001220704,14.52124451637268,12.467656751188674,12.748067951202392,13.378470001220704,14.52124451637268,0.00792008032045372,0.15848453020642173,570012.5,1.1562009605052521,57.80390029899935,0.4099998474121094,0.22827660427559168,0.017918101128470924,19.423240977025674,22.050927053070367,24.687583698280395,12.351974964141846,0.15848453020642173,12.668944024554689,12.035005903729003,0.051322814583580956,-0.062423713233418,-0.1434432427018381,0.08101952946842009,12.670000076293944,11.989999771118164,12.119999885559082,0.032414879544907294,-0.01086959177630653,0.04683645778561063,0.0336713970203113,0.019602516223735787,0.9140714857195077,0.0959359975936211,0.5349693115297679,0.021843961970121173,-0.00063289434250835,-0.12210913211818963,2.4483449991675954,1750.157717150294
2025-08-21 14:30:00,12.739999771118164,12.770000457763672,12.600000381469728,12.720000267028809,409626,1h,1H,yfinance,730d,2026-04-02T03:04:46Z,-0.0015698198154363574,-0.0015698198154363574,12.491689466982972,12.37222499847412,12.751667957305909,13.352170000076294,14.495629019737244,12.491689466982972,12.751667957305909,13.352170000076294,14.495629019737244,0.007933763367906651,0.17723164122791352,569981.6,0.7186653042835067,56.99754597239246,0.17000007629394354,0.2241139951340454,0.017619024404815904,18.438816168883047,20.856171780956018,23.34997005925755,12.37222499847412,0.17723164122791352,12.726688280929947,12.017761716018294,0.05729984420741508,-0.0361571245682768,-0.12198601907512584,0.08582889450684904,12.789999961853027,11.989999771118164,12.125,0.040533402317948664,0.007524773626044201,0.028710109379851856,0.032886780385330994,0.01923329647877323,0.916068882121226,0.07616050161519822,0.7523564445113975,0.018277015342823555,-0.002483415533021005,-0.12030944362999074,1.962263996119416,1750.157717150294
2025-08-21 15:30:00,12.699999809265137,12.8100004196167,12.639200210571287,12.639200210571287,248326,1h,1H,yfinance,730d,2026-04-02T03:04:46Z,-0.006352205562995206,-0.006352205562995206,12.505738109229478,12.384934997558593,12.75805196762085,13.331112003326416,14.468275017738343,12.505738109229478,12.75805196762085,13.331112003326416,14.468275017738343,0.008060471995069079,0.18656135302824833,563066.95,0.4410239315235959,53.73608688206259,0.17080020904541193,0.22030586755628587,0.01743036457101332,17.297413675758587,20.998103570765274,22.05690425696975,12.384934997558593,0.18656135302824833,12.75805770361509,12.011812291502096,0.06025428573182658,-0.02161142998031096,-0.10191110125616287,0.08029967127585191,12.789999961853027,11.989999771118164,12.359999656677246,0.03515152916325892,0.02011298307855447,0.010731714906215384,0.020524826563721454,0.019076937596466212,0.9136877700036141,0.07259356061483907,0.8300224595886515,0.010672069107485305,-0.009315823242545207,-0.11820504158379153,1.3629039931662272,1750.157717150294
2025-08-21 16:30:00,12.649999618530272,12.776800155639648,12.63010025024414,12.710000038146973,390815,1h,1H,yfinance,730d,2026-04-02T03:04:46Z,0.005601606620367461,0.005601606620367461,12.525191626269239,12.405184984207153,12.765051975250245,13.31113600730896,14.442275018692017,12.525191626269239,12.765051975250245,13.31113600730896,14.442275018692017,0.007926238576849582,0.19839093417488574,563545.9,0.6934927572004339,56.10617464689534,0.1466999053955078,0.21504829883051602,0.01691961433399559,16.288580032478894,19.97493813568182,21.28440346537066,12.405184984207153,0.19839093417488574,12.801966852556925,12.008403115857382,0.06397032673916725,-0.004321096921247047,-0.08239310038917971,0.07807200346793267,12.8100004196167,11.989999771118164,12.380000114440918,0.039672772314379046,0.029149768871051807,0.009932459246810188,0.03291342730002533,0.018675327100701612,0.9059875761619157,0.0687502682796054,0.930473848901967,0.014754936881774539,-0.004312707634094304,-0.1161328835845471,1.536436406268033,1750.157717150294
2025-08-21 17:30:00,12.710000038146973,12.8100004196167,12.704999923706056,12.704999923706056,526184,1h,1H,yfinance,730d,2026-04-02T03:04:46Z,-0.00039340003350973873,-0.00039340003350973873,12.542316226025125,12.424434995651245,12.768751964569091,13.288836002349854,14.416900014877319,12.542316226025125,12.768751964569091,13.288836002349854,14.416900014877319,0.007938421990004087,0.20765361312329844,553138.3,0.9512702338637552,55.8884155584363,0.10500049591064275,0.2071877414790965,0.016307575184830045,15.145620899116679,20.396449555692104,20.5139245809018,12.424434995651245,0.20765361312329844,12.839742221897842,12.009127769404648,0.06685329777844404,0.008875834060466659,-0.06413931349925044,0.0730151475597171,12.8100004196167,11.989999771118164,12.380000114440918,0.03460913680590405,0.04567903889719793,0.010739875271231991,0.031250019352157876,0.018249376545494925,0.8935962904911271,0.06649730991642425,1.0053534174911316,0.012970785838054777,-0.004992816920552201,-0.1143205577209695,1.3511198954588897,1750.157717150294
2025-08-21 18:30:00,12.704999923706056,12.949999809265137,12.699999809265137,12.94499969482422,689726,1h,1H,yfinance,730d,2026-04-02T03:04:46Z,0.01889018280671939,0.01889018280671939,12.58066703257742,12.454184961318969,12.780251960754395,13.269885997772217,14.39390001296997,12.58066703257742,12.780251960754395,13.269885997772217,14.39390001296997,0.008792132195056953,0.23559990937554592,529258.7,1.3031925597066238,63.259427523128025,0.25,0.21024575994487532,0.016241465036800084,14.850809037126677,23.420402699946592,18.771582276838856,12.454184961318969,0.23559990937554592,12.925384780070061,11.982985142567877,0.07566931440549113,0.0382594416816584,-0.04365956246306867,0.08191900414472708,12.8100004196167,12.119999885559082,12.380000114440918,0.0707195642221159,0.06362872507238215,0.016091046105887408,0.04817808056485928,0.018183453727624026,0.8932002291801309,0.06649730991642425,1.1379304591508217,0.028959725370949485,0.012890804858600058,-0.11210638192300615,2.0832551880268064,1750.157717150294
2025-08-21 19:30:00,12.949999809265137,13.039999961853027,12.760000228881836,12.760000228881836,1402390,1h,1H,yfinance,730d,2026-04-02T03:04:46Z,-0.014291191216972532,-0.014291191216972532,12.597746384606411,12.46718497276306,12.791907958984375,13.249636001586914,14.37037501335144,12.597746384606411,12.791907958984375,13.249636001586914,14.37037501335144,0.009204308040955777,0.24476420286773848,570136.05,2.4597462307461524,55.553417493745464,0.2799997329711914,0.21522818658961218,0.01686741243957428,15.037183371638024,24.230940707280556,17.027241568281408,12.46718497276306,0.24476420286773848,12.956713378498538,11.977656567027584,0.07853070389265021,0.04608698949565948,-0.025710252071323044,0.07179724156698253,12.949999809265137,12.125,12.600000381469728,0.0493421372531857,0.045473192023359976,0.003144651023059275,0.020800018310546786,0.018066729604156735,0.9336173623638825,0.06649730991642425,1.1809606131638992,0.012879592851122057,-0.002494368330732799,-0.10984174406725777,1.1963156895005667,1750.157717150294
2025-08-22 13:30:00,12.850000381469728,13.109999656677246,12.720000267028809,12.884400367736816,1078611,1h,1H,yfinance,730d,2026-04-02T03:04:46Z,0.009749227008115868,0.009749227008115868,12.625046763952165,12.491405010223389,12.806595973968506,13.230030002593994,14.349097018241883,12.625046763952165,12.806595973968506,13.230030002593994,14.349097018241883,0.009142267392778238,0.2603855708173678,602982.6,1.788792910442192,59.15640950794372,0.3899993896484375,0.22771184395095687,0.017673452970396568,15.547309445161662,23.462399654469998,14.944216152159298,12.491405010223389,0.2603855708173678,13.012176151858124,11.970633868588653,0.08338071517311609,0.06161813359482338,-0.00824457493809376,0.06986270853291714,13.039999961853027,12.359999656677246,12.63010025024414,0.05870174913428805,0.05350783728490871,0.019399974134474585,0.03906457775068528,0.01794773546803386,0.9847177100350175,0.06649730991642425,1.2538960640349421,0.020542783613695104,0.006075337578109075,-0.10749812634986089,1.5092823933361166,1750.157717150294
2025-08-22 14:30:00,12.893600463867188,12.989999771118164,12.854999542236328,12.960000038146973,358903,1h,1H,yfinance,730d,2026-04-02T03:04:46Z,0.005867535023163395,0.005867535023163395,12.656947075780241,12.522405004501342,12.796195983886719,13.210430002212524,14.328147020339966,12.656947075780241,12.796195983886719,13.210430002212524,14.328147020339966,0.009041418949958593,0.2768980666393464,603307.2,0.5948926185532014,61.214111107693356,0.13500022888183594,0.22108958573173396,0.017059381564889675,16.020997942005042,22.439081659062516,14.29242070322915,12.522405004501342,0.2768980666393464,13.076201137780036,11.96860887122265,0.08844884558191879,0.07911495087224729,0.009227330223974452,0.06988762064827284,13.109999656677246,12.380000114440918,12.63010025024414,0.04811971516720881,0.07955018030839311,0.019669551475190117,0.05024310193619064,0.017795777049433747,0.9586196499035424,0.06649730991642425,1.330111634486927,0.023943606665357775,0.012800996051210767,-0.10691899198678789,1.5803470170688771,1750.157717150294
2025-08-22 15:30:00,12.965399742126465,12.979999542236328,12.75,12.760000228881836,580567,1h,1H,yfinance,730d,2026-04-02T03:04:46Z,-0.015432084002812485,-0.015432084002812485,12.666761661789916,12.549180030822754,12.786195983886719,13.187530002593995,14.308547019958496,12.666761661789916,12.786195983886719,13.187530002593995,14.308547019958496,0.009523506914310781,0.27265515464980594,613190.95,0.9467964261377309,53.53067375855721,0.22999954223632812,0.22172601119634783,0.017376646333789117,15.671397202907928,20.776483210920752,16.615978234411806,12.549180030822754,0.27265515464980594,13.094490340122366,12.003869721523142,0.08690771954187361,0.0759672878761748,0.022575321754414523,0.05339196612176027,13.109999656677246,12.380000114440918,12.699999809265137,0.020391852227689355,0.051937354369097966,0.004329028375132493,0.04380551674607536,0.017669497000382686,0.9834262024217653,0.06649730991642425,1.306935869302108,0.0073608843034584925,-0.0020487528141985845,-0.10639452307409702,0.7732118555757959,1750.157717150294
2025-08-22 16:30:00,12.760000228881836,12.890000343322754,12.755000114440918,12.800000190734863,558927,1h,1H,yfinance,730d,2026-04-02T03:04:46Z,0.0031347931924397,0.0031347931924397,12.67945104549896,12.578680038452148,12.779795989990234,13.165080003738403,14.288647017478944,12.67945104549896,12.779795989990234,13.165080003738403,14.288647017478944,0.00949340113581661,0.26620286844118624,631247.25,0.8854327682219606,54.75388093386515,0.13500022888183594,0.21553131245959697,0.016838383534994547,15.346767945174893,19.84694310412082,15.872579169911708,12.578680038452148,0.26620286844118624,13.111085775334521,12.046274301569776,0.08465208356597759,0.0758263262136687,0.03322552264626536,0.04260080356740333,13.109999656677246,12.380000114440918,12.699999809265137,0.01708384202909774,0.06135984621646329,-0.011201197953471742,0.04832106066704256,0.017642282717592356,0.9544333805626987,0.06649730991642425,1.273015159145096,0.00950744198651221,0.0015809486129867434,-0.10559789360343008,0.8313965720155732,1750.157717150294
2025-08-22 17:30:00,12.80500030517578,12.96500015258789,12.779999732971191,12.9399995803833,520745,1h,1H,yfinance,730d,2026-04-02T03:04:46Z,0.01093745215330344,0.01093745215330344,12.70426519167842,12.614429998397828,12.770445976257324,13.144180002212524,14.270747013092041,12.70426519167842,12.770445976257324,13.144180002212524,14.270747013092041,0.00966734971226971,0.26430859447075383,637939.6,0.816292012598058,58.837854276344366,0.18500041961669922,0.21335053439939,0.016487677072480264,15.487875412959133,21.128632660204026,14.88947747528929,12.614429998397828,0.26430859447075383,13.143047187339336,12.08581280945632,0.08381150618912603,0.08601981096612477,0.04378438031023724,0.04223543065588752,13.109999656677246,12.600000381469728,12.720000267028809,0.0294351546970546,0.031897896311569474,0.014106531996295857,0.058486640212898955,0.017524694487914612,0.9408253641083731,0.06649730991642425,1.2603743864896606,0.018555531165965533,0.013277030766287057,-0.10513121951207838,1.231778265241003,1750.157717150294
2025-08-22 18:30:00,12.9350004196167,12.949999809265137,12.670000076293944,12.6899995803833,646913,1h,1H,yfinance,730d,2026-04-02T03:04:46Z,-0.01931993880270244,-0.01931993880270244,12.702906562031266,12.634929990768432,12.757445964813233,13.121429996490479,14.25217200756073,12.702906562031266,12.757445964813233,13.121429996490479,14.25217200756073,0.0107972506517632,0.25324324549396654,610732.8,1.0592406368218636,50.135351363849246,0.2799997329711932,0.21811119144023308,0.017187643707837305,14.787677838953755,19.191216026893905,17.1265133865395,12.634929990768432,0.25324324549396654,13.141416481756366,12.128443499780499,0.08017242538866337,0.07308285672983139,0.049644075594156074,0.023438781135675317,13.109999656677246,12.63010025024414,12.720000267028809,-0.003924661823637932,0.030032458987358623,-0.015088074089990577,0.03338761045012739,0.01740350545240122,0.9875966514243755,0.06649730991642425,1.2056491531676456,-0.001016065227665619,-0.005286825013091079,-0.10487707010233605,0.2174572889691565,1750.157717150294
2025-08-22 19:30:00,12.699999809265137,12.869999885559082,12.646900177001951,12.859999656677246,1042188,1h,1H,yfinance,730d,2026-04-02T03:04:46Z,0.01339638155360845,0.01339638155360845,12.717867809140408,12.6734299659729,12.743445949554443,13.100679988861083,14.233947010040284,12.717867809140408,12.743445949554443,13.100679988861083,14.233947010040284,0.010324129930146423,0.22435526424894803,624661.1,1.6684054761854068,55.00851980895203,0.22309970855713068,0.21846751409144005,0.01698814307339472,13.971871097265284,17.79134961123185,16.63251048042546,12.6734299659729,0.22435526424894803,13.122140494470797,12.224719437475004,0.07081122154028491,0.07567547295299626,0.05485035506592412,0.020825117887072142,13.109999656677246,12.63010025024414,12.670000076293944,0.01100624109351056,0.04045307555731892,-0.00771607879439673,0.06368895735080171,0.01728214502081321,0.9829881101527376,0.06649730991642425,1.0648734757734186,0.011175760722617945,0.009146168750916006,-0.10471452924719171,0.8315815157219807,1750.157717150294
2025-08-25 13:30:00,13.020000457763672,13.75,12.850000381469728,13.40999984741211,2713095,1h,1H,yfinance,730d,2026-04-02T03:04:46Z,0.042768289690372496,0.042768289690372496,12.783785146118666,12.7359299659729,12.73864595413208,13.084327983856202,14.217997007369995,12.783785146118666,12.73864595413208,13.084327983856202,14.217997007369995,0.013465457604446996,0.24571379647084876,734467.3,3.6939629579152125,66.43679113994956,0.8999996185302717,0.26714837869421376,0.019921579547651422,16.484094549163032,37.03902760648553,12.630119117898387,12.7359299659729,0.24571379647084876,13.227357558914598,12.244502373031203,0.07717184285005718,0.12071898551748106,0.06802408115623551,0.05269490436124555,13.109999656677246,12.646900177001951,12.646900177001951,0.060984842711498066,0.07108621063160969,0.05094040806198574,0.10279605392149938,0.01728214502081321,1.1527260952653442,0.06883225965936447,1.1211580621058128,0.04898507712197997,0.05270213927739009,-0.10404778200973619,2.743313119250021,1750.157717150294
2025-08-25 14:30:00,13.399999618530272,13.4399995803833,13.289999961853027,13.380000114440918,578251,1h,1H,yfinance,730d,2026-04-02T03:04:46Z,-0.002237116578116982,-0.002237116578116982,12.840567524054117,12.796429967880249,12.736445960998536,13.068827981948852,14.201847004890443,12.840567524054117,12.736445960998536,13.068827981948852,14.201847004890443,0.013529210893936005,0.2478759878469649,747326.2,0.7737598387424395,65.46008025611897,0.14999961853027344,0.25878061011107517,0.019340852608198074,18.816873468782372,35.50550577518815,12.107196010818967,12.796429967880249,0.2478759878469649,13.292181943574178,12.30067799218632,0.07748285684965174,0.15224063078805194,0.0848673910825988,0.06737323970545314,13.75,12.646900177001951,12.646900177001951,0.05271440395618021,0.08164917043054509,0.045312493364326745,0.09942481763035849,0.01728214502081321,1.1191233834055623,0.07324026797288802,1.0579269982782455,0.04201002715622071,0.05052855054016403,-0.10318383541149911,2.3542826863929927,1750.157717150294
2025-08-25 15:30:00,13.389399528503418,13.460000038146973,13.31999969482422,13.359999656677246,534489,1h,1H,yfinance,730d,2026-04-02T03:04:46Z,-0.0014948025106581442,-0.0014948025106581442,12.890037250970606,12.846179962158203,12.731945953369141,13.054327974319458,14.18564700126648,12.890037250970606,12.731945953369141,13.054327974319458,14.18564700126648,0.013342715915490485,0.2560105122706525,756665.0,0.7063746836446776,64.77635578986519,0.14000034332275213,0.2502963053404807,0.01873475387519072,21.027825060773498,34.6577285154759,11.623480292966432,12.846179962158203,0.2560105122706525,13.358200986699508,12.334158937616898,0.07971568607159439,0.1736066624372583,0.10261524535353071,0.0709914170837276,13.75,12.646900177001951,12.646900177001951,0.05155448539193119,0.097132288906014,0.032457503084517336,0.08046905814613736,0.01728214502081321,1.084052578694838,0.07642057862777416,1.0431180645709306,0.036459352021752434,0.049328963978354734,-0.10247689426978923,2.0070257660975903,1750.157717150294
2025-08-25 16:30:00,13.369999885559082,13.390000343322754,13.149999618530272,13.270000457763672,601629,1h,1H,yfinance,730d,2026-04-02T03:04:46Z,-0.006736467157661408,-0.006736467157661408,12.926224223046136,12.884429979324342,12.723345966339112,13.042077980041505,14.169197006225586,12.926224223046136,12.723345966339112,13.042077980041505,14.169197006225586,0.013425087417777273,0.25930546615954075,753163.95,0.7988021731523396,61.655595059346226,0.24000072479248225,0.24956090672990938,0.01880639774838159,21.995694354905947,32.27700995308807,15.690727878414343,12.884429979324342,0.25930546615954075,13.403040911643423,12.36581904700526,0.08050195983078752,0.18118858404467453,0.11832991309175948,0.06285867095291504,13.75,12.646900177001951,12.646900177001951,0.025106278146101113,0.0921811419257379,0.04570535039866819,0.061175556683068066,0.01728214502081321,1.0881981215718703,0.07732734984985445,1.041054167601724,0.02659525541144636,0.04296468027127376,-0.10204184748445544,1.4869354053728414,1750.157717150294
2025-08-25 17:30:00,13.270000457763672,13.449999809265137,13.270000457763672,13.43000030517578,483031,1h,1H,yfinance,730d,2026-04-02T03:04:46Z,0.01205726012756081,0.01205726012756081,12.974202897534674,12.926679992675782,12.71674596786499,13.029877986907959,14.153922004699707,12.974202897534674,12.71674596786499,13.029877986907959,14.153922004699707,0.013551462441410443,0.27541549646094526,743933.15,0.6492935554760532,64.89372532149196,0.17999935150146484,0.24459222421359192,0.018212376668325814,23.067908222742528,32.3325267670971,14.865937950203584,12.926679992675782,0.27541549646094526,13.477510985597672,12.375848999753892,0.08522389248190397,0.19782752943897464,0.13422943636120252,0.06359809307777212,13.75,12.646900177001951,12.646900177001951,0.05250784202788816,-0.0037091423411319546,0.04432353528116728,0.06714344572645903,0.01728214502081321,1.0538261683600216,0.07800678037115097,1.0925190358634784,0.03513105284700879,0.056087802580406354,-0.10153906714743188,1.8274945272419345,1750.157717150294
2025-08-25 18:30:00,13.425000190734863,13.5,13.3149995803833,13.374600410461426,914273,1h,1H,yfinance,730d,2026-04-02T03:04:46Z,-0.0041250851418821455,-0.0041250851418821455,13.01233599400389,12.966910028457642,12.706839981079101,13.019123992919923,14.138395009040833,13.01233599400389,12.706839981079101,13.019123992919923,14.138395009040833,0.013615493715738582,0.2791161643500956,746886.9,1.2241117095506695,62.912635149099366,0.18500041961669922,0.2403356667423853,0.017969558668414355,24.208609818363012,32.040818103662616,14.048567812351637,12.966910028457642,0.2791161643500956,13.525142357157833,12.408677699757451,0.0861010568400759,0.20418993061753632,0.14822153521246928,0.05596839540506704,13.75,12.646900177001951,12.850000381469728,0.038046011357431464,0.008642547481257035,-0.0026397790718479808,0.06400960502556763,0.01740350545240122,1.0325252413981365,0.07912319498212231,1.0881898393957705,0.02784007549639589,0.052551258249623256,-0.10125300835394124,1.46064769467245,1750.157717150294
2025-08-25 19:30:00,13.375,13.4399995803833,13.329999923706056,13.380000114440918,911780,1h,1H,yfinance,730d,2026-04-02T03:04:46Z,0.00040372824710854793,0.00040372824710854793,13.047351624521701,12.998910045623779,12.695639991760254,13.007223997116089,14.123545007705689,13.047351624521701,12.695639991760254,13.007223997116089,14.123545007705689,0.013416820742053422,0.2878186752374963,759523.45,1.2004632641691313,63.03109843640111,0.10999965667724432,0.23102595173773238,0.017266513435107378,25.267832728582032,30.951120182420905,13.570780538256011,12.998910045623779,0.2878186752374963,13.574547396098772,12.423272695148786,0.08856701807376348,0.2072785127060257,0.16003293071118058,0.04724558199484513,13.75,12.646900177001951,13.149999618530272,0.03240741319889673,0.019817090788850855,0.0,0.0502355066578295,0.017321579884448247,0.9968209337884756,0.07994405573012889,1.1078624578760872,0.02549547981017275,0.053905129881189895,-0.10110103484404098,1.3240630355298486,1750.157717150294
2025-08-26 13:30:00,13.119999885559082,13.249899864196776,12.960000038146973,12.989999771118164,924012,1h,1H,yfinance,730d,2026-04-02T03:04:46Z,-0.02914800747287216,-0.02914800747287216,13.041889543245174,13.012410020828247,12.681239986419678,12.98842399597168,14.108145008087158,13.041889543245174,12.681239986419678,12.98842399597168,14.108145008087158,0.015082411658560209,0.2806631021433704,785242.75,1.1767214660689322,50.48751739618792,0.4200000762939453,0.2445241034917476,0.01882402677445923,24.09893045550149,27.1538103839855,22.713980752033365,13.012410020828247,0.2806631021433704,13.573736225114988,12.451083816541505,0.08627551750801853,0.1762250551860074,0.16327135560614595,0.01295369957986145,13.75,12.646900177001951,13.149999618530272,0.018025042171686767,-0.031139324079474062,-0.027694602924196787,0.0212263756620521,0.017321579884448247,1.0867384441854473,0.08033719260972544,1.0739175057702253,-0.003978700475490982,0.024347759763961196,-0.10114051286328152,-0.07984750948357608,1750.157717150294
2025-08-26 14:30:00,12.989999771118164,13.100000381469728,12.883999824523926,13.03499984741211,702525,1h,1H,yfinance,730d,2026-04-02T03:04:46Z,0.0034642091675780584,0.0034642091675780584,13.041233381737264,13.032200002670288,12.684171981811524,12.9712739944458,14.093195009231568,13.041233381737264,12.684171981811524,12.9712739944458,14.093195009231568,0.014989273025283193,0.26728518554735653,807952.7,0.8695125345827794,51.682345562710154,0.21600055694580256,0.24248670730989438,0.018602739558760812,22.657640533005647,25.42610502667525,23.507481941466345,13.032200002670288,0.26728518554735653,13.566770373765001,12.497629631575576,0.08203839274799031,0.15347691016458676,0.16131246651783412,-0.00783555635324737,13.75,12.646900177001951,12.960000038146973,0.018359347904334244,-0.022863590831115,-0.01770916369592701,0.031315243864068254,0.017321579884448247,1.073963211373278,0.08127017628938892,1.0094526244887905,-0.00047798656328656985,0.027658712457041323,-0.09997896335764045,0.010475121305684442,1750.157717150294
2025-08-26 15:30:00,13.03499984741211,13.145000457763672,13.015000343322754,13.074999809265137,498144,1h,1H,yfinance,730d,2026-04-02T03:04:46Z,0.0030686584059276267,0.0030686584059276267,13.044449231978014,13.050449991226197,12.688271980285645,12.952323989868164,14.077745003700256,13.044449231978014,12.688271980285645,12.952323989868164,14.077745003700256,0.014966071913107474,0.2569226705568837,813319.15,0.6124828119441181,52.77330674357301,0.13000011444091797,0.23445195067639607,0.017931315800881312,21.513830398216818,25.79005747672291,22.576442756619695,13.050449991226197,0.2569226705568837,13.564295332339965,12.536604650112428,0.07874752846978088,0.13709614495186884,0.15646920220464108,-0.019373057252772247,13.75,12.646900177001951,12.883999824523926,0.010432784641391635,-0.035767005556277986,-0.02643339447831805,0.028717527145765365,0.017525049652092842,1.0231820255493516,0.08127017628938892,0.9689597348647881,0.0023420365815238764,0.03047915662435119,-0.09869997098607741,0.09555333511724745,1750.157717150294
2025-08-26 16:30:00,13.074999809265137,13.18000030517578,13.0600004196167,13.095000267028809,497231,1h,1H,yfinance,730d,2026-04-02T03:04:46Z,0.0015296717442014884,0.0015296717442014884,13.049263616268565,13.069950008392334,12.693371982574464,12.933973989486695,14.061820001602173,13.049263616268565,12.693371982574464,12.933973989486695,14.061820001602173,0.01495959484217106,0.2444615652261574,811871.5,0.6124503693010532,53.340600032159614,0.11999988555908025,0.22627680316801638,0.017279633337446084,20.606369736717543,25.917960491895077,21.721241608166807,13.069950008392334,0.2444615652261574,13.55887313884465,12.581026877940019,0.074816373457951,0.12429534097488215,0.15003442995868932,-0.025739088983807168,13.75,12.850000381469728,12.883999824523926,0.03191494878152512,-0.04065929428657533,-0.020905308185051874,0.030696603358104424,0.017525049652092842,0.9859962556729504,0.08127017628938892,0.9205883003322517,0.003504921971476227,0.0316407874129665,-0.09731656491633311,0.10247115375089595,1750.157717150294
2025-08-26 17:30:00,13.100000381469728,13.138099670410156,13.020000457763672,13.06999969482422,699617,1h,1H,yfinance,730d,2026-04-02T03:04:46Z,-0.0019091692779522607,-0.0019091692779522607,13.051238480892913,13.076200008392334,12.695871982574463,12.916373987197876,14.046420001983643,13.051238480892913,12.695871982574463,12.916373987197876,14.046420001983643,0.014436978092574961,0.2427792525180468,812366.05,0.8612090571731794,52.49179830336273,0.11809921264648438,0.21854983241647838,0.016721487185881505,19.54803907599659,24.91757056001298,22.19015547352142,13.076200008392334,0.2427792525180468,13.561758513428428,12.59064150335624,0.07426599543054732,0.11085540228741841,0.14219862442443515,-0.031343222137016735,13.75,12.883999824523926,12.883999824523926,0.016329707912389857,-0.031134179645662896,-0.023168939982453063,0.009656238157346397,0.017525049652092842,0.9541477780569154,0.08127017628938892,0.9138160986153036,0.0014375044911465462,0.02946845342826876,-0.09614891333296705,-0.025538893887370226,1750.157717150294
2025-08-26 18:30:00,13.074999809265137,13.09000015258789,12.979999542236328,12.994999885559082,507914,1h,1H,yfinance,730d,2026-04-02T03:04:46Z,-0.00573831759880139,-0.00573831759880139,13.045882424194453,13.087949991226196,12.701771984100342,12.899023990631104,14.031953501701356,13.045882424194453,12.701771984100342,12.899023990631104,14.031953501701356,0.01411305543180012,0.23266770580789276,767642.25,0.6616545663035093,49.92517098130162,0.1100006103515625,0.2107963165546987,0.016221340393311565,18.346017993955428,23.9887972253422,22.718478918749838,13.087949991226196,0.23266770580789276,13.553285402841983,12.62261457961041,0.07110898374882767,0.09307933559902715,0.13237476665935355,-0.0392954310603264,13.75,12.883999824523926,12.883999824523926,-0.03094705194445735,-0.04343026506670278,0.0003849202870684909,0.018416900663162483,0.017525049652092842,0.9256088122623043,0.08127017628938892,0.8749702165726944,-0.0039002757330547366,0.023085590091350472,-0.09479660244311183,-0.39949723724813174,1750.157717150294
2025-08-26 19:30:00,12.994999885559082,13.020000457763672,12.869999885559082,12.880000114440918,1324390,1h,1H,yfinance,730d,2026-04-02T03:04:46Z,-0.008849539986988342,-0.008849539986988342,13.03008410897983,13.087729978561402,12.704453983306884,12.883323993682861,14.016778502464295,13.03008410897983,12.704453983306884,12.883323993682861,14.016778502464295,0.014119445396998373,0.23286207939884215,779931.2,1.698085677300767,46.19532507659055,0.15000057220458984,0.20645376338683377,0.016029018754072838,17.42197826659463,22.743851123792716,25.34521055027352,13.087729978561402,0.23286207939884215,13.553454137359086,12.622005819763718,0.07116958549123067,0.06891771373859079,0.119683356075201,-0.05076564233661021,13.75,12.883999824523926,12.883999824523926,-0.037369207453171405,-0.05985399315623807,-0.01189104217764636,-0.00034151789530822985,0.017328139835617602,0.9250282434312741,0.08033719260972544,0.8858858914446937,-0.011518267517205083,0.013817684047239931,-0.09362525910833863,-0.8920725291844877,1750.157717150294
2025-08-27 13:30:00,12.880000114440918,13.243300437927246,12.760000228881836,13.1850004196167,458646,1h,1H,yfinance,730d,2026-04-02T03:04:46Z,0.023680147706972354,0.023680147706972354,13.044838043326198,13.098979997634888,12.718353996276855,12.872024002075195,14.002403507232666,13.044838043326198,12.718353996276855,12.872024002075195,14.002403507232666,0.014991189092892399,0.23185235634782775,784918.35,0.5843231974383069,55.65729373083218,0.48330020904541016,0.22622850950530352,0.017158020652674365,16.90167842368196,26.323635512886547,21.477646484177914,13.098979997634888,0.23185235634782775,13.562684710330544,12.635275284939233,0.07080012531958678,0.07353278974528088,0.11045324280921698,-0.0369204530639361,13.75,12.869999885559082,12.869999885559082,-0.013098745625572228,-0.04178777614103735,0.008413048715581128,0.017361140494402072,0.017328139835617602,0.9901824901831897,0.07994405573012889,0.8856208841666762,0.010744662051378251,0.036690787461683305,-0.09170207888185478,0.3710137922978963,1750.157717150294
2025-08-27 14:30:00,13.18000030517578,13.204999923706056,12.90999984741211,12.95009994506836,352375,1h,1H,yfinance,730d,2026-04-02T03:04:46Z,-0.01781573508324308,-0.01781573508324308,13.035815367301643,13.108484983444214,12.732355995178223,12.858125,13.986579008102417,13.035815367301643,12.732355995178223,12.858125,13.986579008102417,0.015129967506768902,0.22142283014680725,773508.75,0.4555539934099,48.57259904228344,0.2950000762939471,0.23114076427592092,0.01784856991501009,16.418542855263055,23.923899790630283,19.51968458059351,13.108484983444214,0.22142283014680725,13.551330643737828,12.6656393231506,0.06756626121980076,0.05757211013133556,0.0998770162736407,-0.04230490614230514,13.75,12.760000228881836,12.760000228881836,-0.024107046093442497,-0.06631625471580571,-0.011065316457097407,0.014898096612587786,0.01756410162622809,1.0161960056275927,0.07923160727068763,0.8527690343194317,-0.006575378663945197,0.017101622823976648,-0.08967332270440287,-0.7153058167978542,1750.157717150294
2025-08-27 15:30:00,12.969900131225586,13.09000015258789,12.93000030517578,12.970000267028809,337797,1h,1H,yfinance,730d,2026-04-02T03:04:46Z,0.0015366925386570696,0.0015366925386570696,13.029547262513754,13.116984987258911,12.745256004333497,12.849625005722046,13.970179009437562,13.029547262513754,12.745256004333497,12.849625005722046,13.970179009437562,0.01512192533857644,0.21250076967568476,762452.25,0.44304020350126844,49.1629903331506,0.15999984741211115,0.22605927021422023,0.01742939595682879,15.969916970302643,22.71441284236979,18.5328553453517,13.116984987258911,0.21250076967568476,13.54198652661028,12.691983447907543,0.06480171163787883,0.04599870181376353,0.08910135338166528,-0.043102651567901745,13.75,12.760000228881836,12.760000228881836,-0.0342516774157996,-0.06958388397080717,-0.007651065809512803,0.013281255762558342,0.01763898293591944,0.9881179669002427,0.07811519265971631,0.8295660476722707,-0.004570150772334469,0.0176335620578274,-0.08768126766855078,-0.691690295778357,1750.157717150294
2025-08-27 16:30:00,12.970000267028809,13.28499984741211,12.949999809265137,13.239999771118164,744778,1h,1H,yfinance,730d,2026-04-02T03:04:46Z,0.02081723196072116,0.02081723196072116,13.049590358571317,13.131984996795655,12.763756008148194,12.84357500076294,13.954904007911683,13.049590358571317,12.763756008148194,12.84357500076294,13.954904007911683,0.015599709856236352,0.2100524148080834,773653.9,0.9626759459236229,56.46541840456061,0.33500003814697266,0.23384075363798826,0.017661688646558003,16.442821268283467,26.346506212614507,16.636416010011605,13.131984996795655,0.2100524148080834,13.552089826411821,12.711880167179489,0.06398192348204423,0.057945436913234616,0.08287017008797914,-0.02492473317474453,13.75,12.760000228881836,12.760000228881836,-0.010063899870831228,-0.034281565698108696,0.01885339651532769,0.02318394130318646,0.017755129280784047,0.9947372597096675,0.07732734984985445,0.8274164782095486,0.01459121760261084,0.03731219577261924,-0.08535694685453743,0.5142277198821917,1750.157717150294
2025-08-27 17:30:00,13.237199783325195,13.28499984741211,13.15999984741211,13.1899995803833,408678,1h,1H,yfinance,730d,2026-04-02T03:04:46Z,-0.003776449516557756,-0.003776449516557756,13.062962665410554,13.156984996795654,12.779855995178222,12.83596399307251,13.93745400428772,13.062962665410554,12.779855995178222,12.83596399307251,13.93745400428772,0.014927392112676192,0.18411340566642653,761742.15,0.5365043801239041,54.89289610198724,0.125,0.22606641409241768,0.017139228300555275,16.88194668783709,25.305941812294243,15.979354989881061,13.156984996795654,0.18411340566642653,13.525211808128507,12.7887581854628,0.05597434540246628,0.06265644849194096,0.07882742576877151,-0.016170977276830548,13.75,12.760000228881836,12.760000228881836,-0.014200338746824914,0.0234008488829045,0.024068281303415207,0.03940110453375589,0.017755129280784047,0.9653113773215187,0.07599410815400409,0.7365616461875277,0.009724969612684209,0.03209297392394905,-0.083056633496575,0.17931656561425213,1750.157717150294
2025-08-27 18:30:00,13.1899995803833,13.229999542236328,13.06999969482422,13.100000381469728,593919,1h,1H,yfinance,730d,2026-04-02T03:04:46Z,-0.006823290506197011,-0.006823290506197011,13.066490066939998,13.168985033035279,12.795755996704102,12.830163993835448,13.91862401008606,13.066490066939998,12.795755996704102,12.830163993835448,13.91862401008606,0.014808569544048114,0.1717733768174452,739328.7,0.8033219865534775,52.081331861817645,0.1599998474121076,0.22134737361525267,0.016896745585469903,16.685031443780705,23.99935080544135,18.058608064044105,13.168985033035279,0.1717733768174452,13.51253178667017,12.825438279400387,0.05217513009135955,0.058453955103326294,0.07475273163568247,-0.016298776532356174,13.75,12.760000228881836,12.760000228881836,0.008468099483430302,0.017871056562224208,-0.006446722445340836,0.018662576298582367,0.017755129280784047,0.9516543258154052,0.07599410815400409,0.6865680953268806,0.0025645995487737494,0.023776976119581628,-0.08067378015012672,-0.40160269794815084,1750.157717150294
2025-08-27 19:30:00,13.100000381469728,13.100000381469728,13.0,13.005000114440918,792518,1h,1H,yfinance,730d,2026-04-02T03:04:46Z,-0.00725192856965029,-0.00725192856965029,13.060633880987705,13.148735046386719,12.809456005096436,12.822670993804932,13.9009535074234,13.060633880987705,12.809456005096436,12.822670993804932,13.9009535074234,0.01137461808328602,0.16594028041095282,643299.85,1.2319573834814357,49.21578728432369,0.10000038146972834,0.2126797313191438,0.0163536893077749,16.056460262644745,23.193328589822876,19.803049192559257,13.148735046386719,0.16594028041095282,13.480615607208625,12.816854485564813,0.05048098690118594,0.04691689248483755,0.06918556380551348,-0.022268671320675934,13.75,12.760000228881836,12.90999984741211,-0.0023014755137988896,0.012850464166059394,0.004239362599936181,-0.03020132271286713,0.017545542301693397,0.9320708945084322,0.07454118444424916,0.6772227631953135,-0.0042596528662955935,0.015265606069975401,-0.07851961390591533,-0.8661846996391698,1750.157717150294
2025-08-28 13:30:00,13.289999961853027,13.300000190734863,12.671600341796877,12.720000267028809,1720787,1h,1H,yfinance,730d,2026-04-02T03:04:46Z,-0.02191463628636514,-0.02191463628636514,13.028192584420191,13.115735054016113,12.816856002807617,12.81221399307251,13.884478511810302,13.028192584420191,12.816856002807617,12.81221399307251,13.884478511810302,0.012218377328507779,0.18155901556478218,700426.65,2.456769741699577,41.78768487038742,0.6283998489379865,0.24237402543477543,0.019054561348007752,16.014364751039068,18.89811226748523,25.813751235937488,13.115735054016113,0.18155901556478218,13.478853085145678,12.752617022886549,0.055371358087685056,0.014608187306595966,0.05827008850572998,-0.04366190119913402,13.5,12.760000228881836,12.93000030517578,-0.027151017010705436,-0.017381184480473433,-0.01927525018141507,-0.04932734243400916,0.017545542301693397,1.0860058367172107,0.072717790460889,0.761455453153054,-0.023655799942651656,-0.0075569028596085275,-0.0768932378767091,-2.179648230390973,1750.157717150294
2025-08-28 14:30:00,12.720000267028809,12.789999961853027,12.649999618530272,12.720000267028809,826382,1h,1H,yfinance,730d,2026-04-02T03:04:46Z,0.0,0.0,12.998840935144822,13.083735084533691,12.821256008148193,12.80301399230957,13.868828511238098,12.998840935144822,12.821256008148193,12.80301399230957,13.868828511238098,0.012228567225602782,0.19179864275304542,715021.3,1.155744591105188,41.78768487038742,0.14000034332275568,0.23506161956963117,0.018479686685143274,16.06645727629316,18.094146114013295,25.3719638224679,13.083735084533691,0.19179864275304542,13.467332370039783,12.7001377990276,0.058637274910823094,-0.010871375865034949,0.044441795631577,-0.05531317149661195,13.5,12.671600341796877,12.671600341796877,-0.028636883723033746,0.001574839217641566,-0.03927488769476317,-0.047904147162801,0.017545542301693397,1.05324112343679,0.07113928462002916,0.8242601148439698,-0.021451194726301637,-0.007897490000592366,-0.07553431800249333,-1.896441039852494,1750.157717150294
2025-08-28 15:30:00,12.71500015258789,12.94499969482422,12.68000030517578,12.93000030517578,684309,1h,1H,yfinance,730d,2026-04-02T03:04:46Z,0.01650943661466009,0.01650943661466009,12.99228468467158,13.066735076904298,12.831856021881103,12.799413995742798,13.854241013526917,12.99228468467158,12.831856021881103,12.799413995742798,13.854241013526917,0.01284797688463995,0.18959087203369404,719155.3,0.9515455145780055,48.43806901763416,0.26499938964844105,0.2372000317181176,0.018344936281491676,15.243412967962444,21.317777223755208,23.34728482100132,13.066735076904298,0.18959087203369404,13.445916820971686,12.68755333283691,0.05803771819597063,-0.01395796646510128,0.03276184321224134,-0.04671980967734262,13.5,12.649999618530272,12.649999618530272,-0.010711506726651332,0.014443872055799112,-0.01971184863373332,-0.025621713704536697,0.017545542301693397,1.04556108703013,0.07095455453420722,0.8179562055877698,-0.004793951257032081,0.0076484869474313655,-0.0737958139061955,-0.7212096777750864,1750.157717150294
2025-08-28 16:30:00,12.93000030517578,12.94499969482422,12.850000381469728,12.895000457763672,406169,1h,1H,yfinance,730d,2026-04-02T03:04:46Z,-0.002706871352361695,-0.002706871352361695,12.98301952020416,13.039985084533692,12.84295602798462,12.79552300453186,13.839166016578675,12.98301952020416,12.84295602798462,12.79552300453186,13.839166016578675,0.012483200666478497,0.17350992574974103,715312.2,0.567820596377358,47.46479543682334,0.09499931335449219,0.22704283754928722,0.017607043775837317,14.479157538798207,20.68064944005443,22.649500822355378,13.039985084533692,0.17350992574974103,13.387004936033174,12.69296523303421,0.05322396448306849,-0.019009180928623692,0.022407638384068337,-0.04141681931269203,13.5,12.649999618530272,12.649999618530272,-0.007695223445637445,0.03242599632243626,-0.015648848682175198,-0.03983617537267847,0.017518219866333055,1.0050703730277393,0.06918319326969377,0.769319280704316,-0.006779552499594721,0.004052371561940049,-0.07198482823319285,-0.8355984601084776,1750.157717150294
2025-08-28 17:30:00,12.890000343322754,12.970000267028809,12.880000114440918,12.94499969482422,304482,1h,1H,yfinance,730d,2026-04-02T03:04:46Z,0.0038774125851577246,0.0038774125851577246,12.979398584453689,13.01850504875183,12.85736602783203,12.795672998428344,13.826391015052796,12.979398584453689,12.85736602783203,12.795672998428344,13.826391015052796,0.012535292451692303,0.1565153116858442,684822.65,0.4446143830085059,49.04007909678301,0.09000015258789062,0.2172540743377589,0.016782856659674026,13.626315462363491,20.89067200635298,21.979298520457004,13.01850504875183,0.1565153116858442,13.331535672123518,12.705474425380142,0.04809010284966633,-0.01876151316810848,0.014173808073632974,-0.03293532124174145,13.5,12.649999618530272,12.649999618530272,0.0050465512271560264,0.056734668965242596,-0.004613642375140947,-0.032120639305319165,0.017354514647137435,0.9670599841547455,0.0661839864288398,0.7266123641762229,-0.0026502683776634672,0.006815833569837837,-0.07008517162329542,-0.46963682425620407,1750.157717150294
2025-08-28 18:30:00,12.94499969482422,12.989999771118164,12.81999969482422,12.81999969482422,539901,1h,1H,yfinance,730d,2026-04-02T03:04:46Z,-0.009656238157346508,-0.009656238157346508,12.964217737822311,12.990505027770997,12.869566020965577,12.795072994232179,13.812591013908387,12.964217737822311,12.869566020965577,12.795072994232179,13.812591013908387,0.012648039367275881,0.13838109071765403,666228.7,0.810383881691077,45.376772545892244,0.17000007629394354,0.21387878876320066,0.016683213249182,13.163080073374587,19.704614421571108,22.73525391442912,12.990505027770997,0.13838109071765403,13.267267209206304,12.71374284633569,0.04260991868193691,-0.028325175029037197,0.00567401145309894,-0.03399918648213614,13.4399995803833,12.649999618530272,12.649999618530272,-0.027683027165431806,0.0401622631415357,0.007861590070451285,-0.04185354370903882,0.017354514647137435,0.961318342137205,0.06439181755996154,0.6617287769872102,-0.011124315089011794,-0.0038514372637437067,-0.06827285279012785,-1.2321432940188841,1750.157717150294
2025-08-28 19:30:00,12.81999969482422,12.850000381469728,12.765000343322754,12.81999969482422,1074358,1h,1H,yfinance,730d,2026-04-02T03:04:46Z,0.0,0.0,12.950482686108208,12.9820050239563,12.881466007232666,12.79702299118042,13.800691013336182,12.950482686108208,12.881466007232666,12.79702299118042,13.800691013336182,0.011016327081354707,0.14328526395728147,673746.0,1.5946039011734392,45.376772545892244,0.08500003814697443,0.2046731637191845,0.015965145755956343,13.028314745766052,19.120096107078894,23.980248489931814,12.9820050239563,0.14328526395728147,13.268575551870862,12.695434496041736,0.04414888568995944,-0.035495278480999204,-0.0025598465337206885,-0.032935431947278514,13.300000190734863,12.649999618530272,12.649999618530272,-0.010046273835414232,0.041006912841908605,0.007861590070451285,-0.013086996096175474,0.017218826995060225,0.9271912517929624,0.06130959919643367,0.7200974442600425,-0.010075531116994885,-0.004771686108858475,-0.06660717243906344,-1.1306489213041357,1750.157717150294
2025-08-29 13:30:00,12.800000190734863,12.800000190734863,12.5600004196167,12.630000114440918,822969,1h,1H,yfinance,730d,2026-04-02T03:04:46Z,-0.014820560445099717,-0.014820560445099717,12.91996053642561,12.96175503730774,12.888466014862061,12.799422988891601,13.787541012763977,12.91996053642561,12.888466014862061,12.799422988891601,13.787541012763977,0.01139353904203239,0.1617886125737269,679768.2,1.210661222457891,40.09666951352454,0.2599992752075213,0.20862502882549427,0.016518212742290962,13.864245134083177,17.418063943123812,28.864317024701062,12.96175503730774,0.1617886125737269,13.285332262455192,12.638177812160286,0.04992799574071607,-0.0558650379855532,-0.013220884824087191,-0.04264415316146601,13.300000190734863,12.649999618530272,12.68000030517578,-0.02621435201140354,0.019781984742135217,-0.023201870352220655,-0.031070175505341302,0.017148624476614818,0.963238349805634,0.05833749655339686,0.8558474170213407,-0.022442825670186628,-0.020054046782844392,-0.06520923470469364,-2.050545570477903,1750.157717150294
2025-08-29 14:30:00,12.649999618530272,12.920000076293944,12.614999771118164,12.914999961853027,855516,1h,1H,yfinance,730d,2026-04-02T03:04:46Z,0.022565308379233207,0.022565308379233207,12.91948810075203,12.953755044937134,12.904966011047364,12.805072984695435,13.775741014480591,12.91948810075203,12.904966011047364,12.805072984695435,13.775741014480591,0.012521960334576022,0.15993635676685972,697636.8,1.226305722404552,49.574991227693694,0.3050003051757795,0.21550897713622894,0.01668671914616932,13.863054413277682,19.634568804760764,25.94643211196682,12.953755044937134,0.15993635676685972,13.273627758470854,12.633882331403415,0.049386870822254576,-0.04845258210028547,-0.020267224279326847,-0.02818535782095862,13.300000190734863,12.5600004196167,12.5600004196167,-0.024546813812949875,0.04957331503849427,0.0015509502426822586,-0.012237082198558125,0.01701798694301259,0.9805342548473815,0.057006031799218454,0.8663446527237784,-0.00034739293569541196,0.0007775263256852849,-0.06321075595990788,-0.24231565522403603,1750.157717150294
2025-08-29 15:30:00,12.914999961853027,12.979999542236328,12.869999885559082,12.904999732971191,409448,1h,1H,yfinance,730d,2026-04-02T03:04:46Z,-0.0007743111816781445,-0.0007743111816781445,12.918108256201474,12.944255018234253,12.919866008758545,12.812622985839845,13.764566011428833,12.918108256201474,12.919866008758545,12.812622985839845,13.764566011428833,0.012513009240818704,0.15687807715725957,693247.65,0.5906229902113624,49.28034275626023,0.1099996566772461,0.20797259710344446,0.016115660705679203,13.497018130805166,20.95347565670494,24.96618668400917,12.944255018234253,0.15687807715725957,13.258011172548773,12.630498863919733,0.04847805514840976,-0.04289067529641599,-0.024791914482744676,-0.018098760813671316,13.300000190734863,12.5600004196167,12.5600004196167,-0.021607267360036375,0.047483770506320466,-0.003089993263501012,-0.01450939520299277,0.016839801122571964,0.9569982797527147,0.05567285174507566,0.8707665159742372,-0.0010147401593411098,-0.0011506524740485524,-0.061367717803011534,-0.250227985798877,1750.157717150294
2025-08-29 16:30:00,12.904999732971191,13.039999961853027,12.859999656677246,12.920000076293944,436616,1h,1H,yfinance,730d,2026-04-02T03:04:46Z,0.0011623668061322423,0.0011623668061322423,12.918288429543614,12.936755037307739,12.934866008758545,12.820116987228394,13.753316011428833,12.918288429543614,12.934866008758545,12.820116987228394,13.753316011428833,0.012515492526617388,0.15425080325415322,680097.6,0.641990208464197,49.762672469723896,0.18000030517578125,0.2059745762514685,0.015942304569285387,12.799060460637406,21.726251317220417,23.407769238245425,12.936755037307739,0.15425080325415322,13.245256643816045,12.628253430799433,0.04769381589411443,-0.03684766479702262,-0.027203064545600265,-0.009644600251422351,13.300000190734863,12.5600004196167,12.5600004196167,-0.013740480911008213,0.04615382001764612,0.007800341953993595,-0.01147663519760278,0.016839801122571964,0.9467038507905192,0.054297661285376775,0.8783769828215259,0.00013249795123138064,-0.001149291570127997,-0.05950928503279973,-0.10862154789682911,1750.157717150294
2025-08-29 17:30:00,12.920000076293944,12.94499969482422,12.84000015258789,12.895000457763672,278827,1h,1H,yfinance,730d,2026-04-02T03:04:46Z,-0.001934954983176973,-0.001934954983176973,12.916070527469333,12.931755065917969,12.945466022491456,12.82701699256897,13.740325512886047,12.916070527469333,12.945466022491456,12.82701699256897,13.740325512886047,0.01246322396108539,0.15390211083317493,668643.25,0.41700413486564025,48.92757292672063,0.1049995422363299,0.19876207382181577,0.015413886527018106,12.262904016419036,20.906446153418436,23.24323129271868,12.931755065917969,0.15390211083317493,13.239559287584319,12.623950844251619,0.047604400191212634,-0.03368746756718366,-0.028499945149916946,-0.005187522417266714,13.300000190734863,12.5600004196167,12.5600004196167,-0.008458258801174567,0.031600036621093786,0.005850293660282224,-0.007695223445637445,0.016839801122571964,0.9153247366061484,0.052699547287214016,0.9033170613737403,-0.0016313064922377496,-0.003898319661888139,-0.05784866520441245,-0.23881808998797763,1750.157717150294
2025-08-29 18:30:00,12.899999618530272,12.970000267028809,12.890000343322754,12.970000267028809,362873,1h,1H,yfinance,730d,2026-04-02T03:04:46Z,0.005816192834640965,0.005816192834640965,12.921206693141665,12.936255073547363,12.954766025543213,12.834416999816895,13.727275514602661,12.921206693141665,12.954766025543213,12.834416999816895,13.727275514602661,0.012370238525853219,0.15363858783041182,620567.4,0.5847438972785228,51.55422137791609,0.07999992370605469,0.1902790630992614,0.01467070618209408,11.603756627012736,21.21709632230407,22.545212626340362,12.936255073547363,0.15363858783041182,13.243532249208187,12.62897789788654,0.04750635696557312,-0.02484473603471038,-0.027768903326875635,0.0029241672921652556,13.300000190734863,12.5600004196167,12.5600004196167,0.019654087637719586,0.045967795647891885,0.026920043508086744,0.006987589424551688,0.016839801122571964,0.8711923659495929,0.05132805849627274,0.9255436180003352,0.003776239715524543,0.0011759565132676286,-0.05627551426629973,0.21964009145081465,1750.157717150294
2025-08-29 19:30:00,12.970000267028809,13.029999732971191,12.890000343322754,12.989999771118164,853369,1h,1H,yfinance,730d,2026-04-02T03:04:46Z,0.0015419817793063118,0.0015419817793063118,12.927758414853713,12.926505041122436,12.962866020202636,12.844266996383666,13.714725513458252,12.927758414853713,12.962866020202636,12.844266996383666,13.714725513458252,0.011172229648179557,0.14338920741996944,640303.55,1.3327569400482004,52.25931670436404,0.1399993896484375,0.186687657852774,0.014371644429729205,10.944635084014777,22.37623870017765,21.337574446274214,12.926505041122436,0.14338920741996944,13.213283455962374,12.639726626282497,0.04437060348912946,-0.016038137088639104,-0.02542275007922833,0.009384612990589226,13.300000190734863,12.5600004196167,12.614999771118164,0.0212263756620521,0.05267419858126643,0.005807186177829049,-0.014789582274750024,0.016734787902921672,0.8587885614743946,0.050204491320951006,0.8837974914529811,0.004814551314088478,0.0020931907244308157,-0.05482133000166978,0.44281387098932734,1750.157717150294
2025-09-02 13:30:00,12.90999984741211,12.90999984741211,12.479999542236328,12.829999923706056,1000368,1h,1H,yfinance,730d,2026-04-02T03:04:46Z,-0.012317155522038603,-0.012317155522038603,12.91844808236346,12.920500040054321,12.968066024780274,12.851266994476319,13.701350512504577,12.91844808236346,12.968066024780274,12.851266994476319,13.701350512504577,0.010808975775315812,0.14478339226743317,672703.2,1.487086727103424,46.43646092072258,0.5100002288818359,0.20978141292627842,0.016350850676052166,12.03146314114719,18.490600004908153,31.5924364807058,12.920500040054321,0.14478339226743317,13.210066824589187,12.630933255519455,0.044822844880181394,-0.02171912987785518,-0.0246820260389537,0.0029628961610985195,13.300000190734863,12.5600004196167,12.84000015258789,-0.007733981369644205,0.04953169749195663,-0.005811686231462443,-0.009274061348695573,0.01668496619767566,0.9799750555281294,0.04965743328148532,0.9026411942417794,-0.006846655116271583,-0.01064662231132929,-0.053519139376448255,-0.6250724957535164,1750.157717150294
2025-09-02 14:30:00,12.829999923706056,12.90999984741211,12.8100004196167,12.854999542236328,349925,1h,1H,yfinance,730d,2026-04-02T03:04:46Z,0.0019485283459808045,0.0019485283459808045,12.912405364256115,12.914750003814698,12.970366020202636,12.859216985702515,13.688525509834289,12.912405364256115,12.970366020202636,12.859216985702515,13.688525509834289,0.010813051468902287,0.14498679214639612,673309.6,0.5197089125121638,47.422225041417306,0.09999942779541016,0.20193984255978784,0.015709050933552755,13.040660622770146,17.836568799855737,30.474980081425446,12.914750003814698,0.14498679214639612,13.20472358810749,12.624776419521906,0.044905799060321064,-0.023928267139039505,-0.024531274258970864,0.0006030071199313591,13.300000190734863,12.479999542236328,12.479999542236328,-0.003102048399173274,0.05282551204539088,-0.005031001058342199,-0.008866670965676504,0.016600712995736483,0.9462877249662269,0.04893246298533217,0.9177097640431848,-0.0044457884027321315,-0.008894620073682802,-0.05246434242429565,-0.41210968732957576,1750.157717150294
2025-09-02 15:30:00,12.852800369262695,12.85990047454834,12.614999771118164,12.637499809265137,464187,1h,1H,yfinance,730d,2026-04-02T03:04:46Z,-0.01691946641122588,-0.01691946641122588,12.886223882828402,12.884625005722047,12.968716011047363,12.860191984176636,13.676062507629394,12.886223882828402,12.968716011047363,12.860191984176636,13.676062507629394,0.010224845959834725,0.13662967228665923,659280.05,0.7040816721209749,40.44779635424042,0.24490070343017578,0.20500847547910125,0.0162222337149948,14.680634002211185,16.314614912807546,34.66878606319635,12.884625005722047,0.13662967228665923,13.157884350295365,12.611365661148728,0.04241634420124211,-0.04273679192953139,-0.028172377793082973,-0.01456441413644842,13.300000190734863,12.479999542236328,12.479999542236328,-0.02375433702652241,0.03374228342934549,-0.01996902980670323,-0.04550604020155091,0.01643595102503293,0.9869969611303521,0.04828407899903805,0.8784747494528612,-0.01930154836861897,-0.025539629482215553,-0.051721502163903366,-1.8087227490264546,1750.157717150294
2025-09-02 16:30:00,12.630000114440918,12.689800262451172,12.510000228881836,12.65999984741211,447665,1h,1H,yfinance,730d,2026-04-02T03:04:46Z,0.0017804184756922137,0.0017804184756922137,12.864678736598279,12.858125019073487,12.96913200378418,12.863591985702515,13.664012508392334,12.864678736598279,12.96913200378418,12.863591985702515,13.664012508392334,0.010255689963735536,0.125799680451091,661229.4,0.6770192009006254,41.40780618377017,0.17980003356933594,0.2032078724855466,0.01605117495535241,16.531385380282572,15.283521455539256,36.168483770164386,12.858125019073487,0.125799680451091,13.109724379975669,12.606525658171305,0.039134688849107334,-0.055190911819991584,-0.0335760845984647,-0.021614827221526883,13.300000190734863,12.479999542236328,12.479999542236328,-0.012480487614731195,0.030944635399350773,-0.02390134257782206,-0.04018193706081907,0.016352269991913533,0.9815869578529451,0.04789195937189038,0.8171452862310115,-0.01591014384244871,-0.023835994288736617,-0.05085479131268089,-1.5749258738252974,1750.157717150294
2025-09-02 17:30:00,12.662500381469728,12.81999969482422,12.662500381469728,12.795000076293944,672192,1h,1H,yfinance,730d,2026-04-02T03:04:46Z,0.01066352531666337,0.01066352531666337,12.858042673712152,12.842875003814697,12.97083200454712,12.867941989898682,13.653337507247924,12.858042673712152,12.97083200454712,12.867941989898682,13.653337507247924,0.01054810656020676,0.11343301992600467,665143.05,1.0105976451231053,46.935198851573766,0.15999984741211115,0.2001215849803012,0.015640608345995895,17.37208017048797,19.05786341639547,34.102970916736034,12.842875003814697,0.11343301992600467,13.069741043666706,12.616008963962688,0.035329478763068765,-0.05355020787100351,-0.03757090925297246,-0.015979298618031046,13.300000190734863,12.479999542236328,12.479999542236328,-0.0019500482937117036,0.05831264804038461,-0.015011524115480013,-0.023282465365971672,0.01628654219552348,0.9603394114126247,0.047649108042663535,0.7414509990708713,-0.004902969994577511,-0.013555948314767807,-0.04998818071687561,-0.4220545970827877,1750.157717150294
2025-09-02 18:30:00,12.795000076293944,12.975000381469728,12.739999771118164,12.970000267028809,753836,1h,1H,yfinance,730d,2026-04-02T03:04:46Z,0.013677232488579438,0.013677232488579438,12.868705301647072,12.841125011444092,12.976132011413574,12.872441987991333,13.643437509536744,12.868705301647072,12.976132011413574,12.872441987991333,13.643437509536744,0.01091964255774491,0.11116564932037595,663208.95,1.1366493169309613,53.11033314233066,0.23500061035156428,0.20261294393539142,0.015621660737390745,17.22914797059614,22.943336207037962,31.277661724957845,12.841125011444092,0.11116564932037595,13.063456310084844,12.61879371280334,0.03462800937497434,-0.03769436810453186,-0.037595601023284346,-9.876708124751526e-05,13.300000190734863,12.479999542236328,12.479999542236328,0.026920043508086744,0.06661187744908426,0.010911951999631242,-0.0026912608307665398,0.016168947210337,0.9661520032302184,0.04755537857839288,0.7281617854832475,0.007871418531029128,-0.0004725402284264657,-0.04891036424337525,1.1593082608936354,1750.157717150294
2025-09-02 19:30:00,12.976499557495115,13.029999732971191,12.90999984741211,13.0,1437222,1h,1H,yfinance,730d,2026-04-02T03:04:46Z,0.002313009433581481,0.002313009433581481,12.881209558633065,12.855124998092652,12.977232017517089,12.878741989135742,13.633587508201598,12.881209558633065,12.977232017517089,12.878741989135742,13.633587508201598,0.009706080942719578,0.11265125332906789,649030.7,2.2144129699873982,54.09649736206952,0.11999988555908203,0.19671201119422646,0.015131693168786651,16.790836472308268,23.94071064081879,29.91478618901774,12.855124998092652,0.11265125332906789,13.080427504750787,12.629822491434517,0.03505255790069157,-0.022448995080624812,-0.03456627983475244,0.012117284754127627,13.300000190734863,12.479999542236328,12.510000228881836,0.0065814973595073045,0.06820048631904463,0.011279693732174634,0.02201255716141537,0.016083417830515805,0.9408257205179733,0.04620607801294709,0.7586135722419403,0.00922199431864068,0.0017544559927862302,-0.04814253697272741,1.2860487355977352,1750.157717150294
2025-09-03 13:30:00,12.90999984741211,13.149999618530272,12.859999656677246,12.904999732971191,486612,1h,1H,yfinance,730d,2026-04-02T03:04:46Z,-0.007307712848369841,-0.007307712848369841,12.88347528952241,12.86437497138977,12.980132007598877,12.886019983291625,13.623512506484985,12.88347528952241,12.980132007598877,12.886019983291625,13.623512506484985,0.009878006077430978,0.10870226622439402,632042.2,0.7699042880364635,50.47614848424915,0.28999996185302557,0.20337543624128354,0.01575942971325109,15.74784013572167,25.716870983484068,26.867892433595923,12.86437497138977,0.10870226622439402,13.081779503838558,12.646970438940983,0.033799470698311074,-0.0178271543823616,-0.031218454744274274,0.013391300361912675,13.039999961853027,12.479999542236328,12.510000228881836,0.0,0.04367165158501218,0.021167155508871938,0.014543982866251692,0.016008160355654374,0.9844622594428578,0.044864321970251225,0.75337081257403,0.0016707016519281748,-0.005788251967214331,-0.04722574288971726,0.3737250656537333,1750.157717150294
2025-09-03 14:30:00,12.89900016784668,12.920000076293944,12.755000114440918,12.81999969482422,678743,1h,1H,yfinance,730d,2026-04-02T03:04:46Z,-0.0065865974355506784,-0.0065865974355506784,12.87742999478925,12.858874940872193,12.978843994140625,12.892719984054565,13.613087506294251,12.87742999478925,12.978843994140625,12.892719984054565,13.613087506294251,0.009303924720098888,0.10802340664602204,631763.9,1.0743617987669127,47.41836433851323,0.16499996185302557,0.20063433092783656,0.01565010418906937,15.269941388803227,24.206204178559148,29.02773964310905,12.858874940872193,0.10802340664602204,13.074921754164237,12.642828127580149,0.03360275518433339,-0.020783525489379784,-0.029131468893295376,0.008347943403915592,13.149999618530272,12.479999542236328,12.510000228881836,-0.007739967560310368,0.025189890243946245,0.012638218747278884,-0.008507394257951106,0.015953725162620863,0.980968647105513,0.04459672418465543,0.7534803463411158,-0.0044597640979813225,-0.012238709347929255,-0.04659071734170317,-0.3598779862160901,1750.157717150294
2025-09-03 15:30:00,12.8100004196167,12.93000030517578,12.800000190734863,12.891599655151367,275205,1h,1H,yfinance,730d,2026-04-02T03:04:46Z,0.005585020439279331,0.005585020439279331,12.878779486252308,12.858704900741577,12.977475986480712,12.886835985183716,13.603170504570008,12.878779486252308,12.977475986480712,12.886835985183716,13.603170504570008,0.009375644660863594,0.10796907042048973,625215.7,0.44017608642905165,50.157411729115644,0.1300001144409162,0.1955890297501994,0.015171820020957894,14.770474762612501,23.42220372766069,27.64962792430149,12.858704900741577,0.10796907042048973,13.074643041582556,12.642766759900598,0.03358629698835781,-0.01715124361847664,-0.02673542383833163,0.00958418021985499,13.149999618530272,12.479999542236328,12.662500381469728,-0.0002637303211771025,0.024362305607870116,0.007549791190419652,-0.0002637303211771025,0.015850867141268238,0.9571602541199514,0.04425974458954445,0.7588452509120884,0.0009954490573229613,-0.006617336947400743,-0.0459962269736377,0.3046683117829995,1750.157717150294
2025-09-03 16:30:00,12.890000343322754,13.020000457763672,12.850000381469728,12.93000030517578,571351,1h,1H,yfinance,730d,2026-04-02T03:04:46Z,0.002978734296101626,0.002978734296101626,12.883657659483115,12.857954931259155,12.980875988006591,12.883535985946656,13.594070506095886,12.883657659483115,12.980875988006591,12.883535985946656,13.594070506095886,0.009359240309692374,0.10741773537746747,638559.15,0.8947503140468662,51.61321502772507,0.17000007629394354,0.19376124736046685,0.014985401607678672,13.805402938083086,25.272138305275494,25.91684782926088,12.857954931259155,0.10741773537746747,13.072790402014089,12.64311946050422,0.03341674036088662,-0.011046683249086087,-0.023597675720482523,0.012550992471396436,13.149999618530272,12.479999542236328,12.739999771118164,-0.0030840370878567613,0.028639667389951606,-0.0030840370878567613,-0.001158701429281428,0.01573424032340192,0.9524070625380316,0.04337940218594818,0.7703365808879509,0.0035970100197868504,-0.003919279629342243,-0.04510749873000319,0.6707027816538529,1750.157717150294
2025-09-03 17:30:00,12.920000076293944,12.960000038146973,12.84000015258789,12.954999923706056,440816,1h,1H,yfinance,730d,2026-04-02T03:04:46Z,0.0019334584640551267,0.0019334584640551267,12.89045216083768,12.864704942703247,12.983975982666015,12.881885986328125,13.585945506095886,12.89045216083768,12.983975982666015,12.881885986328125,13.585945506095886,0.009099496661904157,0.10904982232189903,633604.9,0.6957269427682772,52.584182857545464,0.11999988555908203,0.18849257866036795,0.014549793884247712,12.96354424555255,24.122925305553593,25.117272626438726,12.864704942703247,0.10904982232189903,13.082804587347045,12.646605298059448,0.03390666876779054,-0.004143748339037856,-0.01970689024419359,0.015563141905155734,13.149999618530272,12.510000228881836,12.755000114440918,-0.0026943685934410766,0.01687599344195445,-0.0034615443303033233,0.010530439321019491,0.01567957756131106,0.9279455283380172,0.043282614945600775,0.7833784721742372,0.005007408744316821,-0.0022316784164297943,-0.04430825393490445,0.8280158470710044,1750.157717150294
2025-09-03 18:30:00,12.949999809265137,12.954999923706056,12.6899995803833,12.720000267028809,718210,1h,1H,yfinance,730d,2026-04-02T03:04:46Z,-0.018139688001636123,-0.018139688001636123,12.874218647141598,12.859704971313477,12.979575996398927,12.875010986328125,13.576996006965636,12.874218647141598,12.979575996398927,12.875010986328125,13.576996006965636,0.009972761922143946,0.11319853458965394,615797.5,1.1663087297366423,43.705769264144806,0.2650003433227557,0.19395741899339566,0.015248224443528339,12.955671066060567,21.76873277891654,28.190101481063913,12.859704971313477,0.11319853458965394,13.086102040492785,12.633307902134169,0.035210305319498175,-0.017434655157680723,-0.019252443226891017,0.0018177880692102945,13.149999618530272,12.510000228881836,12.755000114440918,-0.00857362878654433,0.0,-0.014335487777634381,-0.007800267564419983,0.015645356267532634,0.9746166327430698,0.04077551652517472,0.8635158624602439,-0.011978853578584303,-0.019998783430378198,-0.044002370646658906,-1.234156473766195,1750.157717150294
2025-09-03 19:30:00,12.725000381469728,12.81999969482422,12.699999809265137,12.720000267028809,736986,1h,1H,yfinance,730d,2026-04-02T03:04:46Z,0.0,0.0,12.85953118236895,12.86420497894287,12.980176010131835,12.868810987472534,13.56854600906372,12.85953118236895,12.980176010131835,12.868810987472534,13.56854600906372,0.009403769213079534,0.10550503457656309,611498.35,1.20521339100915,43.705769264144806,0.11999988555908381,0.18867473803380197,0.014832919345360471,12.948360256532299,20.779787665732897,26.909436070588104,12.86420497894287,0.10550503457656309,13.075215048095997,12.653194909789745,0.032805769108704884,-0.02764907326165833,-0.02093176923384448,-0.006717304027813849,13.149999618530272,12.510000228881836,12.6899995803833,-0.010501694283532759,0.006392814031851657,-0.007800267564419983,0.007125902753158719,0.01563113454169332,0.948934276382578,0.03723208380608805,0.8811155797661964,-0.010850388973078995,-0.020044084371424797,-0.043362789096109244,-1.366804081841378,1750.157717150294
2025-09-04 13:30:00,12.720000267028809,13.079999923706056,12.649999618530272,12.897199630737305,586359,1h,1H,yfinance,730d,2026-04-02T03:04:46Z,0.013930767294699775,0.013930767294699775,12.863118653642127,12.863314962387085,12.980920009613037,12.862182979583741,13.560982007980346,12.863118653642127,12.980920009613037,12.862182979583741,13.560982007980346,0.00853422031750086,0.10514725878234688,598040.5,0.980467041947828,50.948419975519116,0.4300003051757848,0.20591227854394362,0.01596565800634754,12.571311308694836,26.69933608810659,22.89556812494674,12.863314962387085,0.10514725878234688,13.073609479951779,12.65302044482239,0.03269678433274861,-0.021201171557127196,-0.020985649698501026,-0.00021552185862616993,13.149999618530272,12.662500381469728,12.6899995803833,0.020549936727339846,0.014728528090360626,0.0004343895044631729,-0.0013782679959968291,0.01563113454169332,1.021401099437916,0.035269892041283474,0.927045205992606,0.002649511212083011,-0.006449495013738038,-0.042774335813288156,0.32225917006891064,1750.157717150294
2025-09-04 14:30:00,12.890000343322754,12.9399995803833,12.76580047607422,12.76580047607422,185498,1h,1H,yfinance,730d,2026-04-02T03:04:46Z,-0.010188192663927342,-0.010188192663927342,12.853850255778518,12.856354999542237,12.96803602218628,12.85334098815918,13.552786011695861,12.853850255778518,12.96803602218628,12.85334098815918,13.552786011695861,0.008817075338423418,0.10675241305820973,586843.0,0.316094764698565,46.201570231732816,0.17419910430908025,0.20364705181288195,0.015952548545197703,12.22119442856005,25.068012120349735,21.496653600840904,12.856354999542237,0.10675241305820973,13.069859825658657,12.642850173425817,0.03321389711532112,-0.02638977177248769,-0.02206647411329836,-0.004323297659189332,13.149999618530272,12.649999618530272,12.649999618530272,0.00835707977387834,0.0047855610179672325,-0.012699135748344137,-0.010786459494557588,0.01563113454169332,1.0205624231975656,0.03513143161009487,0.9454182648730218,-0.006850070442100731,-0.015594924764711138,-0.0431461095161505,-0.8482667592594758,1750.157717150294
2025-09-04 15:30:00,12.770000457763672,12.9399995803833,12.770000457763672,12.920000076293944,173098,1h,1H,yfinance,730d,2026-04-02T03:04:46Z,0.012079117209196966,0.012079117209196966,12.86015023868475,12.856354999542237,12.95883602142334,12.847640991210938,13.544736013412475,12.86015023868475,12.95883602142334,12.847640991210938,13.544736013412475,0.00923145863168436,0.10675241305820973,573667.1,0.3017394583025591,51.86886997154792,0.17419910430908025,0.20154362699118183,0.015599351842186205,11.89608589700632,23.52037653134039,20.16950464313555,12.856354999542237,0.10675241305820973,13.069859825658657,12.642850173425817,0.03321389711532112,-0.017853353441951825,-0.021223849979029055,0.0033704965370772305,13.149999618530272,12.649999618530272,12.649999618530272,0.009769441129710899,-0.0019312181629693725,-0.0027016478285011303,0.0,0.015610506289788474,0.9992854525410514,0.03484028363783295,0.9533187921367625,0.004653898787990718,-0.0029968698627864665,-0.04325665641685128,0.5961933311709052,1750.157717150294
2025-09-04 16:30:00,12.920000076293944,12.94499969482422,12.817500114440918,12.829999923706056,152576,1h,1H,yfinance,730d,2026-04-02T03:04:46Z,-0.006965956041519061,-0.006965956041519061,12.85727878011535,12.853104972839356,12.948236026763915,12.840090990066528,13.536486015319824,12.85727878011535,12.948236026763915,12.840090990066528,13.536486015319824,0.009349709276220074,0.10651559016989216,567354.55,0.2689253131044776,48.64770045518352,0.12749958038330256,0.19625476651919047,0.015296552430726794,11.622881447741067,22.610907558058205,19.233547984004133,12.853104972839356,0.10651559016989216,13.06613615317914,12.640073792499571,0.03314859417859785,-0.018141318734818057,-0.020607343730186856,0.0024660249953687985,13.149999618530272,12.649999618530272,12.649999618530272,-0.010794166572120178,0.0054858694019281895,0.008647771569814777,-0.005040754691751914,0.015610506289788474,0.9798882974559864,0.034267339071382436,0.9673524433731453,-0.0021216664020291542,-0.009131444840321579,-0.043456624406818745,-0.2169170644076313,1750.157717150294
2025-09-04 17:30:00,12.824999809265137,12.949999809265137,12.8100004196167,12.94499969482422,253195,1h,1H,yfinance,730d,2026-04-02T03:04:46Z,0.008963349322058667,0.008963349322058667,12.865633152944765,12.851854944229126,12.941736011505126,12.83254098892212,13.52908601284027,12.865633152944765,12.941736011505126,12.83254098892212,13.52908601284027,0.00947542630203832,0.10527589887512646,561870.65,0.450628627781145,52.69059740467677,0.1399993896484375,0.19223652531413668,0.014850253367792532,11.31534182432713,21.434710217548876,18.51170080978625,12.851854944229126,0.10527589887512646,13.062406741979379,12.641303146478874,0.03276597793298257,-0.008986422977809383,-0.018283159579711362,0.00929673660190198,13.149999618530272,12.649999618530272,12.649999618530272,-0.004230792705829156,0.0047033098442941235,0.01768863388931119,-0.0019275691356878122,0.015610506289788474,0.9512986377326367,0.03385306973305081,0.9678879401885699,0.006168879598536403,0.0002521828073291932,-0.04341387147496134,0.8847680389371769,1750.157717150294
2025-09-04 18:30:00,12.949999809265137,12.960000038146973,12.869999885559082,12.880000114440918,303317,1h,1H,yfinance,730d,2026-04-02T03:04:46Z,-0.005021211426470051,-0.005021211426470051,12.867001434992018,12.846354961395264,12.93073600769043,12.82374098777771,13.522386012077332,12.867001434992018,12.93073600769043,12.82374098777771,13.522386012077332,0.00952806221054532,0.1006884945924577,534368.05,0.5676181425891761,50.28105053245202,0.09000015258789062,0.18493392726226196,0.014358224038749505,11.095428366880498,21.07585452250325,17.86820616040903,12.846354961395264,0.1006884945924577,13.047731950580179,12.644977972210349,0.03135161526986846,-0.006896526184771545,-0.0160058329007234,0.009109306715951854,13.149999618530272,12.649999618530272,12.649999618530272,-0.001937204110620927,-0.006172833601124972,-0.0013335853354859983,-0.008468026067392054,0.015610506289788474,0.9197795236238979,0.033701112941322234,0.9302842705656476,0.0010102337762667446,-0.003923666310976959,-0.04375337339567731,0.33415091944551295,1750.157717150294
2025-09-04 19:30:00,12.8725004196167,13.020000457763672,12.859999656677246,12.899999618530272,1030157,1h,1H,yfinance,730d,2026-04-02T03:04:46Z,0.0015527565148800715,0.0015527565148800715,12.870144119138518,12.849854946136475,12.921243991851806,12.814041986465455,13.516071009635926,12.870144119138518,12.921243991851806,12.814041986465455,13.516071009635926,0.009130417769567904,0.1012740645435573,535857.5,1.9224457994896031,51.02319097668205,0.16000080108642578,0.18315298967827368,0.014197906596460872,11.285969858271814,22.10071527615304,16.753241598867636,12.849854946136475,0.1012740645435573,13.05240307522359,12.64730681704936,0.031525356501866816,-0.003585147730850835,-0.013521695866748888,0.009936548135898053,13.149999618530272,12.649999618530272,12.76580047607422,0.006240243807365209,0.010971738803856157,0.0105123954199009,0.005455938834019403,0.0154479521364565,0.9190801778155712,0.0335945260863456,0.9384075376101291,0.0023197486458101935,-0.001644143035680723,-0.044008870429879554,0.49513834188248823,1750.157717150294
2025-09-05 13:30:00,12.859999656677246,13.220000267028809,12.800000190734863,13.05500030517578,853023,1h,1H,yfinance,730d,2026-04-02T03:04:46Z,0.012015557459618575,0.012015557459618575,12.887749470189686,12.859854984283448,12.914743995666504,12.805191993713379,13.50979600906372,12.887749470189686,12.914743995666504,12.805191993713379,13.50979600906372,0.009477555090738981,0.1107219172501482,561012.4,1.5205064986085868,56.448965147290764,0.4200000762939453,0.20007063872225023,0.015325211340127683,12.557867789316726,25.92710625658269,14.241142160020512,12.859854984283448,0.1107219172501482,13.081298818783745,12.63841114978315,0.03443955390957871,0.011414820621929778,-0.008534392569013156,0.019949213190942935,13.149999618530272,12.649999618530272,12.770000457763672,0.012674970864389179,0.01992188364383729,0.010448934062279092,0.015558208483970049,0.015310881885427239,1.0009359000224594,0.0335945260863456,1.0251537354943243,0.012977505139509127,0.010860169551664134,-0.04404596583086795,1.7624814105363615,1750.157717150294
2025-09-05 14:30:00,13.055399894714355,13.079999923706056,12.729999542236328,12.815199851989746,605886,1h,1H,yfinance,730d,2026-04-02T03:04:46Z,-0.01836847549447873,-0.01836847549447873,12.880839982742073,12.868739986419678,12.911247997283935,12.796243991851806,13.502272009849548,12.880839982742073,12.911247997283935,12.796243991851806,13.502272009849548,0.009617371925456981,0.09903541056473325,568097.35,1.0665179128189914,47.6533584369528,0.35000038146972834,0.2107799060613558,0.016447648768320156,13.159887230698583,22.851963208158168,14.92420390334267,12.868739986419678,0.09903541056473325,13.066810807549144,12.670669165290212,0.030783250161008677,0.0039074682724073995,-0.0060460204007290455,0.009953488673136446,13.220000267028809,12.649999618530272,12.800000190734863,-0.008878611792459079,-0.009644492460629372,-0.0011535519722774001,0.01406132901338042,0.015310881885427239,1.0742456829985008,0.03350151867462221,0.9188613346154765,-0.005095951105694385,-0.00743910622074595,-0.04377218975698882,-0.5406160697939063,1750.157717150294
2025-09-05 15:30:00,12.817399978637695,12.954999923706056,12.817399978637695,12.890000343322754,252775,1h,1H,yfinance,730d,2026-04-02T03:04:46Z,0.005836857184977395,0.005836857184977395,12.881712398035472,12.88024001121521,12.908348007202148,12.796259994506835,13.494274010658264,12.881712398035472,12.908348007202148,12.796259994506835,13.494274010658264,0.009679646225289912,0.08671643346312778,558352.85,0.45271551851127834,50.256998461935304,0.13980007171631037,0.20570991789385257,0.01595887606010918,13.718905283410308,21.742666705286627,14.199742418466412,12.88024001121521,0.08671643346312778,13.053672878141466,12.706807144288955,0.026930067572536236,0.003948100717183323,-0.004047196177146572,0.007995296894329894,13.220000267028809,12.649999618530272,12.729999542236328,-0.005017335450875682,0.015760501934816595,-0.004248694692782218,0.01816749594650746,0.015310881885427239,1.0423224592502862,0.033315318738103866,0.8083388841102517,0.0006433884743883844,-0.0014213797047583077,-0.043420342805647105,0.11255458415149618,1750.157717150294
2025-09-05 16:30:00,12.885000228881836,13.02869987487793,12.850000381469728,12.93000030517578,431941,1h,1H,yfinance,730d,2026-04-02T03:04:46Z,0.0031031777182028986,0.0031031777182028986,12.886311246334548,12.886990022659301,12.905448017120362,12.796859998703003,13.48612401008606,12.886311246334548,12.905448017120362,12.796859998703003,13.48612401008606,0.009437425627819343,0.08505697617216873,546340.3,0.7906079782143107,51.64215502534084,0.17869949340820135,0.2037806018591632,0.01576029366198788,14.639924474600061,22.964075402335617,13.310310088669247,12.886990022659301,0.08505697617216873,13.057103975003638,12.716876070314964,0.02640088213698072,0.007125822800743364,-0.001812592381568585,0.008938415182311948,13.220000267028809,12.649999618530272,12.729999542236328,0.01650943661466009,0.005443285409590715,0.003882002351754732,0.010551014308468831,0.015310881885427239,1.0293524422645037,0.03321389711532112,0.7948745684770111,0.0033903463920801347,0.0019024746775815338,-0.04305729300215688,0.505664372895397,1750.157717150294
2025-09-05 17:30:00,12.9350004196167,12.954999923706056,12.729999542236328,12.779999732971191,613530,1h,1H,yfinance,730d,2026-04-02T03:04:46Z,-0.01160097205446653,-0.01160097205446653,12.876186340299943,12.87748999595642,12.899148006439209,12.796259994506835,13.474524006843566,12.876186340299943,12.899148006439209,12.796259994506835,13.474524006843566,0.009288868205221302,0.08586180617166307,539325.0,1.1375886524822696,46.421726141071716,0.22500038146972834,0.205296300402775,0.01606387360659562,14.491178244975748,21.166351222528874,16.443502405697807,12.87748999595642,0.08586180617166307,13.049213608299747,12.705766383613094,0.026670354610603183,-0.0024315724697778762,-0.0019363883992104434,-0.0004951840705674328,13.220000267028809,12.729999542236328,12.729999542236328,0.004716939047391788,-0.04697987484037869,-0.009302316985087766,-0.014649231314252109,0.015310881885427239,1.049180166551025,0.033181245646959484,0.8037779803196473,-0.007470116134286386,-0.009236910329933345,-0.04270102603343395,-1.135432240853599,1750.157717150294
2025-09-05 18:30:00,12.789999961853027,12.890000343322754,12.779999732971191,12.885000228881836,574424,1h,1H,yfinance,730d,2026-04-02T03:04:46Z,0.008216001416631702,0.008216001416631702,12.877025758260123,12.871740007400513,12.895448017120362,12.795659999847413,13.462924008369447,12.877025758260123,12.895448017120362,12.795659999847413,13.462924008369447,0.009471719318420222,0.08118849990028665,496185.1,1.1576808735288504,50.215562133614654,0.1100006103515625,0.19848946539911697,0.015404692423225664,14.353056746038884,20.328483239131653,15.792587939817404,12.871740007400513,0.08118849990028665,13.034117007201086,12.70936300759994,0.025229999938969495,-0.0015157420538685074,-0.0018522591301420564,0.00033651707627354904,13.220000267028809,12.729999542236328,12.729999542236328,-0.0009458954040220124,-0.036995506825506896,-0.013021836255840302,-0.008846136239858748,0.015364951881676674,1.002586441002551,0.03297718164365136,0.7650744751811341,0.0006192789213455008,-0.000810191954917383,-0.04215102089979139,0.16332635160901735,1750.157717150294
2025-09-05 19:30:00,12.885000228881836,12.979999542236328,12.84000015258789,12.850000381469728,1055984,1h,1H,yfinance,730d,2026-04-02T03:04:46Z,-0.002716324935226222,-0.002716324935226222,12.874451912851514,12.868990039825439,12.892548027038574,12.797160005569458,13.451224012374878,12.874451912851514,12.892548027038574,12.797160005569458,13.451224012374878,0.00935643312632984,0.08094646560488915,524653.7,2.0127257274655648,48.970799582808056,0.1399993896484375,0.194311602845497,0.01512152506436521,14.774796973472363,22.59066145306455,14.979845990374733,12.868990039825439,0.08094646560488915,13.030882971035217,12.707097108615661,0.02516016108626558,-0.0035729483072834967,-0.0021963969655703444,-0.0013765513417131523,13.220000267028809,12.729999542236328,12.729999542236328,0.0065957403574743445,-0.03817359942465437,0.0027155666616138774,-0.004261863823285861,0.015310881885427239,0.9876325333524872,0.03278587352084372,0.767408593529464,-0.0018992289184269762,-0.0033001735172607516,-0.0415334682421713,-0.2345952749611317,1750.157717150294
2025-09-08 13:30:00,12.90999984741211,13.539999961853027,12.90999984741211,13.449899673461914,2298231,1h,1H,yfinance,730d,2026-04-02T03:04:46Z,0.04668476841893843,0.04668476841893843,12.929256461481076,12.900485038757324,12.903946018218994,12.80420000076294,13.442798509597779,12.929256461481076,12.903946018218994,12.80420000076294,13.442798509597779,0.013717000740926901,0.14937601133924122,605628.1,3.7947892444224434,64.98990745038293,0.689999580383299,0.22971788695534,0.017079524199618966,17.280129778490657,35.15653878513158,11.765938835274133,12.900485038757324,0.14937601133924122,13.199237061435806,12.601733016078843,0.04631640155869051,0.04271121194719285,0.006785124816982294,0.03592608713021056,13.220000267028809,12.729999542236328,12.729999542236328,0.04101390046740394,0.013556835681417967,0.04343671956759865,0.0491341648699104,0.015310881885427239,1.11551537837119,0.03278587352084372,1.4126938399016489,0.04026861200657139,0.0423090467421432,-0.040084844758631166,3.6780647024831765,1750.157717150294
2025-09-08 14:30:00,13.44499969482422,13.510000228881836,13.420000076293944,13.484999656677246,1339394,1h,1H,yfinance,730d,2026-04-02T03:04:46Z,0.0026096836457887296,0.0026096836457887296,12.982184384833092,12.930155038833618,12.909946002960204,12.81414999961853,13.434098505973816,12.982184384833092,12.909946002960204,12.81414999961853,13.434098505973816,0.01369879220417099,0.19624424395407614,658837.55,2.0329654859532518,65.66898511638126,0.0900001525878924,0.21973804878623662,0.01629499847094404,19.60651024029336,34.12801093032528,11.421718492538215,12.930155038833618,0.19624424395407614,13.322643526741771,12.537666550925465,0.06070901496994859,0.081286991868053,0.021685498227196436,0.059601493640856554,13.539999961853027,12.729999542236328,12.729999542236328,0.05105220084693407,0.004095260629314312,0.04292338270706031,0.04602997435533629,0.015364951881676674,1.0605303938749384,0.03278587352084372,1.851682095075266,0.03873117627504863,0.0445434592511218,-0.039016574337350174,2.8273166471749827,1750.157717150294
2025-09-08 15:30:00,13.484999656677246,13.5,13.239999771118164,13.300000190734863,887269,1h,1H,yfinance,730d,2026-04-02T03:04:46Z,-0.013718907723574092,-0.013718907723574092,13.012452556823737,12.948655033111573,12.916944007873536,12.824650001525878,13.424773507118225,13.012452556823737,12.916944007873536,12.824650001525878,13.424773507118225,0.014136567472174472,0.21215283198425744,674633.45,1.3151867877289514,59.156092507398256,0.26000022888183594,0.22261391879306516,0.016737888391020025,20.465967028361504,31.280900207588598,16.24441177013982,12.948655033111573,0.21215283198425744,13.372960697080087,12.524349369143058,0.06553663880665656,0.09582604162411457,0.036513606906580065,0.0593124347175345,13.539999961853027,12.729999542236328,12.729999542236328,0.02742375467591418,-0.005577753161747689,0.04068861256875622,0.028615613056944378,0.015502022132705934,1.0797229063237292,0.03278587352084372,1.998929165788169,0.02209788144513425,0.029655325797482313,-0.0378277889735289,1.6560945915129799,1750.157717150294
2025-09-08 16:30:00,13.300000190734863,13.44499969482422,13.274999618530272,13.44499969482422,681417,1h,1H,yfinance,730d,2026-04-02T03:04:46Z,0.010902218196234825,0.010902218196234825,13.053647522347593,12.97315502166748,12.926443996429443,12.83585000038147,13.416148505210877,13.053647522347593,12.926443996429443,12.83585000038147,13.416148505210877,0.014284358822261114,0.23816897984078633,686663.5,0.9923594307837827,62.311149642958405,0.17000007629394887,0.21885578718598545,0.01627785735616164,21.26403404585335,29.545329593386317,15.34311661794926,12.97315502166748,0.23816897984078633,13.449492981349053,12.496817061985908,0.07343440495176434,0.11769191236748355,0.052749267998760764,0.0649426443687228,13.539999961853027,12.729999542236328,12.779999732971191,0.04386642665863261,0.004857965607425463,0.043461346992229144,0.03782321682777656,0.01567982275208704,1.0381403931364594,0.03278587352084372,2.239818466483078,0.029980292619870452,0.04011588171797387,-0.03650112464029687,1.981134039672856,1750.157717150294
2025-09-08 17:30:00,13.44499969482422,13.505000114440918,13.4350004196167,13.484999656677246,755514,1h,1H,yfinance,730d,2026-04-02T03:04:46Z,0.0029750809044959414,0.0029750809044959414,13.094728677998036,13.011404991149902,12.931343994140626,12.847550001144409,13.406223502159119,13.094728677998036,12.931343994140626,12.847550001144409,13.406223502159119,0.013519713726854149,0.25525728750145676,688528.7,1.097287593095248,63.156655718131304,0.06999969482421875,0.20822320916014497,0.015441098588166516,22.224205508320164,30.894114981127096,14.974688674946304,13.011404991149902,0.25525728750145676,13.521919566152816,12.500890416146989,0.07847185993367438,0.13667295435278604,0.06953400526956582,0.06713894908322021,13.539999961853027,12.729999542236328,12.84000015258789,0.045348841507456106,0.03810622742732139,0.049416284541377475,0.060141460187809415,0.01567982275208704,0.9847750725441874,0.03278587352084372,2.3934655846148387,0.029803670490321066,0.0428150131020788,-0.035422317697598515,1.8553619767844667,1750.157717150294
2025-09-08 18:30:00,13.484999656677246,13.489999771118164,13.34000015258789,13.399999618530272,876264,1h,1H,yfinance,730d,2026-04-02T03:04:46Z,-0.006303302952246348,-0.006303302952246348,13.123802100905868,13.045404958724976,12.935543994903565,12.857699995040894,13.396722497940063,13.123802100905868,12.935543994903565,12.857699995040894,13.396722497940063,0.013659063659172273,0.2594315682158516,695492.6,1.259918509557111,60.07258458231922,0.14999961853027344,0.2040643812580113,0.015228685602036855,22.43191948265635,29.27204095253193,17.513743495821625,13.045404958724976,0.2594315682158516,13.56426809515668,12.526541822293273,0.07954726404789433,0.14320598472438562,0.08426840116052979,0.058937583563855825,13.539999961853027,12.729999542236328,12.90999984741211,0.02642660323935142,0.028001517099413453,-0.0037100689330865633,0.053459067392008786,0.01567982275208704,0.9712281728446108,0.03295728605579021,2.4136472861641716,0.021045541185457095,0.03590538007599031,-0.03442472613039571,1.3668138470730222,1750.157717150294
2025-09-08 19:30:00,13.399999618530272,13.579999923706056,13.395000457763672,13.550000190734863,2146438,1h,1H,yfinance,730d,2026-04-02T03:04:46Z,0.01119407287125318,0.01119407287125318,13.164392395175296,13.078044986724853,12.944543991088867,12.870149993896485,13.388697500228881,13.164392395175296,12.944543991088867,12.870149993896485,13.388697500228881,0.013559205788760763,0.279055448979702,773496.55,2.774980702887427,63.463312276611774,0.1849994659423846,0.2027026015926094,0.014959601382973569,22.986358960422084,30.535222750948023,16.372016943888482,13.078044986724853,0.279055448979702,13.636155884684257,12.51993408876545,0.08535081482376397,0.15865833639111138,0.09914638820664612,0.05951194818446526,13.539999961853027,12.729999542236328,13.239999771118164,0.057338188029196324,0.03632890159838742,0.004820210286429649,0.05061568237199099,0.015520225215176361,0.9638778545781288,0.033181245646959484,2.5722607201633183,0.029291727562062775,0.04677308061703811,-0.03317376534441985,1.6912595892164044,1750.157717150294
2025-09-09 13:30:00,13.640000343322754,13.880000114440918,13.593700408935549,13.789999961853027,1624470,1h,1H,yfinance,730d,2026-04-02T03:04:46Z,0.01771215998079989,0.01771215998079989,13.223974068192224,13.129254961013794,12.96024398803711,12.884849996566773,13.381347498893739,13.223974068192224,12.96024398803711,12.884849996566773,13.381347498893739,0.01361075630242791,0.30938429945216317,845445.15,1.9214374817810476,68.12716665872578,0.3299999237060547,0.21179526745785549,0.015358612621010882,24.475007684235088,37.25444677680741,14.549918917928267,13.129254961013794,0.30938429945216317,13.74802355991812,12.510486362109468,0.09425799114141771,0.18810208839707698,0.1169375282447323,0.07116456015234468,13.579999923706056,12.729999542236328,13.239999771118164,0.06982153565236238,0.05307366786193368,0.036842087525646106,0.08022994623003643,0.01542289550569609,0.9958319833872008,0.033181245646959484,2.840700802625079,0.04280300995313291,0.06402317538017188,-0.03146943989694928,2.1356772208843036,1750.157717150294
2025-09-09 14:30:00,13.795000076293944,13.81999969482422,13.470000267028809,13.55500030517578,949507,1h,1H,yfinance,730d,2026-04-02T03:04:46Z,-0.017041309450857356,-0.017041309450857356,13.255500376476371,13.161004972457885,12.976943988800048,12.896899995803834,13.371422500610352,13.255500376476371,12.976943988800048,12.896899995803834,13.371422500610352,0.01420852225551723,0.31872269465105735,884265.6,1.0737803212066601,60.04490257068108,0.34999942779541193,0.22166699319625238,0.016353152947669952,25.03746699690462,33.0528304994533,16.894990939829643,13.161004972457885,0.31872269465105735,13.79845036176,12.52355958315577,0.09686880152938189,0.19028053016656266,0.13160612862909837,0.05867440153746428,13.880000114440918,12.779999732971191,13.274999618530272,0.048337199168496436,0.037107928207804175,0.00818152568600694,0.04914862423623023,0.01542289550569609,1.0603166533567119,0.03379407404408828,2.8664434303779216,0.022594388758866435,0.0445448725735913,-0.029501611499621494,1.2361696839606817,1750.157717150294
2025-09-09 15:30:00,13.55500030517578,13.640000343322754,13.470000267028809,13.550000190734863,655505,1h,1H,yfinance,730d,2026-04-02T03:04:46Z,-0.0003688760109438194,-0.0003688760109438194,13.283547977834322,13.197004985809325,12.99354398727417,12.907399997711181,13.3606725025177,13.283547977834322,12.99354398727417,12.907399997711181,13.3606725025177,0.014060712761515928,0.31996218839338786,909412.05,0.7208008734874362,59.88212023396938,0.1700000762939453,0.2179764991318019,0.016086826277747844,25.55975064438347,31.211549532724497,15.953818133129216,13.197004985809325,0.31996218839338786,13.836929362596102,12.557080609022549,0.09698024324077836,0.18941997792039977,0.14316889848735867,0.046251079433041103,13.880000114440918,12.84000015258789,13.34000015258789,0.060250428313949334,0.04270875798871954,0.004820210286429649,0.05611849347703113,0.015600696125077198,1.0311607987728972,0.04037797773413461,2.4018103105444406,0.02005881360500661,0.04282559123251395,-0.027478296109297418,1.1032403756769424,1750.157717150294
2025-09-09 16:30:00,13.550000190734863,13.619999885559082,13.489999771118164,13.515000343322754,499113,1h,1H,yfinance,730d,2026-04-02T03:04:46Z,-0.0025830145327998544,-0.0025830145327998544,13.305591060261792,13.225505018234253,13.00524398803711,12.918550004959107,13.349847502708435,13.305591060261792,13.00524398803711,12.918550004959107,13.349847502708435,0.014034101440467475,0.3216275317646874,921707.95,0.5415088369369061,58.68286037259158,0.13000011444091797,0.2116924716538816,0.01566351951729478,26.044728317042402,29.842479653927256,15.254016547342012,13.225505018234253,0.3216275317646874,13.868760081763629,12.582249954704878,0.09727493394656878,0.18379511322833153,0.15129414143555325,0.03250097179277828,13.880000114440918,12.90999984741211,13.34000015258789,0.04889407087698516,0.049301259568304,0.008582143885545568,0.04403249609395021,0.01571190658964133,0.9969203564143864,0.05351270826431955,1.8177912705537347,0.015738442742794012,0.039196216215131585,-0.02581329221936146,0.9000949747682183,1750.157717150294
2025-09-09 17:30:00,13.515000343322754,13.56999969482422,13.460000038146973,13.5,405771,1h,1H,yfinance,730d,2026-04-02T03:04:46Z,-0.0011099032883240545,-0.0011099032883240545,13.324106197379717,13.256505012512207,13.017343978881836,12.930150003433228,13.338097500801087,13.324106197379717,13.017343978881836,12.930150003433228,13.338097500801087,0.013958406635188637,0.31667327384431965,926830.65,0.43780489995664257,58.145394145309105,0.10999965667724787,0.20442869915555065,0.015142866604114862,26.271940526570084,28.695498359265,15.715943831742566,13.256505012512207,0.31667327384431965,13.889851560200846,12.623158464823568,0.09555256790396142,0.17609702816773698,0.15625471878199002,0.019842309385746965,13.880000114440918,13.239999771118164,13.395000457763672,0.05058362639954472,0.023890752397295545,-0.0036900509248001256,0.04813663664986656,0.01571190658964133,0.963782881327615,0.06312282688830258,1.5137561578641603,0.013201170871399492,0.03707791865231358,-0.02404792151954105,0.7689154961889775,1750.157717150294
2025-09-09 18:30:00,13.5,13.609999656677246,13.4399995803833,13.460000038146973,1208321,1h,1H,yfinance,730d,2026-04-02T03:04:46Z,-0.0029629601372612724,-0.0029629601372612724,13.337048467928978,13.284505033493042,13.027643985748291,12.942505006790162,13.327647500038147,13.337048467928978,13.027643985748291,12.942505006790162,13.327647500038147,0.01400752274740794,0.30856712019971766,935738.85,1.2913015207180936,56.65526723069866,0.1700000762939453,0.20196951180829312,0.015005164282012743,26.64863471326038,28.38489959710455,14.771065841245399,13.284505033493042,0.30856712019971766,13.901639273892478,12.667370793093607,0.09291038527118772,0.16486808105600126,0.15797739123679228,0.006890689819208984,13.880000114440918,13.239999771118164,13.460000038146973,0.0007509620837535813,0.039374220681037464,-0.023930378870117952,0.04341088652532088,0.01571190658964133,0.9550186793947378,0.06948552187921045,1.3371186221022802,0.00921879908539358,0.03318758578847114,-0.022509862621216237,0.5687417523303926,1750.157717150294
2025-09-09 19:30:00,13.460000038146973,13.460000038146973,13.270000457763672,13.28499984741211,991379,1h,1H,yfinance,730d,2026-04-02T03:04:46Z,-0.01300150001774858,-0.01300150001774858,13.332091456451181,13.296005010604858,13.036943988800049,12.953255004882813,13.315962500572205,13.332091456451181,13.036943988800049,12.953255004882813,13.315962500572205,0.014193046335911228,0.3040523136251667,942656.65,1.0516862104563736,50.551404041270594,0.18999958038330078,0.20111451670650796,0.015138465864994696,25.772631877541148,26.46945961331863,19.81205165184099,13.296005010604858,0.3040523136251667,13.904109637855193,12.687900383354524,0.09147178069883573,0.14023150521404126,0.15442821403224208,-0.014196708818200815,13.880000114440918,13.274999618530272,13.4399995803833,-0.014831280263778446,0.024286782875715396,-0.01991888245554474,0.01761773549290102,0.01571190658964133,0.9635027918874787,0.07595313244271937,1.2043187391622046,-0.0035321996697138536,0.019027147683165824,-0.020953687107497232,-0.036194966127822664,1750.157717150294
2025-09-10 13:30:00,13.3100004196167,13.96500015258789,13.3100004196167,13.619999885559082,1667332,1h,1H,yfinance,730d,2026-04-02T03:04:46Z,0.02521641264544172,0.02521641264544172,13.35951130684241,13.336245012283324,13.052943992614747,12.967204999923705,13.306137499809266,13.35951130684241,13.052943992614747,12.967204999923705,13.306137499809266,0.014400566302651796,0.2907206659458868,995728.95,1.6744838040512933,59.538129462271606,0.6800003051757812,0.2353206444543132,0.017277580501584094,26.75991533141491,36.334652852272406,15.722737321766866,13.336245012283324,0.2907206659458868,13.917686344175099,12.75480368039155,0.08719715802405233,0.1460549145893122,0.1527535541436561,-0.00669863955434391,13.880000114440918,13.270000457763672,13.270000457763672,0.024060127085346883,0.028700915484141776,0.005166029065599709,0.0628004278407237,0.01571190658964133,1.099648881121467,0.07900956199078435,1.1036279132166684,0.01949836133476346,0.04344275845090362,-0.019028324876257163,0.9760395682657599,1750.157717150294
2025-09-10 14:30:00,13.609999656677246,13.609999656677246,13.379899978637695,13.44499969482422,876960,1h,1H,yfinance,730d,2026-04-02T03:04:46Z,-0.01284876594752471,-0.01284876594752471,13.367653058078773,13.363994979858399,13.069243984222412,12.978854999542236,13.296437497138976,13.367653058078773,13.069243984222412,12.978854999542236,13.296437497138976,0.014796774827362967,0.27273266897741666,1026938.2,0.8539559634649875,54.015519015489616,0.24009990692138672,0.23566202034481845,0.017527856131937195,27.676678538583403,33.69044631472866,14.578535807489871,13.363994979858399,0.27273266897741666,13.909460317813233,12.818529641903565,0.08163207764997434,0.13499284216556795,0.14920141174803847,-0.01420856958247052,13.96500015258789,13.270000457763672,13.270000457763672,0.0,0.019332837191304186,-0.005179478114709646,0.04305658159186665,0.01571190658964133,1.1155779237825343,0.08058967084893434,1.012934744490941,0.005786104442522477,0.02875114360520259,-0.01708679584027295,0.29701141146581617,1750.157717150294
2025-09-10 15:30:00,13.44499969482422,13.550000190734863,13.43000030517578,13.5,636676,1h,1H,yfinance,730d,2026-04-02T03:04:46Z,0.004090762843003359,0.004090762843003359,13.380257528737937,13.39249496459961,13.080943984985351,12.992954998016357,13.288412499427796,13.380257528737937,13.080943984985351,12.992954998016357,13.288412499427796,0.014801293970471032,0.25510421201900785,1037174.95,0.6138559362622478,55.415257012518104,0.11999988555908381,0.22740043928869455,0.016844476984347743,28.527958659525574,32.42055000480072,14.029026054691188,13.39249496459961,0.25510421201900785,13.902703388637626,12.882286540561594,0.07619318512146542,0.12917508507078246,0.14519614641258727,-0.01602106134180481,13.96500015258789,13.270000457763672,13.270000457763672,0.0011123725402044649,0.030534321136057363,0.0,0.04408350203952072,0.015863696561945202,1.0618254653682229,0.08058967084893434,0.9454460394098128,0.008949190327979917,0.03203560962386587,-0.015612738876925936,0.4214161520484017,1750.157717150294
2025-09-10 16:30:00,13.5,13.539999961853027,13.425000190734863,13.4350004196167,571505,1h,1H,yfinance,730d,2026-04-02T03:04:46Z,-0.004814783732096317,-0.004814783732096317,13.385471137393058,13.425244998931884,13.091543998718262,13.005705003738404,13.278787503242492,13.385471137393058,13.091543998718262,13.005705003738404,13.278787503242492,0.014555223882602924,0.21292817917788048,1035073.7,0.5521394273663798,53.34850736186914,0.11499977111816406,0.21937182013365666,0.016328382082768506,29.28225663880879,31.206578535914993,13.666522357761632,13.425244998931884,0.21292817917788048,13.851101357287645,12.999388640576123,0.06344113025715983,0.11795978081983804,0.13974887329403743,-0.021789092474199384,13.96500015258789,13.270000457763672,13.270000457763672,0.002612000155434835,0.03306422924966412,-0.0018573267800462423,0.051252010980537666,0.015875172897521314,1.0285482991695765,0.08058967084893434,0.7872116809619496,0.003700227038350379,0.026234981980128858,-0.014100948936678792,0.0458155455162441,1750.157717150294
2025-09-10 17:30:00,13.435199737548828,13.789999961853027,13.395000457763672,13.704999923706056,839231,1h,1H,yfinance,730d,2026-04-02T03:04:46Z,0.020096724648785758,0.020096724648785758,13.415902450375247,13.466244983673096,13.107243995666504,13.021055002212524,13.269912505149842,13.415902450375247,13.107243995666504,13.021055002212524,13.269912505149842,0.015007453018007282,0.18159661631670818,1048314.05,0.800553040379455,60.018886286489845,0.39499950408935547,0.23191665470192088,0.016922047135568812,30.69373558285095,35.10989487732006,12.003896260813061,13.466244983673096,0.18159661631670818,13.829438216306512,13.103051751039681,0.053941278073250935,0.12936701250705518,0.13767250113664098,-0.0083054886295858,13.96500015258789,13.270000457763672,13.270000457763672,0.01143909452319991,0.077437078301833,0.0316146090416225,0.06363986653148701,0.016182341816954743,1.0457106472586717,0.08058967084893434,0.669332403334468,0.021548865191899358,0.045605005006176924,-0.012258446272363055,1.3147543433109272,1750.157717150294
2025-09-10 18:30:00,13.710000038146973,14.079999923706056,13.710000038146973,13.984999656677246,3063322,1h,1H,yfinance,730d,2026-04-02T03:04:46Z,0.020430480447275468,0.020430480447275468,13.470102184308772,13.522994947433471,13.129043979644775,13.037255001068115,13.263787503242492,13.470102184308772,13.129043979644775,13.037255001068115,13.263787503242492,0.015394061235400406,0.15564132716543538,1148680.95,2.666817100083361,65.524162580976,0.375,0.24213689365178367,0.017314043589280573,32.62150927808972,39.78074312810879,10.675998926754222,13.522994947433471,0.15564132716543538,13.834277601764342,13.2117122931026,0.04603753170667996,0.15916619537642696,0.14197123998459818,0.017194955391828776,13.96500015258789,13.270000457763672,13.3100004196167,0.014140659562265512,0.09944963546324836,0.0267988086773161,0.0883267892228421,0.01628642791355284,1.0630964433196919,0.08058967084893434,0.571258465529379,0.0382252090832893,0.06519558304165485,-0.010158751681205502,2.968393534402966,1750.157717150294
2025-09-10 19:30:00,13.984999656677246,14.029999732971191,13.90999984741211,13.970000267028809,2092746,1h,1H,yfinance,730d,2026-04-02T03:04:46Z,-0.0010725341449169257,-0.0010725341449169257,13.517711525520204,13.548999977111816,13.149043979644775,13.051905002593994,13.255937504768372,13.517711525520204,13.149043979644775,13.051905002593994,13.255937504768372,0.011965440285350633,0.18240477786155937,1138406.7,1.838311387310001,65.00775801449228,0.11999988555908203,0.23341282164516214,0.016708147257237328,34.411584852240004,38.31990875467611,10.283953304260232,13.548999977111816,0.18240477786155937,13.913809532834934,13.184190421388697,0.05385040317948001,0.17950274123800902,0.14947754023528034,0.03002520100272868,14.079999923706056,13.270000457763672,13.379899978637695,0.030616005349300313,0.08043309646610952,0.03904801666947533,0.03866947755700423,0.01628642791355284,1.025893912767302,0.08058967084893434,0.668204778754126,0.03345897274510734,0.062434674996517225,-0.008063822350184324,2.3080551663867133,1750.157717150294
2025-09-11 13:30:00,13.8100004196167,14.0,13.609999656677246,13.729999542236328,1424108,1h,1H,yfinance,730d,2026-04-02T03:04:46Z,-0.01717972227666431,-0.01717972227666431,13.53792943187412,13.56124997138977,13.163843975067138,13.063354997634887,13.247737503051757,13.53792943187412,13.163843975067138,13.063354997634887,13.247737503051757,0.012669175788301115,0.18588889344146406,1142642.4,1.2463286851599416,57.23501915922111,0.3900003433227539,0.244597644622133,0.01781483268587882,34.16999068720878,33.9556634904914,17.873465049518224,13.56124997138977,0.18588889344146406,13.933027758272699,13.189472184506842,0.05482942762168232,0.174244960191837,0.1544310242265917,0.019813935965245305,14.079999923706056,13.270000457763672,13.395000457763672,0.013284084794666251,0.06475370723774798,0.01703700312861689,0.018168327163268883,0.016303119719465076,1.0927253797080836,0.08058967084893434,0.6803530408315018,0.014187554406214664,0.04300837720665118,-0.006332668349240289,0.9077980277487446,1750.157717150294
2025-09-11 14:30:00,13.739999771118164,13.994999885559082,13.630000114440918,13.920000076293944,777280,1h,1H,yfinance,730d,2026-04-02T03:04:46Z,0.013838349627990576,0.013838349627990576,13.574317112295056,13.592249965667724,13.185643978118897,13.076855001449585,13.240487504005433,13.574317112295056,13.185643978118897,13.076855001449585,13.240487504005433,0.012492868893596779,0.19135357470788356,1137142.95,0.6835376326256959,61.191116663629316,0.36499977111816406,0.25319779651470664,0.01818949677636194,33.94565324825121,30.459297754522808,16.033060110893853,13.592249965667724,0.19135357470788356,13.974957115083491,13.209542816251957,0.056312553165581244,0.18329665627488012,0.16020415063624938,0.023092505638630745,14.079999923706056,13.270000457763672,13.395000457763672,0.029966683143392236,0.07531868709580247,0.036099712804555484,0.04661653208027694,0.016303119719465076,1.1157065082853208,0.08058967084893434,0.6987564606280543,0.025465956124288702,0.05569360885169394,-0.004142107748672075,1.712798473331663,1750.157717150294
2025-09-11 15:30:00,13.920000076293944,13.920000076293944,13.765000343322754,13.845000267028809,519276,1h,1H,yfinance,730d,2026-04-02T03:04:46Z,-0.0053879173027349125,-0.0053879173027349125,13.600096460364936,13.612249994277954,13.205443992614747,13.087905006408691,13.233187503814698,13.600096460364936,13.205443992614747,13.087905006408691,13.233187503814698,0.012440213483111685,0.1957707665557037,1129035.9,0.4599286878300327,58.875824879721236,0.15499973297118963,0.24618364911874116,0.017781411655514046,33.73733991207633,29.089477461147368,15.312018828793065,13.612249994277954,0.1957707665557037,14.003791527389362,13.220708461166547,0.05752781990868461,0.1823166994039802,0.16462666038979556,0.017690039014184644,14.079999923706056,13.270000457763672,13.395000457763672,0.025555575335467262,0.07995324466492848,0.010215275016571823,0.029750879976484734,0.016340767515219227,1.088162574919021,0.08058967084893434,0.7138361442934881,0.018007505121570455,0.04843125871206899,-0.002096510095693338,1.1888918700465345,1750.157717150294
2025-09-11 16:30:00,13.845000267028809,13.954999923706056,13.729999542236328,13.729999542236328,740325,1h,1H,yfinance,730d,2026-04-02T03:04:46Z,-0.008306299933149797,-0.008306299933149797,13.612468182447925,13.624499988555907,13.22729398727417,13.098004999160766,13.22508749961853,13.612468182447925,13.22729398727417,13.098004999160766,13.22508749961853,0.012617041160429455,0.19508907211641466,1128276.45,0.6561556788675329,55.413573389544815,0.22500038146972834,0.2446705585723831,0.017820143243248165,33.31892258047458,27.178703011821597,15.328037462003557,13.624499988555907,0.19508907211641466,14.014678132788736,13.234321844323079,0.05727595795230131,0.170297396750696,0.16576080766197565,0.004536589088720344,14.079999923706056,13.3100004196167,13.609999656677246,0.020059398463904143,0.0709828291009631,-0.018233830582839228,0.018168327163268883,0.01653065010245364,1.0780061965380978,0.08058967084893434,0.7107109056155015,0.008634096198656183,0.03800516987418634,0.00016684106291942058,0.5407763363468474,1750.157717150294
2025-09-11 17:30:00,13.734999656677246,13.845000267028809,13.6850004196167,13.71500015258789,1095552,1h,1H,yfinance,730d,2026-04-02T03:04:46Z,-0.0010924537617278407,-0.0010924537617278407,13.622233131985064,13.64025001525879,13.248393993377686,13.108762998580932,13.219937500953675,13.622233131985064,13.248393993377686,13.108762998580932,13.219937500953675,0.012517360888123125,0.18894754800079056,1139240.85,0.9616509099019754,54.95960781116275,0.15999984741210938,0.23862265063236354,0.017398661901388147,32.6361704210136,25.877009934240597,15.940908453530922,13.64025001525879,0.18894754800079056,14.01814511126037,13.26235491925721,0.05540882250381698,0.1577433206059311,0.16415731025076674,-0.006413989644835638,14.079999923706056,13.379899978637695,13.609999656677246,0.032367354920184166,0.0859065738967335,-0.018253407986165482,0.02350750321082229,0.016776312120792537,1.0370969362106868,0.07891263138571988,0.7021540345421027,0.00680997158865293,0.03521982811225577,0.0021525436426577116,0.3956131641824116,1750.157717150294
2025-09-11 18:30:00,13.71500015258789,13.859999656677246,13.640000343322754,13.760000228881836,1181054,1h,1H,yfinance,730d,2026-04-02T03:04:46Z,0.003281084636769238,0.003281084636769238,13.635353807879994,13.650750017166137,13.267693996429443,13.119263000488282,13.21519950389862,13.635353807879994,13.267693996429443,13.119263000488282,13.21519950389862,0.012319994365023719,0.18947474765061792,1090971.65,1.082570752411394,56.12102327571845,0.2199993133544922,0.23729241225537273,0.017245087813102133,31.705812686365427,24.163354387876858,16.23982196520463,13.650750017166137,0.18947474765061792,14.029699512467372,13.271800521864902,0.055520684918366724,0.14969961095919793,0.161265770392453,-0.011566159433255063,14.079999923706056,13.395000457763672,13.609999656677246,0.01027902676204806,0.06542781800423403,0.0021850464417876303,0.015498157578666794,0.016883262059958278,1.0214310334021286,0.06981715768931263,0.795229808200365,0.009141414499256095,0.03710563663775179,0.003972281501716024,0.5765951034126753,1750.157717150294
2025-09-11 19:30:00,13.770000457763672,13.789999961853027,13.68000030517578,13.720000267028809,2190347,1h,1H,yfinance,730d,2026-04-02T03:04:46Z,-0.002906973923522793,-0.002906973923522793,13.643415375417977,13.647250032424926,13.282693996429444,13.129413003921508,13.209124503135682,13.643415375417977,13.282693996429444,13.129413003921508,13.209124503135682,0.011713145666954602,0.1875064868334255,1119265.5,1.9569503393073404,54.769099967836766,0.10999965667724787,0.22820007257122096,0.016632658026954964,30.84190907562069,23.33138999525018,15.680671385332099,13.647250032424926,0.1875064868334255,14.022263006091777,13.272237058758076,0.05495802784822512,0.13850070062138187,0.1567127564382388,-0.01821205581685692,14.079999923706056,13.395000457763672,13.630000114440918,0.02045374328349392,0.0631538590407994,-0.014367802310988442,-0.005076120015798158,0.016883262059958278,0.9851566579898285,0.06048447508292222,0.9086303183234951,0.005613322581149216,0.03292301025055,0.0055695964767610295,0.3879878282211701,1750.157717150294
2025-09-12 13:30:00,13.75,13.8100004196167,13.510000228881836,13.800000190734863,1226283,1h,1H,yfinance,730d,2026-04-02T03:04:46Z,0.00583089811581905,0.00583089811581905,13.658328214971966,13.659500026702881,13.29869400024414,13.137963008880615,13.203924503326416,13.658328214971966,13.29869400024414,13.137963008880615,13.203924503326416,0.011112847652213147,0.18907604337702974,1133104.3,1.0822331183457692,57.000144063821494,0.3000001907348633,0.23332865244005258,0.016907873131531283,28.945471466481674,21.18866697483378,19.444768291550517,13.659500026702881,0.18907604337702974,14.037652113456941,13.281347939948821,0.055368364290759184,0.13453003030338806,0.15227621121126864,-0.017746180907880577,14.079999923706056,13.395000457763672,13.640000343322754,0.022222236350730507,0.06811146356381026,-0.003250276303794042,0.018074502400825088,0.016914960133550046,0.9995810216540383,0.05740188893049296,0.9645739072768819,0.01037257075193132,0.03769589634001047,0.007177373431198397,0.7430881328091669,1750.157717150294
2025-09-12 14:30:00,13.800000190734863,13.824999809265137,13.6899995803833,13.720000267028809,579929,1h,1H,yfinance,730d,2026-04-02T03:04:46Z,-0.005797095840604838,-0.005797095840604838,13.664201743739286,13.668000030517579,13.314994010925293,13.147563009262084,13.1985995054245,13.664201743739286,13.314994010925293,13.147563009262084,13.1985995054245,0.011207807844186273,0.1877791345288033,1129325.5,0.5135180246970427,54.12502573289263,0.13500022888183594,0.2263051936144657,0.01649454731850921,27.266688894119042,20.759241842992434,18.61622592487578,13.668000030517579,0.1877791345288033,14.043558299575185,13.292441761459973,0.05495438516521347,0.12350424021099116,0.14652181701121314,-0.023017576800221984,14.079999923706056,13.510000228881836,13.510000228881836,0.021213236956507675,0.06397826909485915,-0.0007282793547632727,0.01254613091519996,0.016914960133550046,0.9751455036416571,0.05679425555894128,0.9676046393139464,0.004083555288188601,0.030417306667295252,0.008818701215455249,0.2769223356030192,1750.157717150294
2025-09-12 15:30:00,13.71500015258789,13.720000267028809,13.529999732971191,13.578499794006348,494816,1h,1H,yfinance,730d,2026-04-02T03:04:46Z,-0.010313445354845019,-0.010313445354845019,13.656039653288529,13.671175003051758,13.330164012908936,13.15450400352478,13.192267003059387,13.656039653288529,13.330164012908936,13.15450400352478,13.192267003059387,0.01144467803558333,0.18569058219653012,1129110.65,0.43823517207990204,49.380545358876134,0.1900005340576172,0.22371200364611937,0.016475458043227097,25.844337176688693,19.499884476469198,22.595478481167437,13.671175003051758,0.18569058219653012,14.042556167444818,13.299793838658697,0.05433054061705137,0.1021705579292771,0.13765156519482594,-0.03548100726554884,14.079999923706056,13.510000228881836,13.510000228881836,-0.009230217468363278,0.046915922471059135,-0.009952632669550932,0.004698442402553571,0.016914960133550046,0.9740169597295582,0.05591661904197398,0.9716349369454542,-0.005678063424743307,0.018629611822999603,0.010452866805801486,-0.4990840566557388,1750.157717150294
2025-09-12 16:30:00,13.574999809265137,13.600000381469728,13.520000457763672,13.53499984741211,445672,1h,1H,yfinance,730d,2026-04-02T03:04:46Z,-0.003203590032342163,-0.003203590032342163,13.644512052728869,13.672924995422363,13.343032016754151,13.160254001617432,13.185342001914979,13.644512052728869,13.343032016754151,13.160254001617432,13.185342001914979,0.011466645602590104,0.1842283078421306,1131105.7,0.39401445859569095,47.987908528819005,0.07999992370605646,0.21344685507897204,0.01576999316477887,24.577194820324284,18.97784443522826,22.325184021237206,13.672924995422363,0.1842283078421306,14.041381611106624,13.304468379738102,0.05389580002927226,0.08082171643689229,0.12628559544323922,-0.045463879006346936,14.079999923706056,13.510000228881836,13.510000228881836,-0.03217732000803308,0.04195535688196794,-0.016351771637144075,0.002592581289785789,0.016914960133550046,0.9323103950744651,0.05546475371109185,0.9717125998613092,-0.008026099056789415,0.01438712208866133,0.011959493717817127,-0.7486642504931711,1750.157717150294
2025-09-12 17:30:00,13.53499984741211,13.713000297546388,13.53499984741211,13.704999923706056,533801,1h,1H,yfinance,730d,2026-04-02T03:04:46Z,0.012560035331396824,0.012560035331396824,13.650272802345745,13.685174989700318,13.358532009124756,13.169703998565673,13.178617000579834,13.650272802345745,13.358532009124756,13.169703998565673,13.178617000579834,0.011748526743593066,0.17769241748101997,1097379.7,0.486432362472169,53.50639851895113,0.17800045013427912,0.21091496901149398,0.015389636642512226,22.935809759806126,21.660688207614406,20.979383448571937,13.685174989700318,0.17769241748101997,14.040559824662358,13.329790154738278,0.05193719995973865,0.0767356305681659,0.11637560246822456,-0.03963997190005866,14.079999923706056,13.510000228881836,13.510000228881836,-0.01896924396975075,0.06819953275161428,-0.0010933194628865994,0.018202071683858012,0.016914960133550046,0.9098239972784559,0.05538859339728808,0.9376876496430687,0.004009232793567907,0.025936076983956058,0.013652040159980894,0.11156882373923441,1750.157717150294
2025-09-12 18:30:00,13.699999809265137,13.75,13.649999618530272,13.668999671936035,531642,1h,1H,yfinance,730d,2026-04-02T03:04:46Z,-0.0026267969332673946,-0.0026267969332673946,13.652056313735295,13.704374980926513,13.372812004089356,13.178393993377686,13.171736998558044,13.652056313735295,13.372812004089356,13.178393993377686,13.171736998558044,0.011342155047005672,0.1523549486794995,1074392.85,0.4948301731531441,52.242304510451895,0.10000038146972834,0.20299249847279643,0.014850574536888931,21.627279655581663,22.200431292155894,20.2411625207612,13.704374980926513,0.1523549486794995,14.009084878285512,13.399665083567514,0.04446899589117898,0.06978798616436777,0.10705807920745321,-0.03727009304308544,14.079999923706056,13.510000228881836,13.510000228881836,-0.0044428166303024375,0.0633216770662055,-0.009492791086103014,0.028904766950277994,0.016914960133550046,0.8779550421424582,0.05516319606949215,0.8061352325408939,0.0012410846989909796,0.022148495601082674,0.015265640784759338,-0.23219008832391028,1750.157717150294
2025-09-12 19:30:00,13.664999961853027,13.670000076293944,13.5600004196167,13.600000381469728,1029151,1h,1H,yfinance,730d,2026-04-02T03:04:46Z,-0.0050478668609503785,-0.0050478668609503785,13.64709860590048,13.703375005722046,13.390412006378174,13.18499400138855,13.164587001800538,13.64709860590048,13.390412006378174,13.18499400138855,13.164587001800538,0.010017178485233409,0.15296985144595782,1042483.8,0.9872105446626604,49.81322312204742,0.10999965667724432,0.196350152630257,0.014437510817851742,20.308544076078245,21.31206215470609,22.705200389767324,13.703375005722046,0.15296985144595782,14.009314708613962,13.39743530283013,0.044651730360464645,0.058045153432860985,0.09725549405253477,-0.03921034061967378,14.079999923706056,13.510000228881836,13.520000457763672,-0.02298848369758144,0.07616226205589638,-0.008746347173728353,-0.0014683923830688395,0.016876175057939515,0.8554966257629281,0.0549562065067193,0.8124965895345276,-0.0034511529366679783,0.01565212295123719,0.017153975627701046,-0.6757843017768685,1750.157717150294
2025-09-15 13:30:00,13.630000114440918,13.770000457763672,13.529999732971191,13.600000381469728,919137,1h,1H,yfinance,730d,2026-04-02T03:04:46Z,0.0,0.0,13.642613060716599,13.711125040054322,13.408012008666992,13.194094009399414,13.157762002944946,13.642613060716599,13.408012008666992,13.194094009399414,13.157762002944946,0.00957636608341982,0.14330435444233766,1044592.65,0.8798999303699868,49.81322312204742,0.24000072479248047,0.19946805064184442,0.014666768018155618,19.23411709395103,23.061403453547722,20.753844366094743,13.711125040054322,0.14330435444233766,13.997733748938996,13.424516331169647,0.04180673840365461,0.04818344512831452,0.08744108426769072,-0.0392576391393762,14.079999923706056,13.510000228881836,13.520000457763672,-0.017695910497202094,0.07424964813485113,0.0015834287873885966,0.011528500570005651,0.016776312120792537,0.87425459854062,0.05489190639344789,0.7616193561214122,-0.0031234983398871208,0.014318929061119201,0.019019192296230614,-0.7754450938844799,1750.157717150294
2025-09-15 14:30:00,13.609999656677246,13.760000228881836,13.604499816894531,13.710000038146973,790106,1h,1H,yfinance,730d,2026-04-02T03:04:46Z,0.008088209822929127,0.008088209822929127,13.64903086809092,13.72162504196167,13.424268016815185,13.202594013214112,13.151637001037598,13.64903086809092,13.424268016815185,13.202594013214112,13.151637001037598,0.009687809824162062,0.134897227979854,1052264.15,0.7508627942898178,53.78612801603435,0.1599998474121076,0.1966488932682918,0.014343464093445082,18.236434896261475,21.721153626140648,19.547701973862637,13.72162504196167,0.134897227979854,13.991419497921378,13.451830586001961,0.03932398023334093,0.048682837785579025,0.07968943497126839,-0.031006597185689364,14.079999923706056,13.510000228881836,13.520000457763672,-0.0014566281686924087,0.07151230608808712,0.012929456424657593,0.015555558381257217,0.016670402642096148,0.8604149762540784,0.05457998411936685,0.7204835411336706,0.0044669230105258695,0.021284737534581488,0.020729816049217087,-0.08617674350159864,1750.157717150294
2025-09-15 15:30:00,13.700200080871582,13.765000343322754,13.649999618530272,13.68000030517578,442901,1h,1H,yfinance,730d,2026-04-02T03:04:46Z,-0.0021881643244143767,-0.0021881643244143767,13.651980338289478,13.733875036239624,13.442552013397217,13.205294017791749,13.144811000823974,13.651980338289478,13.442552013397217,13.205294017791749,13.144811000823974,0.009628168872180562,0.11843203530187245,1045833.95,0.42349074630824524,52.56399638886131,0.11500072479248225,0.1908168812343054,0.013948602118240488,17.341934359644235,20.973264957276736,18.706207133184428,13.733875036239624,0.11843203530187245,13.97073910684337,13.497010965635878,0.0344934069923793,0.0461261685730765,0.07297678169163002,-0.026850613118553524,14.079999923706056,13.510000228881836,13.529999732971191,-0.002551939265236336,0.05474171345638834,-0.0018241239452350122,0.018235941786898024,0.016670402642096148,0.8367285672523253,0.054135909345151154,0.6371631586062719,0.0020524470583740406,0.017663929553102253,0.0226508401341472,-0.45489998484382016,1750.157717150294
2025-09-15 16:30:00,13.68000030517578,13.770000457763672,13.68000030517578,13.744999885559082,700286,1h,1H,yfinance,730d,2026-04-02T03:04:46Z,0.004751431208573242,0.004751431208573242,13.660839342791345,13.735875034332276,13.45905200958252,13.20894401550293,13.138885998725891,13.660839342791345,13.45905200958252,13.20894401550293,13.138885998725891,0.008631677453857938,0.11826515336649729,1038886.7,0.674073505801932,54.952345101726685,0.0900001525878924,0.1836156863309902,0.01335872592650237,16.54536558935555,20.433478519147588,18.051282736485362,13.735875034332276,0.11826515336649729,13.97240534106527,13.499344727599281,0.03443978722022391,0.048782577527498816,0.06813794085880379,-0.01935536333130497,14.079999923706056,13.510000228881836,13.529999732971191,-0.001090141211718021,0.05730768350454474,0.005560042098697426,0.002918640063896305,0.01656360267273209,0.8065108895961527,0.05411317032316182,0.6364400203231634,0.006160715359861735,0.02124576647545262,0.024367820139977958,0.07715587362009219,1750.157717150294
2025-09-15 17:30:00,13.744999885559082,13.760000228881836,13.6850004196167,13.6899995803833,580270,1h,1H,yfinance,730d,2026-04-02T03:04:46Z,-0.004001477310564883,-0.004001477310564883,13.663616508276293,13.721125030517578,13.476252002716064,13.21224401473999,13.133285994529723,13.663616508276293,13.476252002716064,13.21224401473999,13.133285994529723,0.007306896322036229,0.10378418896485216,914734.1,0.6343592088673637,52.541701509989586,0.07499980926513672,0.17585740939771496,0.012845684060480533,15.805694588373203,19.811015209320146,17.501388053196145,13.721125030517578,0.10378418896485216,13.928693408447282,13.513556652587875,0.030255300125615718,0.04592039407289583,0.0636944315016222,-0.017774037428726366,14.079999923706056,13.520000457763672,13.529999732971191,-0.002186638925773532,0.06082912542853447,0.006617587969791394,-0.021094035290383117,0.016485002680868152,0.7792345751565288,0.05411317032316182,0.559111579397995,0.0019308996334188588,0.015861055256621626,0.026114257188124324,-0.29990551012369265,1750.157717150294
2025-09-15 18:30:00,13.6899995803833,13.726499557495115,13.649999618530272,13.71500015258789,809122,1h,1H,yfinance,730d,2026-04-02T03:04:46Z,0.0018261923280415981,0.0018261923280415981,13.668510188686922,13.708375024795533,13.491652011871338,13.216694011688233,13.129385995864869,13.668510188686922,13.491652011871338,13.216694011688233,13.129385995864869,0.007333488614587752,0.08668060205280195,850552.9,0.9512894494863282,53.53940406378539,0.07649993896484375,0.16876044722393846,0.012304808264409313,14.819897836167398,19.169555893435746,18.416135650551173,13.708375024795533,0.08668060205280195,13.881736228901136,13.53501382068993,0.02529274312849333,0.0451489809544352,0.0599853413921848,-0.0148363604377496,14.029999732971191,13.520000457763672,13.529999732971191,-0.006159422968996853,0.06981282988056581,0.00845586528621367,-0.018253407986165482,0.016122725604002984,0.7631965318168195,0.05411317032316182,0.4674045704113438,0.0034012458753147623,0.016554543544410105,0.027591999817856427,0.07643149257687384,1750.157717150294
2025-09-15 19:30:00,13.71500015258789,13.744999885559082,13.609999656677246,13.640000343322754,1546266,1h,1H,yfinance,730d,2026-04-02T03:04:46Z,-0.0054684512162389565,-0.0054684512162389565,13.665794965318906,13.703875064849854,13.506852016448974,13.218794012069703,13.12433599948883,13.665794965318906,13.506852016448974,13.218794012069703,13.12433599948883,0.006420432679619932,0.08777044490214918,856660.8,1.8049921275725467,50.13438530882058,0.13500022888183594,0.16634900305664543,0.012195674403929099,13.955239489403569,18.05834032271881,19.06615185123383,13.703875064849854,0.08777044490214918,13.879415954654151,13.528334175045556,0.025619160853933388,0.038047188388002695,0.055597710791348384,-0.01755052240334569,14.0,13.520000457763672,13.604499816894531,-0.00583089811581905,0.05805336096303093,-0.0051057399437964834,-0.0065549309478647455,0.015579814903645548,0.7827868610348774,0.052916499994505456,0.48414314734711356,-0.0018875317580582252,0.009857835616443378,0.02914555197116586,-0.7277474963048245,1750.157717150294
2025-09-16 13:30:00,13.6899995803833,14.139900207519531,13.65999984741211,13.954999923706056,1206725,1h,1H,yfinance,730d,2026-04-02T03:04:46Z,0.023093810297263317,0.023093810297263317,13.693338294689111,13.705625057220459,13.52795202255249,13.224598007202149,13.121861000061035,13.693338294689111,13.52795202255249,13.224598007202149,13.121861000061035,0.00764096023043374,0.09229448647246523,878133.05,1.3741938081023142,61.27425790717543,0.49989986419677734,0.19017406456665487,0.013627665038076902,15.18351270874897,29.499989991898453,15.486286087238932,13.705625057220459,0.09229448647246523,13.890214030165389,13.52103608427553,0.026936235622130014,0.05717769135498685,0.05591370690407608,0.0012639844509107698,13.994999885559082,13.529999732971191,13.609999656677246,0.027727667666637146,0.07927297713364911,0.020102310847627036,0.0025143568405374683,0.015120105589700578,0.9012943036164848,0.04829446516010165,0.5577499519423877,0.019108680687340396,0.03156781606274417,0.030947669883834905,2.701947602904698,1750.157717150294
2025-09-16 14:30:00,13.9399995803833,14.0802001953125,13.80500030517578,13.829999923706056,1140343,1h,1H,yfinance,730d,2026-04-02T03:04:46Z,-0.008957363001317997,-0.008957363001317997,13.70635368792882,13.704875040054322,13.543452014923096,13.2290980052948,13.118161001205443,13.70635368792882,13.543452014923096,13.2290980052948,13.118161001205443,0.007808189542077196,0.09121344540513739,909186.4,1.2542455540470028,55.93425350994441,0.2751998901367205,0.19624733782165957,0.014189973890402649,16.324052126712555,26.54512042528828,13.935100630173766,13.704875040054322,0.09121344540513739,13.887301930864597,13.522448149244047,0.026622189589778526,0.06154286956154209,0.05703953943556928,0.004503330125972808,14.139900207519531,13.529999732971191,13.609999656677246,0.021795351283314,0.06754149017005062,0.006184069760253541,-0.0010834483953369167,0.014758671277522274,0.9614668979052498,0.04456036312582182,0.5974410377807606,0.00902108894841458,0.02115767150555281,0.03242001784233106,1.3717811348532516,1750.157717150294
2025-09-16 15:30:00,13.835000038146973,13.850000381469728,13.760000228881836,13.821000099182127,412371,1h,1H,yfinance,730d,2026-04-02T03:04:46Z,-0.0006507465346042851,-0.0006507465346042851,13.717272393762467,13.709425067901611,13.563568019866944,13.23740800857544,13.11291600227356,13.717272393762467,13.563568019866944,13.23740800857544,13.11291600227356,0.007577008426895088,0.09456151070410271,892788.7,0.46189092671087795,55.558826657890506,0.0900001525878924,0.18865825316210477,0.01365011589669758,16.99197388289587,25.640588080730726,15.164022083931473,13.709425067901611,0.09456151070410271,13.898548089309816,13.520302046493406,0.027590219206348215,0.06354360301421025,0.05834035215129748,0.0052032508629127686,14.139900207519531,13.529999732971191,13.609999656677246,0.008464077061060005,0.08655658876102335,0.00956906667744084,0.006627863072089957,0.014552139418003679,0.9380143705749459,0.0431378671474168,0.6395823676692923,0.0075618317142136515,0.01897967252703081,0.03436703304705446,1.1799201435100939,1750.157717150294
2025-09-16 16:30:00,13.824999809265137,14.0,13.795000076293944,13.975000381469728,1036860,1h,1H,yfinance,730d,2026-04-02T03:04:46Z,0.011142484710402023,0.011142484710402023,13.741817916401255,13.722425079345703,13.585268020629883,13.246808013916016,13.109041004180908,13.741817916401255,13.585268020629883,13.246808013916016,13.109041004180908,0.00792122671521628,0.11089561438340656,889854.1,1.1652022505711892,60.45053201060451,0.20499992370605646,0.18982551534381562,0.01358322076295013,18.304199569232242,29.306978854328058,13.994292471731509,13.722425079345703,0.11089561438340656,13.944216308112516,13.50063385057889,0.03232536923821752,0.07667190840304094,0.06200666340164618,0.014665245001394767,14.139900207519531,13.529999732971191,13.609999656677246,0.022386474275944757,0.09866352893827957,0.01895736244908308,0.01895736244908308,0.014390487455648412,0.9439027555399855,0.04056535931849777,0.7968712660577169,0.01696882221020868,0.028687866904651305,0.036328135391222816,2.277595047634442,1750.157717150294
2025-09-16 17:30:00,13.979999542236328,14.039999961853027,13.907500267028809,14.03499984741211,648219,1h,1H,yfinance,730d,2026-04-02T03:04:46Z,0.004293342705159242,0.004293342705159242,13.769740005068956,13.736175060272217,13.607368011474609,13.256408014297484,13.104366002082825,13.769740005068956,13.607368011474609,13.256408014297484,13.104366002082825,0.007939041762891475,0.1300896998322671,863212.35,0.750938051338121,62.196427210494114,0.13249969482421875,0.18573081387813012,0.013233403341459723,19.689286396238554,29.351909636696433,13.28118690510602,13.736175060272217,0.1300896998322671,13.99635445993675,13.475995660607683,0.037882365145014,0.09087014599478849,0.06777935992027465,0.02309078607451384,14.139900207519531,13.604499816894531,13.609999656677246,0.03198525395154217,0.0882207183924748,0.0289589071955354,0.01998543706075373,0.014266718991923865,0.9275715985540134,0.03860317268917747,0.9813277641719447,0.01926396883641268,0.03142649155787458,0.03838430713182439,2.297067235339818,1750.157717150294
2025-09-16 18:30:00,14.03499984741211,14.050000190734863,13.954999923706056,13.9975004196167,707800,1h,1H,yfinance,730d,2026-04-02T03:04:46Z,-0.002671850958539501,-0.002671850958539501,13.791431473121122,13.750050067901611,13.631718025207519,13.265433015823364,13.099703502655029,13.791431473121122,13.631718025207519,13.265433015823364,13.099703502655029,0.007933388251377758,0.14188826639555782,789085.0,0.8969882838984393,60.4017394129435,0.09500026702880682,0.17925006053174988,0.012805862129537151,21.018256706351956,28.639251433401075,12.778411102607526,13.750050067901611,0.14188826639555782,14.033826600692727,13.466273535110496,0.04127643628783131,0.09796715675114065,0.07381691928644785,0.024150237464692803,14.139900207519531,13.609999656677246,13.65999984741211,0.029227943161573178,0.09648434861965316,0.0030455389568613267,0.020225958249779685,0.014069288004321568,0.9101997290554903,0.03860317268917747,1.0692498417209966,0.014941809840203879,0.026833183736105992,0.04061271481790896,1.7439803727338723,1750.157717150294
2025-09-16 19:30:00,13.994999885559082,14.109999656677246,13.949999809265137,14.095000267028809,1180835,1h,1H,yfinance,730d,2026-04-02T03:04:46Z,0.006965518448956098,0.006965518448956098,13.820342786826616,13.764800071716309,13.65591802597046,13.27568302154541,13.096028504371644,13.820342786826616,13.65591802597046,13.27568302154541,13.096028504371644,0.007971460386761912,0.16043534144179528,786812.6,1.5007830327068987,63.36193230387378,0.15999984741210938,0.17787504530891843,0.012619726281595457,22.510264865908628,29.208539807573676,11.957391805029587,13.764800071716309,0.16043534144179528,14.0856707545999,13.443929388832718,0.04662191694929311,0.11018882358456317,0.08109130014607091,0.029097523438492257,14.139900207519531,13.609999656677246,13.760000228881836,0.02808170881186034,0.09094428667154553,0.019161268603372417,0.021376816827292755,0.013799359007469033,0.9145153970387255,0.03860317268917747,1.2077224150636645,0.019873420250038354,0.032153256941299224,0.04275261934653818,2.0581512299289377,1750.157717150294
2025-09-17 13:30:00,14.029999732971191,14.279999732971191,13.994999885559082,14.024999618530272,1065405,1h,1H,yfinance,730d,2026-04-02T03:04:46Z,-0.004966346021452961,-0.004966346021452961,13.839833913655536,13.780050039291382,13.67941801071167,13.285983018875122,13.092503504753113,13.839833913655536,13.67941801071167,13.285983018875122,13.092503504753113,0.007937558908422284,0.16968139661027298,811086.4,1.3135530320814157,59.899736507515435,0.2849998474121094,0.1855268168877178,0.01322829389903112,24.524470084317453,32.548672358082534,10.645353971728609,13.780050039291382,0.16968139661027298,14.119412832511928,13.440687246070835,0.04925421783707801,0.11292439317685421,0.08745791875222757,0.025466474424626642,14.139900207519531,13.609999656677246,13.760000228881836,0.025219247489633778,0.09314105237180925,0.014760112718631424,0.022230273000389156,0.01363889046738724,0.9698951634417827,0.03860317268917747,1.2759111338764804,0.01337918547505379,0.025262888198020805,0.04482828709921538,1.4435853554499791,1750.157717150294
2025-09-17 14:30:00,14.029999732971191,14.145700454711914,14.020000457763672,14.045000076293944,484113,1h,1H,yfinance,730d,2026-04-02T03:04:46Z,0.0014260576333453567,0.0014260576333453567,13.859373548192528,13.803375053405762,13.69132001876831,13.297633018493652,13.090478506088257,13.859373548192528,13.69132001876831,13.297633018493652,13.090478506088257,0.007491034568948693,0.17241380776735213,810551.25,0.5972638991057012,60.56279508015263,0.1256999969482422,0.18125347260632668,0.01290519555868554,26.394803501411364,30.93634146932822,10.118025764866145,13.803375053405762,0.17241380776735213,14.148202668940467,13.458547437871058,0.04996279738840014,0.11537623614709602,0.09304158223120126,0.02233465391589476,14.279999732971191,13.609999656677246,13.795000076293944,0.021826132646974417,0.08497492525314887,0.005008922569836427,0.03435580434986729,0.013605442900513517,0.9485318231131199,0.03860317268917747,1.294266608361115,0.013393572765460604,0.02583242938159369,0.045899125261204876,1.401425013559353,1750.157717150294
2025-09-17 15:30:00,14.043499946594238,14.095000267028809,13.91100025177002,14.050000190734863,616980,1h,1H,yfinance,730d,2026-04-02T03:04:46Z,0.0003560067222327934,0.0003560067222327934,13.877528466529894,13.8291250705719,13.702620029449463,13.306283016204834,13.089153509140015,13.877528466529894,13.702620029449463,13.306283016204834,13.089153509140015,0.007413871601274483,0.1688294793076876,819116.65,0.753226051503165,60.73758098763043,0.18400001525878906,0.1814496542243597,0.012914565961644251,27.041406372331437,28.69554386676449,13.675999597834915,13.8291250705719,0.1688294793076876,14.166784029187275,13.491466111956525,0.04883301827010103,0.11638123636525677,0.09770951305801237,0.018671723307244398,14.279999732971191,13.609999656677246,13.907500267028809,0.026296612226885285,0.0908385144330981,0.001068781153248155,0.03804952708745102,0.01347097334472625,0.9586958292587057,0.03860317268917747,1.2650001248159464,0.012428129736569371,0.02535136787992487,0.046868311222805215,1.3082734192434722,1750.157717150294
2025-09-17 16:30:00,14.050000190734863,14.140000343322754,14.020000457763672,14.06999969482422,402341,1h,1H,yfinance,730d,2026-04-02T03:04:46Z,0.0014234522290288432,0.0014234522290288432,13.895859059700783,13.847375059127808,13.71802001953125,13.317482013702392,13.087803506851197,13.895859059700783,13.71802001953125,13.317482013702392,13.087803506851197,0.006998624163830701,0.17407184616481247,812543.65,0.4951623214334393,61.47309071841911,0.11999988555908203,0.17706038503398275,0.01258424938695031,27.840478624483335,29.121768775097472,13.013950083592615,13.847375059127808,0.17407184616481247,14.195518751457433,13.499231366798183,0.050282987330532124,0.1174377498382917,0.10165516041406825,0.015782589424223448,14.279999732971191,13.65999984741211,13.91100025177002,0.02588403487325852,0.09069768301491243,0.005179444403224931,0.02663259928128925,0.013296064633981046,0.9464642157942333,0.03860317268917747,1.3025610028325245,0.012531836597887036,0.02565819810671166,0.04815296259224455,1.2789238501304223,1750.157717150294
2025-09-17 17:30:00,14.079999923706056,14.25749969482422,14.050000190734863,14.164999961853027,656664,1h,1H,yfinance,730d,2026-04-02T03:04:46Z,0.006751973638190911,0.006751973638190911,13.921491526572424,13.872175073623657,13.732420024871827,13.329432010650635,13.08952850818634,13.921491526572424,13.732420024871827,13.329432010650635,13.08952850818634,0.00703129609170448,0.18204218442987885,818794.75,0.8019885325351683,64.84225836752202,0.20749950408935725,0.17923460782365236,0.012653343332604244,29.059253826382147,31.396195030642087,11.937791450192494,13.872175073623657,0.18204218442987885,14.236259442483414,13.5080907047639,0.052491316888296995,0.12450554950364179,0.10622523823198296,0.018280311271658828,14.279999732971191,13.760000228881836,13.91100025177002,0.03848970713459532,0.08502486639063322,0.004966278360984733,0.036286509753550966,0.013230848620245421,0.9563516064451454,0.03860317268917747,1.359766911153733,0.017491547857196865,0.03150063398859948,0.049114948356116406,1.608555122245109,1750.157717150294
2025-09-17 18:30:00,14.164999961853027,14.1899995803833,13.774999618530272,13.994999885559082,1374519,1h,1H,yfinance,730d,2026-04-02T03:04:46Z,-0.01200141734922433,-0.01200141734922433,13.928492322666392,13.891925048828124,13.742620029449462,13.336982011795044,13.090278506278992,13.928492322666392,13.742620029449462,13.336982011795044,13.090278506278992,0.007516868759910785,0.17262571928979709,836063.15,1.6440372955081204,55.490632928433044,0.4149999618530291,0.19607499025432212,0.014010360261356242,27.975427366780313,26.649680253986368,20.151075486780588,13.891925048828124,0.17262571928979709,14.23717648740772,13.54667361024853,0.04970534139308782,0.11506287307551055,0.10799276520068848,0.007070107874822068,14.279999732971191,13.760000228881836,13.91100025177002,0.0028663534268513757,0.09206255440379696,-0.0021390184518474964,0.029044080368376246,0.013230848620245421,1.0589162240068288,0.03860317268917747,1.287597312099243,0.004774929069994105,0.01836475545192906,0.04983404462002561,0.5971001143689364,1750.157717150294
2025-09-17 19:30:00,13.989999771118164,14.100000381469728,13.9399995803833,13.960000038146973,1275231,1h,1H,yfinance,730d,2026-04-02T03:04:46Z,-0.0025008822935557173,-0.0025008822935557173,13.931493057474066,13.909925031661988,13.753820037841797,13.34468201637268,13.090323004722595,13.931493057474066,13.753820037841797,13.34468201637268,13.090323004722595,0.007560799408395048,0.1595191186542337,853867.85,1.4934758346973716,53.771218497333834,0.16000080108642756,0.19349826245661536,0.01386090701488995,26.969017082864323,25.07566457357942,18.96088826911173,13.909925031661988,0.1595191186542337,14.228963268970455,13.590886794353521,0.0458720282937927,0.10356149633027734,0.10710651142660627,-0.0035450150963289295,14.279999732971191,13.774999618530272,13.774999618530272,0.009399863713526413,0.08301005945112316,-0.006051978475275277,0.026470562248494645,0.013230848620245421,1.0476204068785455,0.03860317268917747,1.1882968444884603,0.002046225810492963,0.014990744370502185,0.050686070380374204,0.31391225645826765,1750.157717150294
2025-09-18 13:30:00,14.130000114440918,14.140000343322754,13.850000381469728,14.06879997253418,923182,1h,1H,yfinance,730d,2026-04-02T03:04:46Z,0.007793691553717785,0.007793691553717785,13.944569906527411,13.927865028381348,13.764196033477782,13.354370012283326,13.092267003059387,13.944569906527411,13.764196033477782,13.354370012283326,13.092267003059387,0.007547909039816581,0.1561667952036908,860521.65,1.0728167036820049,58.11589363508139,0.28999996185302557,0.20039124098493039,0.01424366267031618,25.423239872848534,22.483613096808483,20.20889798372462,13.927865028381348,0.1561667952036908,14.24019861878873,13.615531437973965,0.04485017477853613,0.10204945522652054,0.10609510018658913,-0.004045644960068595,14.279999732971191,13.774999618530272,13.774999618530272,0.01792922882380399,0.0880742181345926,0.0013380627433523529,0.026170673478400852,0.013230848620245421,1.076549439808493,0.03957940071642266,1.133169627804053,0.008908848880926579,0.022130165707864746,0.05132258838453119,0.9024642144254056,1750.157717150294
2025-09-18 14:30:00,14.06879997253418,14.25,13.899999618530272,14.024999618530272,2324461,1h,1H,yfinance,730d,2026-04-02T03:04:46Z,-0.0031132970892625567,-0.0031132970892625567,13.952229879099113,13.945114994049073,13.768896026611328,13.364570007324218,13.093620500564576,13.952229879099113,13.768896026611328,13.364570007324218,13.093620500564576,0.007572068168925299,0.14659610154548988,954599.65,2.435011368378356,55.84064451525866,0.35000038146972834,0.21107760816241597,0.015050097248026558,24.59650110677398,23.543038088903234,17.815356552967362,13.945114994049073,0.14659610154548988,14.238307197140053,13.651922790958093,0.04204944931843108,0.09620780554974395,0.1041176412592201,-0.007909835709476148,14.279999732971191,13.774999618530272,13.774999618530272,0.003577762840481835,0.09741783345637312,-0.0031982997348963815,0.025219247489633778,0.013230848620245421,1.1375005247204915,0.041662942803131195,1.0092769854766677,0.005215635067780111,0.01860015439320395,0.051572865275699264,0.5449300741221296,1750.157717150294
2025-09-18 15:30:00,14.025726318359377,14.135000228881836,13.93000030517578,14.020000457763672,786135,1h,1H,yfinance,730d,2026-04-02T03:04:46Z,-0.00035644641016563394,-0.00035644641016563394,13.958684219924308,13.958865022659301,13.778196029663086,13.377570009231567,13.094892001152038,13.958684219924308,13.778196029663086,13.377570009231567,13.094892001152038,0.007536550370683819,0.13992656110632926,958892.1,0.8198367678699199,55.57321844044861,0.20499992370605646,0.21064348784410458,0.015024499355665806,23.828815109704756,21.90644718987474,16.576924610265937,13.958865022659301,0.13992656110632926,14.23871814487196,13.679011900446643,0.04009683047416473,0.0901358357925428,0.10132128016588464,-0.011185444373341832,14.279999732971191,13.774999618530272,13.774999618530272,-0.001068713203527638,0.08808693897713127,-0.010236463429569076,0.020007317169461247,0.013230848620245421,1.1355658119068643,0.041662942803131195,0.9624099445791245,0.004392694674749009,0.017549788635609964,0.05218095944975598,0.4369108668218757,1750.157717150294
2025-09-18 16:30:00,14.020000457763672,14.104999542236328,13.895000457763672,13.960000038146973,878452,1h,1H,yfinance,730d,2026-04-02T03:04:46Z,-0.004279630360744635,-0.004279630360744635,13.958809535945514,13.972365045547486,13.786396026611328,13.389970006942749,13.09649199962616,13.958809535945514,13.786396026611328,13.389970006942749,13.09649199962616,0.007546053176621443,0.1256297138242245,973801.2,0.90208555914698,52.33372683732077,0.20999908447265625,0.21059745903185828,0.015085777826388362,22.85455949323816,20.346146905195354,16.58331654387958,13.972365045547486,0.1256297138242245,14.223624473195935,13.721105617899036,0.035965196561840045,0.07956504725787639,0.096970033584283,-0.017404986326406607,14.279999732971191,13.774999618530272,13.774999618530272,-0.0026790770027177446,0.08638129367512803,-0.0025008822935557173,0.01972245917016391,0.013408312052204927,1.125106409192467,0.041662942803131195,0.8632418677620887,8.52868003100582e-05,0.012592414377226913,0.05267853613050444,-0.09842422643590208,1750.157717150294
2025-09-18 17:30:00,13.960000038146973,13.979999542236328,13.880000114440918,13.9350004196167,539434,1h,1H,yfinance,730d,2026-04-02T03:04:46Z,-0.0017908036147535888,-0.0017908036147535888,13.956542001057056,13.983365058898926,13.794796028137206,13.400020008087159,13.099717001914978,13.956542001057056,13.794796028137206,13.400020008087159,13.099717001914978,0.007567524710680561,0.11144413873760782,960316.8,0.5617250474010242,50.999765428737106,0.09999942779541016,0.20269759965782627,0.014545934234238203,21.834827626860164,19.62917349547583,16.527537522276557,13.983365058898926,0.11144413873760782,14.206253336374141,13.76047678142371,0.031879061518653655,0.06838209467978018,0.09125244580338243,-0.02287035112360225,14.279999732971191,13.774999618530272,13.850000381469728,-0.011351532059661107,0.036067239007882,-0.0017908036147535888,0.01604085049808024,0.013605442900513517,1.0691261093521027,0.041662942803131195,0.7651658614056848,-0.0015434755571060998,0.010163571189709453,0.05306061391407302,-0.4339810045649847,1750.157717150294
2025-09-18 18:30:00,13.9350004196167,14.005000114440918,13.789999961853027,14.005000114440918,925795,1h,1H,yfinance,730d,2026-04-02T03:04:46Z,0.005023300517858376,0.005023300517858376,13.961157059474566,14.001615047454834,13.804896030426026,13.411120004653931,13.103321504592895,13.961157059474566,13.804896030426026,13.411120004653931,13.103321504592895,0.007476210249882195,0.07883635812844793,929293.25,0.9962355801034819,54.49718185505189,0.21500015258789062,0.20357635343854516,0.014535976563729715,20.331845890601112,18.148410968851255,18.43857626158592,14.001615047454834,0.07883635812844793,14.15928776371173,13.843942331197939,0.022522075592351982,0.06442526025636752,0.08588700869397946,-0.021461748437611936,14.279999732971191,13.774999618530272,13.850000381469728,-0.001425989635174707,0.03856139940694692,-0.0045348471950568126,0.026759513338050933,0.01363889046738724,1.0657741257243432,0.041662942803131195,0.5405781271566666,0.003140359697952011,0.014495153282854334,0.05354173181106936,0.0429378914303563,1750.157717150294
2025-09-18 19:30:00,14.0,14.06999969482422,13.829999923706056,13.850000381469728,1918033,1h,1H,yfinance,730d,2026-04-02T03:04:46Z,-0.011067456744349835,-0.011067456744349835,13.95057070918839,13.996365070343018,13.812696037292481,13.420170011520385,13.107921504974366,13.95057070918839,13.812696037292481,13.420170011520385,13.107921504974366,0.0060862933264708655,0.08501947401781086,964858.65,1.9878901432867913,46.570684884520254,0.23999977111816406,0.2061780261299465,0.014886499671566609,19.275818706551597,18.8913000147535,16.90548574143502,13.996365070343018,0.08501947401781086,14.166404018378639,13.826326122307396,0.02429758686359475,0.048226334243098634,0.0783548738038033,-0.03012853956070466,14.279999732971191,13.774999618530272,13.789999961853027,-0.013883922660374193,0.04135339720656628,-0.012477664300919344,-0.007524152118264071,0.013755511455793765,1.0822207316251027,0.041662942803131195,0.5831942063816159,-0.007209047559066706,0.0027007286685039045,0.0537670699393995,-1.7215431001446453,1750.157717150294
2025-09-19 13:30:00,13.81999969482422,13.899900436401367,13.59000015258789,13.600000381469728,1064603,1h,1H,yfinance,730d,2026-04-02T03:04:46Z,-0.018050541019080546,-0.018050541019080546,13.91718305892947,13.984865093231202,13.818996047973632,13.42797001838684,13.11152150630951,13.91718305892947,13.818996047973632,13.42797001838684,13.11152150630951,0.006984924614063373,0.11647936176506414,961071.65,1.1077249027166705,37.17804720428563,0.30990028381347656,0.21358675882162723,0.015704908296373537,19.01121757200567,16.933440806199542,23.17960470770652,13.984865093231202,0.11647936176506414,14.21782381676133,13.751906369701073,0.03331583422179486,0.015042260195745172,0.06569235108219167,-0.050650090886446494,14.279999732971191,13.774999618530272,13.789999961853027,-0.03202845574065427,0.011528500570005651,-0.02995720845796157,-0.016630480369134726,0.013755511455793765,1.141717510602537,0.041662942803131195,0.7996514883555225,-0.02279072396451909,-0.015847436799579673,0.053958233704888725,-3.304145094284903,1750.157717150294
2025-09-19 14:30:00,13.595000267028809,13.625,13.329999923706056,13.34000015258789,1252932,1h,1H,yfinance,730d,2026-04-02T03:04:46Z,-0.019117663352134384,-0.019117663352134384,13.86221325832551,13.96081509590149,13.813396053314209,13.433170022964477,13.11509650707245,13.86221325832551,13.813396053314209,13.433170022964477,13.11509650707245,0.008042827126440978,0.18010827886426198,1003099.7,1.2490602878258263,30.327439547271027,0.29500007629394354,0.21940199578393554,0.016446926032558755,19.90685601139114,15.307148030596629,29.418002749125392,13.96081509590149,0.18010827886426198,14.321031653630014,13.600598538172965,0.051603943645707875,-0.03186883898515802,0.04618011306872173,-0.07804895205387975,14.279999732971191,13.59000015258789,13.59000015258789,-0.05188340853375195,-0.010752651670818403,-0.04441259913072182,-0.034802108613160354,0.013935633638123095,1.1802065452959116,0.04344981204848361,1.1876678220869046,-0.03767169758580824,-0.03427078315131182,0.05324395027251194,-3.4468984281476263,1750.157717150294
2025-09-19 15:30:00,13.345000267028809,13.404999732971191,13.270000457763672,13.375,630211,1h,1H,yfinance,730d,2026-04-02T03:04:46Z,0.002623676687538934,0.002623676687538934,13.815811995627843,13.930815076828003,13.811996059417725,13.440620021820068,13.120021505355835,13.815811995627843,13.811996059417725,13.440620021820068,13.120021505355835,0.007560578026935696,0.22065333939011067,982767.25,0.6412617026055762,32.14016659258746,0.13499927520751953,0.21337323002847727,0.015953138693717926,20.958152117329153,14.615384357903425,30.097073590922513,13.930815076828003,0.22065333939011067,14.372121755608223,13.489508398047782,0.06335690716536371,-0.06546736089760508,0.02385061827545637,-0.08931797917306145,14.279999732971191,13.329999923706056,13.329999923706056,-0.055771264665057,-0.0018656432270117707,-0.040186609454878175,-0.04293383650030547,0.014127011465836212,1.1292649356375122,0.04536110153616442,1.3967232941830574,-0.03190634005206083,-0.0316388780837914,0.05274187651136186,-2.5189515751915845,1750.157717150294
2025-09-19 16:30:00,13.375,13.380000114440918,13.279999732971191,13.34000015258789,519741,1h,1H,yfinance,730d,2026-04-02T03:04:46Z,-0.002616811021466159,-0.002616811021466159,13.770496582004991,13.896065092086792,13.808796062469483,13.444870023727416,13.124971504211425,13.770496582004991,13.808796062469483,13.444870023727416,13.124971504211425,0.007414112716334564,0.25375327615353344,976343.35,0.5323342449149677,31.264170366308235,0.10000038146972656,0.20527516941713794,0.015387943558405105,21.93435564427159,14.106818216706237,29.04979681717238,13.896065092086792,0.25375327615353344,14.403571644393859,13.388558539779725,0.07304320308575267,-0.0938369330055,0.000313108019265097,-0.0941500410247651,14.279999732971191,13.270000457763672,13.270000457763672,-0.04680241074150071,-0.015498157578666683,-0.047483038658980736,-0.049519038288580286,0.014389819617022948,1.0693632003698914,0.046246972621542905,1.5794158827107196,-0.031262229858846524,-0.033949079105869306,0.05210103184137482,-2.1913606315863046,1750.157717150294
2025-09-19 17:30:00,13.34000015258789,13.369999885559082,13.289999961853027,13.324999809265137,481678,1h,1H,yfinance,730d,2026-04-02T03:04:46Z,-0.0011244635045858375,-0.0011244635045858375,13.728068317934529,13.862440061569213,13.806596050262451,13.449070024490357,13.1308465051651,13.728068317934529,13.806596050262451,13.449070024490357,13.1308465051651,0.007420075532978096,0.2811608152997077,965037.25,0.49912891963496747,30.875759392809115,0.07999992370605469,0.196326937580632,0.01473372911000884,22.840830347861,13.696225997792903,28.204275144537593,13.862440061569213,0.2811608152997077,14.424761692168628,13.300118430969798,0.0811288096614877,-0.11619104756586118,-0.02298772309776016,-0.09320332446810102,14.279999732971191,13.270000457763672,13.270000457763672,-0.045487122288441206,-0.03372009817797028,-0.037906177454478884,-0.048044335787916226,0.014540955398983958,1.0132572933301447,0.047727467609697066,1.6998347853889546,-0.029360904923733333,-0.03488160580957678,0.0514627556442413,-1.9115048152466898,1750.157717150294
2025-09-19 18:30:00,13.324999809265137,13.390000343322754,13.300000190734863,13.34000015258789,834526,1h,1H,yfinance,730d,2026-04-02T03:04:46Z,0.001125729346151516,0.001125729346151516,13.691109445044372,13.824690055847167,13.799296054840088,13.453270025253296,13.136693506240844,13.691109445044372,13.799296054840088,13.453270025253296,13.136693506240844,0.007154718061110074,0.29760595020031283,947721.8,0.8805600968554274,31.788374523382757,0.09000015258789062,0.18873216722400762,0.01414783846066108,23.50601494561501,13.986653946553288,27.2435830302742,13.824690055847167,0.29760595020031283,14.419901956247793,13.229478155446541,0.08610853451269679,-0.1311842318986205,-0.044627024857932227,-0.08655720704068827,14.279999732971191,13.270000457763672,13.270000457763672,-0.051802557529362026,-0.01586131669106594,-0.019117663352134384,-0.053565101109435465,0.014540955398983958,0.9729648480766026,0.04904361805358952,1.755754121129619,-0.02564505775560566,-0.03328400959200373,0.050439065833762564,-1.6286297465929065,1750.157717150294
2025-09-19 19:30:00,13.34000015258789,13.34000015258789,13.149999618530272,13.279999732971191,2746421,1h,1H,yfinance,730d,2026-04-02T03:04:46Z,-0.004497782528515182,-0.004497782528515182,13.65195613913264,13.787440061569214,13.785196056365967,13.457120018005371,13.14206850528717,13.65195613913264,13.785196056365967,13.457120018005371,13.14206850528717,0.0071480982519348734,0.31624345189670633,1031772.6,2.6618471938487223,30.07780323803422,0.19000053405761896,0.18882276485497987,0.014218581976788469,24.749491732289584,12.981375749916191,30.95975188712668,13.787440061569214,0.31624345189670633,14.419926965362627,13.1549531577758,0.09174827248118274,-0.14622240999885427,-0.06494610188611664,-0.08127630811273763,14.279999732971191,13.270000457763672,13.270000457763672,-0.053119422875046896,-0.019926232764800322,-0.004497782528515182,-0.053119422875046896,0.014540955398983958,0.977829969671868,0.04926917983159443,1.8621838803646595,-0.02724564907553828,-0.03664774308098995,0.048936554456405545,-1.6045876224617173,1750.157717150294
2025-09-22 13:30:00,13.220000267028809,13.725000381469728,13.220000267028809,13.704999923706056,1569558,1h,1H,yfinance,730d,2026-04-02T03:04:46Z,0.03200302705426172,0.03200302705426172,13.657007928139633,13.770440053939819,13.779896049499511,13.464470014572143,13.149443507194519,13.657007928139633,13.779896049499511,13.464470014572143,13.149443507194519,0.010398110139069522,0.311036784585745,1086044.85,1.4452055087780213,50.426678027079305,0.5050001144409197,0.21140686125397556,0.01542552808689164,23.25649920905986,23.774520055165446,25.677223565967328,13.770440053939819,0.311036784585745,14.39251362311131,13.148366484768328,0.09034911981531209,-0.12243495699883233,-0.07644387290865978,-0.04599108409017255,14.25749969482422,13.149999618530272,13.149999618530272,-0.022467940354679694,0.01405842216475972,0.02467289149204155,-0.02420791390110144,0.014639831672123522,1.0536684049628935,0.04926917983159443,1.8337857484969675,0.0035140929710919533,-0.005435173496550094,0.04794518809560633,-0.21039354017538064,1750.157717150294
2025-09-22 14:30:00,13.705599784851074,13.81999969482422,13.6899995803833,13.774999618530272,731426,1h,1H,yfinance,730d,2026-04-02T03:04:46Z,0.0051076027153516,0.0051076027153516,13.66824523198636,13.75669002532959,13.78079605102539,13.472320013046264,13.158293504714965,13.66824523198636,13.78079605102539,13.472320013046264,13.158293504714965,0.010484208049095134,0.3043816092602774,1091767.15,0.6699468838204191,52.86003751266101,0.13000011444091975,0.2055920936244716,0.014925016284422032,21.80511279018063,26.001273628400295,24.51749233615582,13.75669002532959,0.3043816092602774,14.365453243850144,13.147926806809036,0.0885043157038016,-0.09681877221797919,-0.08051885277052366,-0.016299919447455527,14.25749969482422,13.149999618530272,13.149999618530272,-0.01325217901942477,0.020370342113353423,0.03260865524487966,-0.01957299419724834,0.014810114390787724,1.0077583393755405,0.04999416436180997,1.7702929298566121,0.007810394438496404,-0.0004206166663853761,0.04730875976336635,0.060153414804457656,1750.157717150294
2025-09-22 15:30:00,13.774999618530272,13.970000267028809,13.755000114440918,13.960000038146973,1236962,1h,1H,yfinance,730d,2026-04-02T03:04:46Z,0.013430157875854887,0.013430157875854887,13.696031404001657,13.751190042495727,13.78159605026245,13.483620014190674,13.167443504333496,13.696031404001657,13.78159605026245,13.483620014190674,13.167443504333496,0.01093598978008663,0.29962729325005044,1133498.2,1.091278309925856,58.63854065857313,0.21500015258789062,0.20626409783614438,0.014775365134133878,21.15060697760613,29.259848963055674,22.692070929936033,13.751190042495727,0.29962729325005044,14.350444628995827,13.151935455995627,0.0871567602001289,-0.060887895714063944,-0.07659266135923172,0.015704765645167776,14.25749969482422,13.149999618530272,13.149999618530272,0.0017940163457104141,0.03714710242072439,0.04765480209915718,-0.007818028362695184,0.014830932402850244,0.9962532855516429,0.050654642519397844,1.72060754681573,0.019273366594953156,0.012945089032784685,0.04664174528083853,0.6968991155187774,1750.157717150294
2025-09-22 16:30:00,13.960000038146973,14.039999961853027,13.925000190734863,14.029999732971191,850363,1h,1H,yfinance,730d,2026-04-02T03:04:46Z,0.005014304773133027,0.005014304773133027,13.727837911522565,13.744440031051635,13.785296039581299,13.495370016098022,13.17729350090027,13.727837911522565,13.785296039581299,13.495370016098022,13.17729350090027,0.010886146317516584,0.2916432099553882,1143183.15,0.7438554355879021,60.606252654287914,0.11499977111816406,0.19974521735628864,0.014237007922878112,20.841396550650554,30.559752623482407,21.758888220740396,13.744440031051635,0.2916432099553882,14.32772645096241,13.16115361114086,0.08487598164683416,-0.02645902370121256,-0.06656593382762789,0.04010691012641533,14.25749969482422,13.149999618530272,13.149999618530272,0.0017850495056044302,0.05607827580850189,0.05172410588387022,-0.009530549187814819,0.014830932402850244,0.9599536654986041,0.050654642519397844,1.6755814951083998,0.022010882077432292,0.01775106553296224,0.04614016820976863,0.979140580585564,1750.157717150294
2025-09-22 17:30:00,14.03499984741211,14.09529972076416,13.9399995803833,13.979999542236328,741684,1h,1H,yfinance,730d,2026-04-02T03:04:46Z,-0.0035638055371705057,-0.0035638055371705057,13.751853304923875,13.743690013885498,13.7902960395813,13.508795013427735,13.184493498802185,13.751853304923875,13.7902960395813,13.508795013427735,13.184493498802185,0.010588566072793465,0.2910164969864631,1111541.4,0.6672571979775113,58.46664543699358,0.15530014038085938,0.19657056900090084,0.014060842305968787,20.78665412936965,30.844652858645187,20.53099099264731,13.743690013885498,0.2910164969864631,14.325723007858425,13.161657019912571,0.08469821327240189,-0.0031719280950497364,-0.05388713268111226,0.050715204586062525,14.25,13.149999618530272,13.149999618530272,0.009386220735454254,0.026431693076513385,0.05271083007081678,-0.0010718359017802825,0.014830932402850244,0.9480754091540826,0.057480425405535794,1.4735140297734264,0.016590217496776694,0.013756303861101715,0.04594810872591748,0.8120142012492929,1750.157717150294
2025-09-22 18:30:00,13.975000381469728,14.119999885559082,13.975000381469728,14.074999809265137,813420,1h,1H,yfinance,730d,2026-04-02T03:04:46Z,0.006795441354757958,0.006795441354757958,13.782629162480186,13.749440002441407,13.797496032714843,13.522945013046265,13.19326849937439,13.782629162480186,13.797496032714843,13.522945013046265,13.19326849937439,0.010672202679627735,0.29632135739059384,1088450.85,0.7473189992915159,61.2647313374471,0.1449995040893537,0.1928869215072189,0.013704221962422153,20.841246107816513,30.103121842451667,19.428574728261243,13.749440002441407,0.29632135739059384,14.342082717222596,13.156797287660218,0.08620608761898034,0.02268746358837248,-0.03857221342721531,0.06125967701558779,14.25,13.149999618530272,13.220000267028809,0.034926427534708315,0.04685757744445618,0.026997437987509754,0.008237805931512687,0.014830932402850244,0.9240296961901359,0.06820005512555818,1.2640178583473658,0.02121298072655531,0.020112618687645467,0.04579816846516116,1.098671421090298,1750.157717150294
2025-09-22 19:30:00,14.07610034942627,14.220000267028809,14.0600004196167,14.218999862670898,1975677,1h,1H,yfinance,730d,2026-04-02T03:04:46Z,0.010230909794469056,0.010230909794469056,13.824188276784064,13.756949996948242,13.806676025390624,13.537185010910035,13.202563500404358,13.824188276784064,13.806676025390624,13.537185010910035,13.202563500404358,0.010768646980081868,0.30606327845784725,1141075.6,1.7314163934449214,65.10251646112772,0.15999984741210938,0.19053784478613964,0.01340022833014846,21.309481989346104,32.046321574681194,18.263238558263982,13.756949996948242,0.30606327845784725,14.369076553863936,13.144823440032548,0.08899160890335203,0.05417630790161709,-0.02002250916144883,0.07419881706306593,14.25,13.149999618530272,13.6899995803833,0.06589203148640799,0.053259249086733185,0.03223232351624561,0.010676098205244733,0.014830932402850244,0.9035324257545111,0.07708600637362018,1.1544457040883378,0.028559476909748804,0.029864091583086783,0.045757214117376765,1.5096546964104114,1750.157717150294
2025-09-23 13:30:00,14.399999618530272,14.770000457763672,14.300000190734863,14.770000457763672,1069755,1h,1H,yfinance,730d,2026-04-02T03:04:46Z,0.0387510092421699,0.0387510092421699,13.91426562735355,13.794200038909912,13.827676029205323,13.555185012817383,13.213813500404358,13.91426562735355,13.827676029205323,13.555185012817383,13.213813500404358,0.01355414170424148,0.3741766917121173,1078340.3,0.99203841310577,75.21961913865752,0.5510005950927734,0.21628518409375636,0.014643546201115293,23.332256345351002,44.37874177118144,14.939896424164061,13.794200038909912,0.3741766917121173,14.542553422334146,13.045846655485677,0.10850261433259208,0.12218412447464644,0.008418817565770224,0.11376530690887621,14.25,13.149999618530272,13.755000114440918,0.10429909964588191,0.09936732388915392,0.05802295253605294,0.05311949087321777,0.01475454712207136,0.9924768330713438,0.08291351146694478,1.308624039832747,0.06150053860750382,0.0681477080145696,0.046456121753359,2.607859977565139,1750.157717150294
2025-09-23 14:30:00,14.774999618530272,14.789999961853027,14.630000114440918,14.670000076293944,858088,1h,1H,yfinance,730d,2026-04-02T03:04:46Z,-0.006770506321627345,-0.006770506321627345,13.986240336776445,13.826700019836426,13.845076026916503,13.571885013580323,13.225313501358032,13.986240336776445,13.845076026916503,13.571885013580323,13.225313501358032,0.013697364163857455,0.4180358138685835,1081937.95,0.7931027837594569,71.18603498269525,0.15999984741210938,0.21226480290221014,0.014469311642691841,25.253179203486603,42.66234069604998,14.135516667121962,13.826700019836426,0.4180358138685835,14.662771647573594,12.990628392099259,0.12093581643308965,0.16609695176391348,0.03995444440539888,0.1261425073585146,14.770000457763672,13.149999618530272,13.925000190734863,0.09970014306544361,0.07041226982560511,0.045616561333120975,0.046362310792246175,0.014688637655562067,0.9850683216501582,0.08478709745961802,1.4263469331603003,0.048888030167733465,0.05958248606029226,0.04686184002328808,2.0172914101628203,1750.157717150294
2025-09-23 15:30:00,14.670000076293944,14.68000030517578,14.550000190734863,14.649999618530272,763230,1h,1H,yfinance,730d,2026-04-02T03:04:46Z,-0.001363357713678015,-0.001363357713678015,14.049455506467286,13.861199998855591,13.863676013946533,13.589335012435914,13.23767749786377,14.049455506467286,13.863676013946533,13.589335012435914,13.23767749786377,0.013641300664359134,0.45449572037681496,1076176.85,0.7092049973013264,70.37322244707003,0.1300001144409162,0.20638875372640345,0.014087969904473549,26.515781999602584,40.742901540341784,16.268237243819662,13.861199998855591,0.45449572037681496,14.77019143960922,12.952208558101962,0.131156240560511,0.19701326766166183,0.07136620905665148,0.12564705860501035,14.789999961853027,13.149999618530272,13.9399995803833,0.09943713532692411,0.04755094588332831,0.04792561503809356,0.049426903903854846,0.014594740217676748,0.9652771953700544,0.08549225807976547,1.5341300312613149,0.04274500971134021,0.056718261721690144,0.04728914994218458,1.7355490586813438,1750.157717150294
2025-09-23 16:30:00,14.654999732971191,14.699999809265137,14.579999923706056,14.619999885559082,629696,1h,1H,yfinance,730d,2026-04-02T03:04:46Z,-0.002047763396064828,-0.002047763396064828,14.10379306638079,13.89544997215271,13.884506015777587,13.607335014343262,13.250027499198914,14.10379306638079,13.884506015777587,13.607335014343262,13.250027499198914,0.01364546294404366,0.4836422618711307,1080689.95,0.5826796112983192,69.09875730130155,0.11999988555908025,0.20021812028588037,0.013694809976274076,27.740809259722518,39.71217097326793,15.571787290453482,13.89544997215271,0.4836422618711307,14.862734495894971,12.928165448410448,0.13922320265709362,0.2165971459466789,0.10041239643465696,0.11618474951202193,14.789999961853027,13.220000267028809,13.975000381469728,0.09595200287331918,0.04652824667901867,0.038721142712569545,0.04915675962076671,0.014589761382422503,0.9386589415213706,0.08615731106583857,1.6159186136937798,0.03660056672334289,0.05297227491894341,0.0478850716813255,1.4981112498382803,1750.157717150294
2025-09-23 17:30:00,14.614999771118164,14.649999618530272,14.40999984741211,14.44499969482422,946747,1h,1H,yfinance,730d,2026-04-02T03:04:46Z,-0.01196991738062314,-0.01196991738062314,14.136288935756355,13.917449951171875,13.90270601272583,13.62286901473999,13.254852499961853,14.136288935756355,13.90270601272583,13.62286901473999,13.254852499961853,0.013986333976214464,0.4979217022701749,1081737.55,0.8752095182422021,62.04043952756474,0.2399997711181623,0.20305966677390053,0.014057436556863253,27.794076000046942,36.359563163943605,20.237123365768856,13.917449951171875,0.4979217022701749,14.913293355712225,12.921606546631525,0.1431071651824404,0.21551216761054448,0.12343235066983448,0.09207981694071,14.789999961853027,13.6899995803833,14.0600004196167,0.08772590250590162,0.05207575939011533,0.015894214384700733,0.03141732072744552,0.014556428921903567,0.9657201386605568,0.08668142390955462,1.6509554034525518,0.021838175526181614,0.03900634031979111,0.04887670479666539,1.0595034143864135,1750.157717150294
2025-09-23 18:30:00,14.449999809265137,14.600000381469728,14.43000030517578,14.579999923706056,754892,1h,1H,yfinance,730d,2026-04-02T03:04:46Z,0.009345810435025914,0.009345810435025914,14.178547125084897,13.953949928283691,13.92020601272583,13.639369010925293,13.261452498435974,14.178547125084897,13.92020601272583,13.639369010925293,13.261452498435974,0.013764498486226795,0.5179912396412403,1023580.5,0.7375013494297713,65.00976935811495,0.17000007629394887,0.20069826745390398,0.013765313340474213,27.84353797320534,34.15969773898787,19.012715146336053,13.953949928283691,0.5179912396412403,14.989932407566172,12.91796744900121,0.14848591038478878,0.22297538326813005,0.1433409571894936,0.07963442607863644,14.789999961853027,13.755000114440918,14.300000190734863,0.06384531228537105,0.04741378188180523,-0.012863949097424943,0.052707546724187315,0.014353159782784976,0.9590441093663696,0.08783053795196524,1.690595479057593,0.028314099821335148,0.047398286374285226,0.04967431089223062,1.2086111646520625,1750.157717150294
2025-09-23 19:30:00,14.579999923706056,14.65999984741211,14.529999732971191,14.59000015258789,1353521,1h,1H,yfinance,730d,2026-04-02T03:04:46Z,0.0006858867581731598,0.0006858867581731598,14.21773312770423,14.0034499168396,13.938626022338868,13.655719013214112,13.268802499771118,14.21773312770423,13.938626022338868,13.655719013214112,13.268802499771118,0.012935318818663768,0.5289883323717224,1038026.4,1.3039369711598856,65.2267607638365,0.13000011444091797,0.19564839938154785,0.013409759927030902,28.10122790029806,34.728933887620954,18.110347446834126,14.0034499168396,0.5289883323717224,15.061426581583044,12.945473252096155,0.15110228851123225,0.227079341050052,0.1600886339616053,0.0669907070884467,14.789999961853027,13.925000190734863,14.40999984741211,0.059165194673491905,0.05381003042183119,-0.005453300837764075,0.07279409877569254,0.01422779494983329,0.9425044410826308,0.08874796230357682,1.7026000889390829,0.026183289666499077,0.04673158812103084,0.05048108317079136,1.1088150718154586,1750.157717150294
2025-09-24 13:30:00,14.82009983062744,15.024999618530272,14.781200408935549,14.869999885559082,1001019,1h,1H,yfinance,730d,2026-04-02T03:04:46Z,0.01919120836482824,0.01919120836482824,14.279853771309455,14.07994990348816,13.964026012420653,13.677219009399414,13.27611499786377,14.279853771309455,13.964026012420653,13.677219009399414,13.27611499786377,0.012247256020966298,0.5380646529537998,1025430.75,0.9761936630045471,70.70479380794976,0.43499946594238104,0.2127449041358931,0.014306987610840476,29.38629130615855,41.91154991610705,15.465331442673156,14.07994990348816,0.5380646529537998,15.15607920939576,13.00382059758056,0.15285982028117867,0.2500430548649284,0.17807951814226994,0.07196353672265846,14.789999961853027,13.9399995803833,14.40999984741211,0.06518623530984602,0.08302988939044575,0.015017083464667014,0.1146926323441142,0.01422779494983329,1.005566053017099,0.08967036435933207,1.704686061814473,0.04132718189561069,0.06487913101369092,0.051815686642332714,1.4683179386228122,1750.157717150294
2025-09-24 14:30:00,14.880000114440918,14.899999618530272,14.699999809265137,14.78499984741211,546619,1h,1H,yfinance,730d,2026-04-02T03:04:46Z,-0.005716209737803735,-0.005716209737803735,14.32796292141447,14.150449895858765,13.987726001739501,13.697869005203247,13.28333999633789,14.32796292141447,13.987726001739501,13.697869005203247,13.28333999633789,0.0124784819477857,0.5334326336886411,1021251.15,0.5352444401164199,67.2416991288161,0.19999980926513494,0.21183454021655324,0.014327666040093444,30.07158594536438,39.08511823144728,17.16038640097946,14.150449895858765,0.5334326336886411,15.217315163236048,13.083584628481482,0.15078888307141514,0.25840444521112893,0.19414450355604174,0.0642599416550872,15.024999618530272,13.975000381469728,14.40999984741211,0.05381326648685758,0.07801674684067139,0.011285907191832978,0.10542054933922307,0.01422779494983329,1.0070194355915512,0.09104869614824741,1.6561344582672275,0.03189824879533676,0.05699810287772711,0.053027778073572174,1.1895596772276298,1750.157717150294
2025-09-24 15:30:00,14.789899826049805,14.850000381469728,14.739999771118164,14.770000457763672,309331,1h,1H,yfinance,730d,2026-04-02T03:04:46Z,-0.0010145004939626778,-0.0010145004939626778,14.370061734400108,14.221949911117553,14.008926010131836,13.71659701347351,13.289389996528625,14.370061734400108,14.008926010131836,13.71659701347351,13.289389996528625,0.01243374064936155,0.5155471153264641,1010730.65,0.3060469176431921,66.62158784460863,0.11000061035156428,0.20456068808333974,0.013849741485675776,30.707930967484078,37.58385684840179,16.501255084825434,14.221949911117553,0.5155471153264641,15.25304414177048,13.190855680464626,0.14500040249008367,0.26081407955359204,0.2074784187555518,0.053335660798040224,15.024999618530272,14.0600004196167,14.40999984741211,0.05650936633728754,0.07340117820360748,0.02249918794085559,0.10719642344969293,0.014183210218724774,0.9764884868865054,0.10012544340688741,1.4481873693266403,0.027831385192045532,0.05432782263832325,0.054143644952188374,1.0630464808227507,1750.157717150294
2025-09-24 16:30:00,14.765000343322754,14.890000343322754,14.765000343322754,14.880000114440918,336922,1h,1H,yfinance,730d,2026-04-02T03:04:46Z,0.007447505299123192,0.007447505299123192,14.418627294403995,14.299699926376343,14.032926006317139,13.737739009857178,13.295539999008179,14.418627294403995,14.032926006317139,13.737739009857178,13.295539999008179,0.012356513591088004,0.49108990265810015,1003492.85,0.3357492781338701,68.88762266192009,0.125,0.19887778179167262,0.013365442221916608,31.416758196346695,37.33316953307118,15.760435103032421,14.299699926376343,0.49108990265810015,15.281879731692543,13.317520121060143,0.13737068754911866,0.26850463087246723,0.2196836611789349,0.048820969693532335,15.024999618530272,14.300000190734863,14.43000030517578,0.05719362814100171,0.08454809218916415,0.02057614487686532,0.11669796078305072,0.014117904182567314,0.9467015818410327,0.11471921538284086,1.1974514216357333,0.03199838726783555,0.06036332748725792,0.05546115519670258,1.1816577472344885,1750.157717150294
2025-09-24 17:30:00,14.880000114440918,14.920000076293944,14.739999771118164,14.75,326959,1h,1H,yfinance,730d,2026-04-02T03:04:46Z,-0.008736566763514642,-0.008736566763514642,14.450186599698853,14.370199918746948,14.053026008605958,13.756039009094238,13.301840000152588,14.450186599698853,14.053026008605958,13.756039009094238,13.301840000152588,0.01271712540791696,0.44753365079430896,978114.5,0.334274770489549,63.408796694828425,0.18000030517577947,0.1975293906048231,0.013391823091852413,32.165650118172955,35.98797781226211,14.734590247539368,14.370199918746948,0.44753365079430896,15.265267220335566,13.47513261715833,0.1245726999832395,0.26109973025952016,0.22796687499505197,0.033132855264468186,15.024999618530272,14.40999984741211,14.529999732971191,0.03734440835906705,0.06884056493730739,0.01096640477990185,0.10569713877691189,0.014074406105221168,0.9515018247828206,0.12275425820816457,1.0148136757259472,0.020748064271183475,0.04959600807450437,0.056472338296412516,0.8486514490674842,1750.157717150294
2025-09-24 18:30:00,14.744999885559082,14.84000015258789,14.65999984741211,14.68000030517578,401038,1h,1H,yfinance,730d,2026-04-02T03:04:46Z,-0.004745742021981081,-0.004745742021981081,14.472073619268084,14.440199947357177,14.072826023101806,13.774539012908935,13.307315001487732,14.472073619268084,14.072826023101806,13.774539012908935,13.307315001487732,0.012726609329795784,0.3751777662737355,860845.35,0.46586532644917,60.613347073605965,0.18000030517578125,0.19627731307417726,0.013370388896039401,32.274528218531515,33.63058179384028,16.680729450009522,14.440199947357177,0.3751777662737355,15.19055547990465,13.689844414809706,0.10392592004029703,0.24673865320915844,0.23172123063787328,0.01501742257128516,15.024999618530272,14.40999984741211,14.699999809265137,-0.00609344277579793,0.06997084689961652,-0.012777376048793365,0.10542173195445992,0.01405913943141602,0.9510104769401773,0.12275425820816457,0.8466176371988761,0.014367442522601692,0.04314515656466167,0.05752558059446944,0.639164629077833,1750.157717150294
2025-09-24 19:30:00,14.68000030517578,14.699999809265137,14.520000457763672,14.520000457763672,1056697,1h,1H,yfinance,730d,2026-04-02T03:04:46Z,-0.010899171940459418,-0.010899171940459418,14.476638080077187,14.480949974060058,14.088926029205322,13.79028902053833,13.311415004730225,14.476638080077187,14.088926029205322,13.79028902053833,13.311415004730225,0.011575452478769828,0.33524654206134913,835202.3,1.2651988625989177,54.67951912229444,0.17999935150146484,0.19511460153326923,0.01343764431005536,31.436631618632916,31.41449118205984,20.706721791671303,14.480949974060058,0.33524654206134913,15.151443058182757,13.81045688993736,0.09260346666810712,0.21991174002048375,0.2293593325143954,-0.009447592493911638,15.024999618530272,14.40999984741211,14.65999984741211,-0.010224922818689253,0.06933760562951963,-0.01792353009018266,0.059467386982460235,0.013953589021269515,0.9630242290762829,0.12275425820816457,0.7543808908939985,0.0029953347902065275,0.03059668477673627,0.058409344476061165,0.11648288290611962,1750.157717150294
2025-09-25 13:30:00,13.9399995803833,14.399999618530272,13.880000114440918,14.3100004196167,822822,1h,1H,yfinance,730d,2026-04-02T03:04:46Z,-0.014462812088596566,-0.014462812088596566,14.460767826699998,14.50770001411438,14.1023260307312,13.804589023590088,13.314165005683899,14.460767826699998,14.1023260307312,13.804589023590088,13.314165005683899,0.01216462064636922,0.29701442996220323,839772.1,0.9798158333671719,48.03304536318249,0.6400003433227539,0.22689215451823241,0.01585549600733763,30.53231691278238,25.08508856831962,36.682759074440966,14.50770001411438,0.29701442996220323,15.101728874038788,13.913671154189974,0.08189152785713558,0.17963524670116016,0.21941451535174836,-0.0397792686505882,15.024999618530272,14.40999984741211,14.520000457763672,-0.023208137048926547,0.057259001177807134,-0.031144212856484943,0.03883853472973886,0.013953589021269515,1.1363023508266605,0.12275425820816457,0.6671176141056168,-0.010425961393621508,0.014726250721543543,0.0591971801994966,-0.6656228605554274,1750.157717150294
2025-09-25 14:30:00,14.3100004196167,14.5,14.300100326538086,14.460000038146973,596230,1h,1H,yfinance,730d,2026-04-02T03:04:46Z,0.010482153328566612,0.010482153328566612,14.460694703980662,14.53270001411438,14.11242603302002,13.820189027786254,13.317115507125855,14.460694703980662,14.11242603302002,13.820189027786254,13.317115507125855,0.012042230738269008,0.2696434178825863,807735.5,0.7381500503568309,52.47659112863381,0.19989967346191406,0.22496412015706682,0.015557684617122286,29.251156254987713,26.668051198068788,34.35449206154286,14.53270001411438,0.2696434178825863,15.071986849879552,13.993413178349206,0.07421701889413662,0.15799824575879207,0.2071312614331571,-0.04913301567436504,15.024999618530272,13.880000114440918,13.880000114440918,-0.010943902097437674,0.055089392093681466,-0.02822581136181168,0.03581661881330267,0.013953589021269515,1.114959355145665,0.12275425820816457,0.6045983249581507,-4.803820617960142e-05,0.024628933700959976,0.05972093021710312,-0.2696152442299298,1750.157717150294
2025-09-25 15:30:00,14.454999923706056,14.670000076293944,14.454999923706056,14.574999809265137,864154,1h,1H,yfinance,730d,2026-04-02T03:04:46Z,0.00795295787100847,0.00795295787100847,14.471580904483945,14.559950017929078,14.1273260307312,13.83538902282715,13.320290508270263,14.471580904483945,14.1273260307312,13.83538902282715,13.320290508270263,0.012097953593274662,0.24376032306329262,808425.05,1.068935209268936,55.61041766612448,0.21500015258788707,0.2242524081878397,0.015386100248542397,27.36201806874381,30.25660082889084,32.001843003852414,14.559950017929078,0.24376032306329262,15.047470664055663,14.072429371802492,0.0669673516085225,0.1484194005995949,0.19538888926644468,-0.046969488666849774,15.024999618530272,13.880000114440918,13.880000114440918,0.008999661972128425,0.06628137823349434,-0.011864419710838181,0.03884533760989095,0.013953589021269515,1.1026625640965417,0.12275425820816457,0.5455399477463374,0.007146344650510672,0.03168850053860939,0.06058693104027024,0.06174011892883618,1750.157717150294
2025-09-25 16:30:00,14.56999969482422,14.59000015258789,14.43000030517578,14.470000267028809,485113,1h,1H,yfinance,730d,2026-04-02T03:04:46Z,-0.00720408532489869,-0.00720408532489869,14.471430367583455,14.584450054168702,14.140306034088134,13.85193702697754,13.324090509414672,14.471430367583455,14.140306034088134,13.85193702697754,13.324090509414672,0.01220687913604679,0.20592781137019225,795596.5,0.6097475290552434,52.224204345263466,0.15999984741211115,0.21966293956100194,0.015180576054412634,25.70214562628372,28.682419063505016,31.149781675667466,14.584450054168702,0.20592781137019225,14.996305676909087,14.172594431428317,0.05647873196599047,0.1308471863437699,0.18248054868190974,-0.05163336233813984,15.024999618530272,13.880000114440918,13.880000114440918,-0.007544558110620825,0.0639705780261941,-0.014305179412900326,0.035050124523401616,0.013953589021269515,1.0879334364279196,0.12275425820816457,0.46009590860966143,-9.882233603186741e-05,0.023315919199052626,0.06125862955499528,-0.5557762517766444,1750.157717150294
2025-09-25 17:30:00,14.470000267028809,14.630000114440918,14.4350004196167,14.619999885559082,507516,1h,1H,yfinance,730d,2026-04-02T03:04:46Z,0.010366248497732267,0.010366248497732267,14.485579845485896,14.611700057983398,14.153206024169922,13.869237022399902,13.332748508453369,14.485579845485896,14.153206024169922,13.869237022399902,13.332748508453369,0.012304396900135213,0.16955799217906725,780301.3,0.6504102966379781,56.316465659907955,0.19499969482421875,0.21790127922266028,0.014904328380870404,23.99069948358243,28.160207883225773,29.158644764537918,14.611700057983398,0.16955799217906725,14.950816042341533,14.272584073625264,0.046417047025660955,0.12755442752075297,0.17149532444967838,-0.043940896928925416,15.024999618530272,13.880000114440918,13.880000114440918,0.0020561845549995628,0.0749999614322896,0.006887012716445318,0.038721142712569545,0.0140727032306684,1.0590949113735062,0.12275425820816457,0.37812983193583166,0.009279576068546236,0.032981492715643324,0.06153701280695101,0.04894978684884573,1750.157717150294
2025-09-25 18:30:00,14.630000114440918,14.800000190734863,14.614999771118164,14.765000343322754,1057300,1h,1H,yfinance,730d,2026-04-02T03:04:46Z,0.00991795204505408,0.00991795204505408,14.51219132147036,14.639000082015992,14.167806034088136,13.887587022781371,13.342223510742187,14.51219132147036,14.167806034088136,13.887587022781371,13.342223510742187,0.012294083793876764,0.1465230292614446,734382.45,1.4397130541450167,59.8928269355306,0.18500041961669922,0.2155512178222345,0.014598795313927252,22.84142915337707,32.0672532294466,27.37108104388777,14.639000082015992,0.1465230292614446,14.932046140538882,14.345954023493102,0.04003634905131219,0.13508800709616686,0.16421386097897608,-0.02912585388280922,15.024999618530272,13.880000114440918,13.880000114440918,-0.0070611663109895195,0.07695115260688024,0.031795940626411445,0.03839935902139424,0.014197478757657013,1.0282667481403203,0.12275425820816457,0.3261503888803534,0.01742045816873783,0.042151502342547165,0.0618774316500732,0.859934864450127,1750.157717150294
2025-09-25 19:30:00,14.765000343322754,14.779999732971191,14.71500015258789,14.75,1458610,1h,1H,yfinance,730d,2026-04-02T03:04:46Z,-0.001015939246458486,-0.001015939246458486,14.53483976704461,14.638000059127808,14.1828560256958,13.90728702545166,13.351773509979248,14.53483976704461,14.1828560256958,13.90728702545166,13.351773509979248,0.008941860627511225,0.1456914281126188,753825.2,1.9349445998886745,59.35148494775199,0.06499958038330078,0.20479752943373924,0.013884578266694186,21.774249561043526,31.340278079989652,26.750569658322433,14.638000059127808,0.1456914281126188,14.929382915353045,14.346617202902571,0.0398118397387954,0.1382543112039052,0.1590219510239619,-0.02076763982005672,15.024999618530272,13.880000114440918,14.300100326538086,-0.0023672538230181672,0.07821635021597118,0.020055322343566884,-0.00135412709165883,0.0140727032306684,0.9866319241661945,0.12275425820816457,0.32432145589021577,0.01480306879221538,0.03998799489162663,0.062245102876812064,0.7687476354862569,1750.157717150294
2025-09-26 13:30:00,14.779999732971191,15.300000190734863,14.760000228881836,15.039999961853027,1664943,1h,1H,yfinance,730d,2026-04-02T03:04:46Z,0.019661014362917006,0.019661014362917006,14.58295026178827,14.656500053405761,14.201756019592285,13.928837022781373,13.362248511314393,14.58295026178827,14.201756019592285,13.928837022781373,13.362248511314393,0.009763180153156718,0.17003746196598377,794167.95,2.0964620896625203,65.78932234029793,0.5500001907348633,0.22945486238381954,0.01525630737804531,22.43859493284598,42.161854580774296,22.170515916568952,14.656500053405761,0.17003746196598377,14.996574977337728,14.316425129473794,0.04640602090441681,0.16229338618025224,0.15967623805522,0.002617148125032248,15.024999618530272,13.880000114440918,14.43000030517578,0.01828026375906,0.09421608490913935,0.031903955998153544,0.025221532626777954,0.0140727032306684,1.0841063815513072,0.11424931001176827,0.4061820670920179,0.03134137412937399,0.05902396443822355,0.06282681448163796,2.2553848076371903,1750.157717150294
2025-09-26 14:30:00,15.045000076293944,15.079999923706056,14.795000076293944,14.84000015258789,783453,1h,1H,yfinance,730d,2026-04-02T03:04:46Z,-0.013297859692314451,-0.013297859692314451,14.607431203769186,14.666000080108642,14.218056030273438,13.948737020492553,13.372948513031005,14.607431203769186,14.218056030273438,13.948737020492553,13.372948513031005,0.010259450707464368,0.17465391350265333,795179.1,0.9852535108128471,58.86512106178348,0.2849998474121129,0.23342236131441194,0.015729269468619668,23.0554870638054,38.48485280398618,20.236990287107993,14.666000080108642,0.17465391350265333,15.015307907113948,14.316692253103335,0.04763505047011003,0.16332352126387129,0.16040569469695026,0.0029178265669210224,15.300000190734863,13.880000114440918,14.43000030517578,-0.002688169458695655,0.08400296621282966,0.02557013674714015,0.012969320068602075,0.014182212083851864,1.1090843498617056,0.09826469335420207,0.48476262270931947,0.015921276340407742,0.043743260048363375,0.06319530180041699,0.9962563620230895,1750.157717150294
2025-09-26 15:30:00,14.830100059509276,14.984999656677246,14.8100004196167,14.96500015258789,583736,1h,1H,yfinance,730d,2026-04-02T03:04:46Z,0.008423180506383021,0.008423180506383021,14.641485389370969,14.683250093460083,14.236456031799316,13.963888025283813,13.384044013023377,14.641485389370969,14.236456031799316,13.963888025283813,13.384044013023377,0.010372570812858778,0.18593191714541094,792881.1,0.736221357779874,61.58634929824642,0.17499923706054688,0.22924928101056444,0.015319029647381625,23.628315471124864,36.386444640299864,19.133557052136396,14.683250093460083,0.18593191714541094,15.055113927750906,14.31138625916926,0.050651433698108914,0.17224088041754726,0.16277273184106966,0.009468148576477597,15.300000190734863,13.880000114440918,14.4350004196167,0.014576281531382351,0.09114108538774879,0.02359782966685131,0.02359782966685131,0.01431732682546696,1.0699643749231795,0.08724749726262135,0.5805488442338282,0.022095761093459787,0.051174542256953615,0.06368867421135915,1.5153399343882432,1750.157717150294
2025-09-26 16:30:00,14.96500015258789,14.989999771118164,14.829999923706056,14.845000267028809,426057,1h,1H,yfinance,730d,2026-04-02T03:04:46Z,-0.008018702595090188,-0.008018702595090188,14.660867758671715,14.703250122070312,14.252356033325196,13.97748803138733,13.39581901550293,14.660867758671715,14.252356033325196,13.97748803138733,13.39581901550293,0.010154799886449841,0.1806672908385104,766846.6,0.5555961257440537,57.6439213543669,0.1599998474121076,0.22430289289638897,0.015109659067812375,24.17506015156278,34.69172917334944,18.15867432953695,14.703250122070312,0.1806672908385104,15.064584703747332,14.341915540393291,0.04915030060389701,0.1676919158874508,0.1637565686503459,0.003935347237104897,15.300000190734863,13.880000114440918,14.614999771118164,0.011239779184122556,0.0883431006873796,0.0054182134673794735,0.027691282842180476,0.014463230677010348,1.0446946055993935,0.0780542733756361,0.6296939101253464,0.012559454964606864,0.0415821940118446,0.06394062332665129,0.7845921876650062,1750.157717150294
2025-09-26 17:30:00,14.845000267028809,14.899999618530272,14.729999542236328,14.772000312805176,440141,1h,1H,yfinance,730d,2026-04-02T03:04:46Z,-0.004917477461133357,-0.004917477461133357,14.67145181144633,14.71285014152527,14.266396045684814,13.992208032608032,13.408429017066956,14.67145181144633,14.266396045684814,13.992208032608032,13.408429017066956,0.01007352610021531,0.17895616354809993,751109.05,0.5859881464615557,55.32376388241084,0.17000007629394354,0.2204241202819286,0.01492175166628266,24.111338616487483,32.78060937436016,20.398856353145632,14.71285014152527,0.17895616354809993,15.070762468621469,14.35493781442907,0.048653024213987574,0.15639353518207066,0.16228396195669087,-0.0058904267746202055,15.300000190734863,14.300100326538086,14.71500015258789,0.017355361370306577,0.05854535245903092,0.001491546630859375,0.013168751035927073,0.014751561847398828,1.011537071168762,0.07059218525132957,0.6892126095936549,0.006853343667080125,0.03544022369078226,0.06398714029255714,0.33052882955891094,1750.157717150294
2025-09-26 18:30:00,14.779999732971191,14.859999656677246,14.75,14.800000190734863,419453,1h,1H,yfinance,730d,2026-04-02T03:04:46Z,0.0018954696274555705,0.0018954696274555705,14.683694514235714,14.723350143432617,14.279096050262451,14.005758037567139,13.420804018974303,14.683694514235714,14.279096050262451,14.005758037567139,13.420804018974303,0.010076860562885011,0.17759563338259862,704405.65,0.5954708057778924,56.05439410883297,0.1099996566772461,0.21253665859587986,0.014360584855190248,24.052168619631853,31.568766068741876,19.644745371512574,14.723350143432617,0.17759563338259862,15.078541410197815,14.368158876667419,0.048248702001240096,0.14799287349353385,0.15942574426405948,-0.011432870770525627,15.300000190734863,14.43000030517578,14.729999542236328,0.03424177196014977,0.07013740219666409,-0.01595743163077734,0.014393422614853435,0.014751561847398828,0.9734958917399298,0.06172304178725649,0.7816967635448203,0.00792073659571102,0.036480190247255795,0.0639523556170476,0.43159871581480486,1750.157717150294
2025-09-26 19:30:00,14.795000076293944,14.875,14.744999885559082,14.81999969482422,1220715,1h,1H,yfinance,730d,2026-04-02T03:04:46Z,0.0013513178264603631,0.0013513178264603631,14.696675960006049,14.720850133895874,14.295596046447754,14.019108037948609,13.433329019546509,14.696675960006049,14.295596046447754,14.019108037948609,13.433329019546509,0.009153642137849888,0.17585706808315799,715390.45,1.706361889510826,56.60034689686437,0.13000011444091797,0.20664119115623975,0.013943400500096346,24.054705957542804,30.668686613953007,18.761980167257626,14.720850133895874,0.17585706808315799,15.072564270062191,14.369135997729558,0.04778448703264335,0.14132003205815025,0.15580460182287764,-0.014484569764727395,15.300000190734863,14.43000030517578,14.729999542236328,0.024896241751558135,0.07228128127292388,-0.0013477397276294711,-0.0033624876341403764,0.014751561847398828,0.9452152012334215,0.05356508283204969,0.8920827618706186,0.00839126719223926,0.036682880984649335,0.0641886330370216,0.5638076536193646,1750.157717150294
2025-09-29 13:30:00,14.829999923706056,14.829999923706056,14.359999656677246,14.479999542236328,966923,1h,1H,yfinance,730d,2026-04-02T03:04:46Z,-0.022941981078895335,-0.022941981078895335,14.676040110694647,14.705600118637085,14.30599603652954,14.029908037185669,13.443804016113281,14.676040110694647,14.30599603652954,14.029908037185669,13.443804016113281,0.010368813976342142,0.18272338798669827,736405.65,1.3130303929634435,46.11217479173226,0.47000026702881037,0.2254525537185662,0.015569928235215037,22.608178713556903,26.10190664177369,28.165886953857218,14.705600118637085,0.18272338798669827,15.07104689461048,14.340153342663688,0.04970171540435791,0.1073590183959734,0.1461154851374968,-0.038756466741523415,15.300000190734863,14.4350004196167,14.729999542236328,-0.006518028697908962,0.0361358960273237,-0.03240899468134595,-0.02062903674829375,0.014913040023576532,1.044047907777355,0.05017657455123341,0.9905362382521621,-0.0133578654037243,0.012162977346175552,0.06413303997758857,-1.2346562686172367,1750.157717150294
2025-09-29 14:30:00,14.475000381469728,14.539999961853027,14.40999984741211,14.4350004196167,618841,1h,1H,yfinance,730d,2026-04-02T03:04:46Z,-0.003107674312307296,-0.003107674312307296,14.653083949639605,14.688850116729736,14.313320045471192,14.038758039474487,13.454454016685485,14.653083949639605,14.313320045471192,14.038758039474487,13.454454016685485,0.010379113481697757,0.19120960651849006,751881.15,0.8230569419116306,44.92562901906668,0.13000011444091797,0.21863452234159134,0.015146138966818046,21.26497484414142,24.99332114412127,26.969641245293076,14.688850116729736,0.19120960651849006,15.071269329766716,14.306430903692755,0.05206931924527266,0.07593824841297625,0.1320800377925927,-0.05614178937961645,15.300000190734863,14.359999656677246,14.359999656677246,-0.0024187869223375458,0.02850021920579815,-0.027618716068515736,-0.022681112238617684,0.015015705367047518,1.0086864783626328,0.05017657455123341,1.0377216801060551,-0.014883114760853466,0.00850119844724695,0.0638350711014053,-1.3275990769244588,1750.157717150294
2025-09-29 15:30:00,14.4350004196167,14.470000267028809,14.399999618530272,14.46500015258789,424944,1h,1H,yfinance,730d,2026-04-02T03:04:46Z,0.00207826339446604,0.00207826339446604,14.635171207063252,14.668100118637085,14.322120056152343,14.045508041381837,13.465179018974304,14.635171207063252,14.322120056152343,14.045508041381837,13.465179018974304,0.010223014308243508,0.1918569139884616,756282.25,0.5618854600911234,45.92463113468094,0.07000064849853693,0.20801781706708747,0.014380768397701787,20.06392616205942,24.39256604916692,26.664767123973633,14.668100118637085,0.1918569139884616,15.051813946614008,14.284386290660162,0.052319499440746424,0.05284858398054659,0.11623374703018348,-0.06338516304963689,15.300000190734863,14.359999656677246,14.359999656677246,-0.010601897003042593,0.033398801139953305,-0.020782572008962164,-0.027889782168097788,0.015015705367047518,0.9577151419913231,0.05017657455123341,1.0427076760157263,-0.01162754108358044,0.009976183405484784,0.06364126581388119,-1.0586012347796279,1750.157717150294
2025-09-29 16:30:00,14.46500015258789,14.5,14.40999984741211,14.479999542236328,449979,1h,1H,yfinance,730d,2026-04-02T03:04:46Z,0.0010369436218604644,0.0010369436218604644,14.620392953270212,14.6546000957489,14.331320037841797,14.054758033752442,13.475829014778137,14.620392953270212,14.331320037841797,14.054758033752442,13.475829014778137,0.010091518645889582,0.19509109831293114,762433.25,0.5901880590858282,46.447672569010145,0.09000015258789062,0.19958798389000199,0.013783700980640853,18.790008735185165,24.680530218080364,25.805914564993635,14.6546000957489,0.19509109831293114,15.044782292374762,14.264417899123039,0.05325047344540615,0.03535266049141761,0.10005752972243032,-0.06470486923101271,15.300000190734863,14.359999656677246,14.359999656677246,-0.01930245814151388,0.027314598645884036,-0.021621665160441172,-0.01830511578058791,0.015015705367047518,0.9179522802098701,0.05017657455123341,1.061261632976442,-0.009602574396092467,0.010374445899048013,0.06348336878758953,-0.8949693503314474,1750.157717150294
2025-09-29 17:30:00,14.479999542236328,14.479999542236328,14.3100004196167,14.375,569026,1h,1H,yfinance,730d,2026-04-02T03:04:46Z,-0.007251349831197018,-0.007251349831197018,14.597022195815907,14.639350080490113,14.339620037078857,14.063008031845094,13.485204014778137,14.597022195815907,14.339620037078857,14.063008031845094,13.485204014778137,0.010154185850166107,0.20421685978573131,770832.65,0.7381965462931546,43.290978409162946,0.1699991226196289,0.19747449379926105,0.013737356090383377,18.10239606151096,23.162913435513595,27.83618036109935,14.639350080490113,0.20421685978573131,15.047783800061575,14.23091636091865,0.05579943335268453,0.012866116946993245,0.08261924716734291,-0.06975313022034967,15.300000190734863,14.359999656677246,14.359999656677246,-0.025423728813559365,0.024955464598180654,-0.03002697057946857,-0.020776587114119116,0.015015705367047518,0.914865852424787,0.05017657455123341,1.1120614320873943,-0.01521010195350303,0.0024672873360422898,0.06335951768800707,-1.2944576699860844,1750.157717150294
2025-09-29 18:30:00,14.369999885559082,14.399999618530272,14.229999542236328,14.234999656677246,897990,1h,1H,yfinance,730d,2026-04-02T03:04:46Z,-0.00973915431810457,-0.00973915431810457,14.562543858755081,14.625100040435791,14.345620021820068,14.070208024978637,13.494379014968873,14.562543858755081,14.345620021820068,14.070208024978637,13.494379014968873,0.01010063393219042,0.22127857740601478,762897.3,1.1770784874975964,39.44193231763472,0.17000007629394354,0.19551203540602408,0.013734600640774499,17.837537565177364,21.724311077845133,29.03009113351645,14.625100040435791,0.22127857740601478,15.06765719524782,14.182542885623763,0.060520222574674674,-0.01606628634514884,0.06288214046484457,-0.07894842680999341,15.300000190734863,14.3100004196167,14.3100004196167,-0.053523956596912114,0.013527915938142065,-0.016919882134281083,-0.019628153725989694,0.015015705367047518,0.9146823479179041,0.05017657455123341,1.2061449613879034,-0.022492237980860308,-0.007711089863983944,0.06308115445008178,-1.7629378692306326,1750.157717150294
2025-09-29 19:30:00,14.234999656677246,14.270000457763672,14.119999885559082,14.210000038146973,1446158,1h,1H,yfinance,730d,2026-04-02T03:04:46Z,-0.001756207877289695,-0.001756207877289695,14.528968256792403,14.620100021362305,14.349720020294189,14.077308025360107,13.503729014396667,14.528968256792403,14.349720020294189,14.077308025360107,13.503729014396667,0.009618139683221753,0.2293255778823773,794064.1,1.821210655411824,38.77889179947166,0.15000057220458984,0.19226121660592163,0.013529994094988973,18.072034998891773,20.51365940376415,31.498992374034344,14.620100021362305,0.2293255778823773,15.07875117712706,14.16144886559755,0.06274254691754404,-0.04054530366368425,0.042196651639138806,-0.08274195530282305,15.300000190734863,14.229999542236328,14.229999542236328,-0.04245283746382267,0.01138788934092827,-0.015587140625500706,-0.006988146648314708,0.014913040023576532,0.9072592894271688,0.05017657455123341,1.2504350382364182,-0.021953948347041785,-0.00973677409382323,0.06264869540817863,-1.788287146171175,1750.157717150294
2025-09-30 13:30:00,14.1899995803833,14.520000457763672,14.065199851989746,14.15999984741211,861718,1h,1H,yfinance,730d,2026-04-02T03:04:46Z,-0.0035186622519800537,-0.0035186622519800537,14.493828408279994,14.605100011825561,14.355920009613037,14.084308023452758,13.51340651512146,14.493828408279994,14.355920009613037,14.084308023452758,13.51340651512146,0.009312242275413584,0.24833088542739853,807338.5,1.0673565053567988,37.42384813501848,0.4548006057739258,0.21101403011792194,0.014902120931624657,16.894386970169162,25.81810536466303,26.649700462370134,14.605100011825561,0.24833088542739853,15.101761782680358,14.108438240970765,0.06801210131428827,-0.06325058539735728,0.02110720423183959,-0.08435778962919688,15.300000190734863,14.119999885559082,14.119999885559082,-0.0537922016015866,0.006396599469792097,-0.021085399374932923,-0.0207469011025887,0.014903224656247532,0.9999259405498923,0.05017657455123341,1.3554552482422584,-0.023032462608510995,-0.013647342843212784,0.06234649224448385,-1.7923673233291002,1750.157717150294
2025-09-30 14:30:00,14.15999984741211,14.170000076293944,14.060099601745604,14.095000267028809,875195,1h,1H,yfinance,730d,2026-04-02T03:04:46Z,-0.00459036589574402,-0.00459036589574402,14.45584477577988,14.581100034713746,14.365820007324219,14.092408027648926,13.52283151626587,14.45584477577988,14.365820007324219,14.092408027648926,13.52283151626587,0.009108013212849935,0.2721341877239307,807890.55,1.0833088714801775,35.67847704006509,0.10990047454833984,0.20379163329152322,0.01445843415613372,15.825678904144903,24.82359445674374,25.801919372053078,14.581100034713746,0.2721341877239307,15.125368410161608,14.036831659265884,0.07465395260331563,-0.08550397111218011,-0.00021503083696435045,-0.08528894027521576,15.300000190734863,14.065199851989746,14.065199851989746,-0.05052206039132057,-0.004941736322819024,-0.026588348575876997,-0.03293307365473852,0.014750458122775954,0.9802023798710818,0.05017657455123341,1.4878248120961166,-0.02496184168742943,-0.018851672940168873,0.06233816416660698,-1.786250275096145,1750.157717150294
2025-09-30 15:30:00,14.095000267028809,14.114999771118164,14.0,14.104999542236328,514107,1h,1H,yfinance,730d,2026-04-02T03:04:46Z,0.0007094200083777036,0.0007094200083777036,14.422430944013827,14.562849998474121,14.381119995117187,14.097258024215698,13.532231512069702,14.422430944013827,14.381119995117187,14.097258024215698,13.532231512069702,0.009028876947618631,0.29058626659443954,809340.25,0.6352173884840152,36.17164588719309,0.11499977111816406,0.19744935742199757,0.013998536960653616,15.133729602027516,23.79088564395237,26.902652018530354,14.562849998474121,0.29058626659443954,15.144022531663,13.981677465285243,0.0798157686510227,-0.10116689271137425,-0.02040540321184633,-0.08076148949952791,15.300000190734863,14.060099601745604,14.060099601745604,-0.045153043355317,0.007859925514593913,-0.018782640540081497,-0.02522465224994963,0.014528614735030487,0.9635149128774969,0.05017657455123341,1.5906978378830112,-0.022009562951608497,-0.019200205058758302,0.06273085723447336,-1.5756094106016298,1750.157717150294
2025-09-30 16:30:00,14.100000381469728,14.130999565124512,14.03499984741211,14.104999542236328,541675,1h,1H,yfinance,730d,2026-04-02T03:04:46Z,0.0,0.0,14.392199381939779,14.537099981307984,14.395719985961914,14.103858022689819,13.541356511116028,14.392199381939779,14.395719985961914,14.103858022689819,13.541356511116028,0.008637012061121914,0.30674967234441114,811048.2,0.6678702942685775,36.17164588719309,0.09599971771240234,0.1902029545855979,0.013484789844625653,14.39911796649298,23.5340401125181,25.932768106474107,14.537099981307984,0.30674967234441114,15.150599325996806,13.923600636619161,0.0844046399182325,-0.11228551342058424,-0.03878142525359392,-0.07350408816699032,15.300000190734863,14.0,14.0,-0.046959502671737874,0.010386783932172738,-0.009132428350986155,-0.03522574195307937,0.014419601276917753,0.935170784937826,0.05136037647169078,1.6433804757010555,-0.0199552432593344,-0.020194922102477975,0.06309290167085879,-1.408641892815141,1750.157717150294
2025-09-30 17:30:00,14.100000381469728,14.140000343322754,14.039999961853027,14.130000114440918,688849,1h,1H,yfinance,730d,2026-04-02T03:04:46Z,0.0017724617522834052,0.0017724617522834052,14.367228023130364,14.505349969863891,14.411519985198975,14.110158023834229,13.551556510925293,14.367228023130364,14.411519985198975,14.110158023834229,13.551556510925293,0.008260877941563606,0.3142879007956528,792625.65,0.8690723041829393,37.55985225484103,0.10000038146972656,0.18375991364874997,0.013004947782056037,13.662269646528294,22.969120087993428,24.924742140216257,14.505349969863891,0.3142879007956528,15.133925771455196,13.876774168272586,0.08666813319185337,-0.1177227288611018,-0.0545696859750955,-0.0631530428860063,15.300000190734863,14.0,14.0,-0.04655867709796779,0.004350061272192063,-0.005629832758007991,-0.043007125913749444,0.014370676626446017,0.9049641934133664,0.05219440934300954,1.6604869043021546,-0.01651173826346486,-0.01953436355410021,0.06345864946070057,-1.1942866857831171,1750.157717150294
2025-09-30 18:30:00,14.135000228881836,14.18000030517578,14.100000381469728,14.15999984741211,613212,1h,1H,yfinance,730d,2026-04-02T03:04:46Z,0.00212312333533049,0.00212312333533049,14.347492006395292,14.475849962234497,14.428219985961913,14.117408018112183,13.561556510925293,14.347492006395292,14.428219985961913,14.117408018112183,13.561556510925293,0.008310818981419773,0.3176118505786512,750355.75,0.8172283613472676,39.266794067779344,0.07999992370605113,0.17634848579570006,0.012453989244069775,12.726914259539916,23.845010929483752,24.117097200865754,14.475849962234497,0.3176118505786512,15.1110736633918,13.840626261077194,0.08776323363595424,-0.11824794483689871,-0.06730533774745615,-0.050942607089442565,15.300000190734863,14.0,14.0,-0.02209942713677715,0.009625685030570041,0.0,-0.04000001034494172,0.014370676626446017,0.866625112219907,0.05278498644307629,1.662655227364674,-0.013067939602239176,-0.01858996735638707,0.06390590005936492,-0.9944531800275896,1750.157717150294
2025-09-30 19:30:00,14.164999961853027,14.289999961853027,14.15999984741211,14.1899995803833,1290088,1h,1H,yfinance,730d,2026-04-02T03:04:46Z,0.002118625232660154,0.002118625232660154,14.332492727727484,14.43334994316101,14.445219974517823,14.122258014678955,13.57165650844574,14.332492727727484,14.445219974517823,14.122258014678955,13.57165650844574,0.006758758047942169,0.2953697630826336,731613.0,1.76334756216743,41.003653206606344,0.13000011444091797,0.17303788784178706,0.012194354683491327,12.43060564919293,27.106109911323177,22.82290276782678,14.43334994316101,0.2953697630826336,15.024089469326277,13.842610416995743,0.08185757686075901,-0.11491874281639625,-0.07682801876124418,-0.03809072405515207,15.300000190734863,14.0,14.0,-0.016972693599679456,0.012125471973539748,0.006739929872631167,-0.05651598295383242,0.014179560907921933,0.8599952257110093,0.05452495339904534,1.5012865075129478,-0.009941965438330036,-0.017668155596435753,0.0643667532794141,-0.8238837998784228,1750.157717150294
2025-10-01 13:30:00,14.170000076293944,14.59000015258789,14.170000076293944,14.420000076293944,831841,1h,1H,yfinance,730d,2026-04-02T03:04:46Z,0.01620863303115261,0.01620863303115261,14.340826760924289,14.412349939346313,14.468019981384277,14.126608018875123,13.581931509971618,14.340826760924289,14.468019981384277,14.126608018875123,13.581931509971618,0.0075033960318406385,0.2802552195574508,734032.4,1.1332483416263368,52.272996867936165,0.4200000762939471,0.1906780441597985,0.013223165267056247,13.532008277557473,34.079514038955246,19.232100216716326,14.412349939346313,0.2802552195574508,14.972860378461215,13.851839500231412,0.07778196359008531,-0.09265316044487903,-0.07999304709797116,-0.012660113346907878,15.079999923706056,14.0,14.0,-0.003110962725146993,0.03295129204082947,0.02233254479125435,-0.028301891642548593,0.013970968730374981,0.9464744730483222,0.058159827963679606,1.3373829722924833,0.00552083340030185,-0.00331903779177245,0.06524024000283823,0.027297036464513813,1750.157717150294
2025-10-01 14:30:00,14.420000076293944,14.5649995803833,14.350000381469728,14.545000076293944,449387,1h,1H,yfinance,730d,2026-04-02T03:04:46Z,0.008668515904205698,0.008668515904205698,14.36027183857854,14.391349935531617,14.484819984436035,14.132358016967773,13.592131509780884,14.36027183857854,14.484819984436035,14.132358016967773,13.592131509780884,0.00751963833411971,0.25240974220657547,727314.95,0.6178712537120267,57.07228872696713,0.21499919891357244,0.19241526949935378,0.013228963113789207,14.554739289610264,31.359553108024247,17.69714402134853,14.391349935531617,0.25240974220657547,14.896169419944767,13.886530451118466,0.0701559598890405,-0.06418122940799442,-0.07683068355997581,0.01264945415198139,14.989999771118164,14.0,14.03499984741211,0.004488987300587777,0.04377464214629878,0.031194650715164363,-0.028065490946307614,0.013863550740368599,0.9542261835756429,0.06163138474610935,1.138315489389832,0.012863839890491002,0.004154700708919545,0.0656768567912085,0.6087330045944807,1750.157717150294
2025-10-01 15:30:00,14.545000076293944,14.71500015258789,14.489999771118164,14.704999923706056,504993,1h,1H,yfinance,730d,2026-04-02T03:04:46Z,0.011000333212296542,0.011000333212296542,14.393103084781162,14.384349918365478,14.50341999053955,14.142108020782471,13.60273150920868,14.393103084781162,14.50341999053955,14.142108020782471,13.60273150920868,0.00781838717376125,0.2414343851053098,731261.75,0.6905776214877914,62.29827702824609,0.22500038146972656,0.19474277749723756,0.01324330353673046,16.065767143536725,34.273340174272285,16.23665921199365,14.384349918365478,0.2414343851053098,14.867218688576099,13.901481148154858,0.06713807338545193,-0.028379230318780202,-0.0671403929117367,0.03876116259295649,14.989999771118164,14.0,14.039999961853027,0.022956516431725582,0.04998213520493655,0.040693545973682355,-0.009430807733543656,0.013760528535512115,0.962412417702791,0.06494031015149798,1.033842820103982,0.02166988154588334,0.013898786168917043,0.06621379542198036,1.3281041356255694,1750.157717150294
2025-10-01 16:30:00,14.704999923706056,14.704999923706056,14.484999656677246,14.484999656677246,406871,1h,1H,yfinance,730d,2026-04-02T03:04:46Z,-0.014960915890529614,-0.014960915890529614,14.401855139247456,14.369999885559082,14.513919982910156,14.147758016586303,13.612306509017944,14.401855139247456,14.513919982910156,14.147758016586303,13.612306509017944,0.008391213247775154,0.22600335383635878,729598.25,0.5576644406699166,52.78315490604302,0.22000026702881037,0.19654688389234992,0.013568994722188095,17.4311086053491,31.53312011619954,15.120219693353262,14.369999885559082,0.22600335383635878,14.8220065932318,13.917993177886364,0.06290977192379174,-0.017555699851536488,-0.057223454299696656,0.03966775444816017,14.899999618530272,14.0,14.100000381469728,0.017562346753042135,0.045848321856878815,0.022951964178483664,-0.019428692800604774,0.013735978365578938,0.9878433382066698,0.06502392265462184,0.9674865704110235,0.005773181067708855,-0.0019925923711142657,0.06623517280446967,0.508840993578491,1750.157717150294
2025-10-01 17:30:00,14.484999656677246,14.539999961853027,14.4350004196167,14.475000381469728,405731,1h,1H,yfinance,730d,2026-04-02T03:04:46Z,-0.0006903193265115348,-0.0006903193265115348,14.408821352792433,14.353749895095826,14.522819995880127,14.154058017730712,13.620981512069703,14.408821352792433,14.522819995880127,14.154058017730712,13.620981512069703,0.008366333265204796,0.2052308354992896,728912.15,0.556625376597166,52.39147709338719,0.10499954223632812,0.19000778805977694,0.013126617136605864,18.310227181981805,30.28844813598634,16.402989503769952,14.353749895095826,0.2052308354992896,14.764211566094405,13.943288224097246,0.057192256239440194,-0.009673323862683603,-0.047713428212294046,0.03804010434961044,14.875,14.0,14.15999984741211,0.018648862956464285,0.06433823348947887,0.020084623644416544,-0.0219594462889664,0.013651797681481297,0.9615303012007098,0.06502392265462184,0.8795571522687123,0.004592952265625172,-0.003292722379259927,0.06620950795735947,0.5908005299443537,1750.157717150294
2025-10-01 18:30:00,14.475000381469728,14.675000190734863,14.470000267028809,14.664999961853027,577013,1h,1H,yfinance,730d,2026-04-02T03:04:46Z,0.013126050112339138,0.013126050112339138,14.433219315560109,14.345999908447265,14.536520004272461,14.16340802192688,13.630706510543824,14.433219315560109,14.536520004272461,14.16340802192688,13.630706510543824,0.008912766899973602,0.18982628891216022,696727.05,0.8281765434541403,58.66762024150208,0.2049999237060547,0.19107865489165393,0.01302957077318054,19.65244343663972,33.013912659358255,15.145985979402035,14.345999908447265,0.18982628891216022,14.725652486271585,13.966347330622945,0.05292800505327922,0.011769225832807706,-0.0358168974032737,0.047586123236081405,14.875,14.0,14.170000076293944,0.035663850274208375,0.09932532189724852,0.01699028323597984,-0.010458821603439472,0.013549494408588533,0.9616278202175254,0.06502392265462184,0.8139774238845793,0.016058832144471236,0.008838426084290196,0.0664538916620323,1.680484063792533,1750.157717150294
2025-10-01 19:30:00,14.65999984741211,14.734999656677246,14.619999885559082,14.720000267028809,1033952,1h,1H,yfinance,730d,2026-04-02T03:04:46Z,0.0037504470043538962,0.0037504470043538962,14.460531787128557,14.35799994468689,14.549420013427735,14.173458023071289,13.641110510826111,14.460531787128557,14.549420013427735,14.173458023071289,13.641110510826111,0.007303372745214603,0.2049049472574715,700078.5,1.476908660957307,60.29918637205014,0.11499977111816406,0.18564444890783324,0.012611715050281386,21.1133562186421,33.86167537676918,14.475816688727896,14.35799994468689,0.2049049472574715,14.767809839201833,13.948190050171947,0.057084537692395146,0.03282231075545994,-0.022089055771526974,0.054911366526986916,14.829999923706056,14.03499984741211,14.350000381469728,0.044341964395843814,0.10056076762832222,0.012031639038633468,0.016574636214070848,0.013507391969807313,0.9336898698484498,0.06502392265462184,0.8779005535486197,0.01794321839057167,0.011724196115284524,0.06658618459844257,1.7666743882325608,1750.157717150294
2025-10-02 13:30:00,14.6899995803833,14.81999969482422,14.31999969482422,14.375,823766,1h,1H,yfinance,730d,2026-04-02T03:04:46Z,-0.023437517715374723,-0.023437517715374723,14.452385902640124,14.354999923706055,14.552540016174316,14.17960802078247,13.649435510635376,14.452385902640124,14.552540016174316,14.17960802078247,13.649435510635376,0.009000821870653429,0.20419361821997087,710324.75,1.159703361033105,47.60497727173842,0.5,0.20809841684298802,0.014476411606468733,20.42278510566559,28.050263797973802,22.288778828208688,14.354999923706055,0.20419361821997087,14.763387160145998,13.946612687266112,0.05689825685969193,0.021421460709595053,-0.013386952475302569,0.03480841318489762,14.734999656677246,14.039999961853027,14.4350004196167,0.019142181249646617,0.07758619457071925,-0.022441341408921733,-0.00415659285573422,0.013507391969807313,1.0717399508970675,0.06502392265462184,0.875035748949047,-0.005354541676470648,-0.012199933205955138,0.06616423842841401,0.09794662765806693,1750.157717150294
2025-10-02 14:30:00,14.380000114440918,14.425000190734863,14.272899627685549,14.335000038146973,572525,1h,1H,yfinance,730d,2026-04-02T03:04:46Z,-0.0027826060419496867,-0.0027826060419496867,14.441206296497919,14.34849991798401,14.543840007781982,14.185758018493653,13.65758551120758,14.441206296497919,14.543840007781982,14.185758018493653,13.65758551120758,0.009002524634301163,0.20265187119982955,717703.8,0.7977176656999726,46.38569819044525,0.15210056304931463,0.20409857014343993,0.014237779532634234,19.515424082415784,26.557126397901737,22.75069530859482,14.34849991798401,0.20265187119982955,14.753803660383669,13.94319617558435,0.05649423211016833,0.009054171429434987,-0.008898727694355058,0.017952899123790046,14.81999969482422,14.100000381469728,14.31999969482422,0.0163063100584957,0.07579739162019061,-0.010355514123959741,-0.00898721832489302,0.013507391969807313,1.0540731744854621,0.06502392265462184,0.8688222703856328,-0.007354389665959027,-0.014359341791663427,0.0648910084324299,-0.06661611243512586,1750.157717150294
2025-10-02 15:30:00,14.335000038146973,14.335000038146973,13.949999809265137,13.975000381469728,964385,1h,1H,yfinance,730d,2026-04-02T03:04:46Z,-0.025113334894959705,-0.025113334894959705,14.396805733161901,14.323249959945679,14.529940013885499,14.187508020401001,13.662735514640808,14.396805733161901,14.529940013885499,14.187508020401001,13.662735514640808,0.010475794584707992,0.21573295564133868,743424.1,1.2972205232518021,37.160775723269126,0.38500022888183594,0.2170201171961825,0.01552916717511809,19.0931770140161,23.191901922160348,30.495520088969474,14.323249959945679,0.21573295564133868,14.754715871228356,13.891784048663002,0.06024692894269834,-0.02945640299997976,-0.01301026275548,-0.01644614024449976,14.81999969482422,14.15999984741211,14.272899627685549,-0.010969549307560111,0.04760121601337852,-0.0345423134247429,-0.0348756337521684,0.013507391969807313,1.1496791689935402,0.06502392265462184,0.926534827231252,-0.029298537433243066,-0.038192837127024926,0.06347224524074302,-1.614262306102755,1750.157717150294
2025-10-02 16:30:00,13.975000381469728,14.039999961853027,13.949999809265137,13.979999542236328,348619,1h,1H,yfinance,730d,2026-04-02T03:04:46Z,0.0003577216908865477,0.0003577216908865477,14.357109905454704,14.303499937057495,14.51654001235962,14.190108013153075,13.66883551120758,14.357109905454704,14.51654001235962,14.190108013153075,13.66883551120758,0.010405871790669055,0.22783279806968995,732403.75,0.4759929205714744,37.34711285908172,0.09000015258789062,0.20794726258130453,0.01487462585052703,18.701090450502104,22.474936240612074,29.552766820257816,14.303499937057495,0.22783279806968995,14.759165533196875,13.847834340918116,0.06371385998455405,-0.0588940265174287,-0.02218701550786974,-0.03670701100955896,14.81999969482422,13.949999809265137,13.949999809265137,-0.012711886095724712,0.05271083007081678,-0.04670988212741489,-0.0274782927139946,0.013507391969807313,1.101221159775022,0.06542596668500299,0.9738313885572073,-0.02626645374324954,-0.03696063040273179,0.06201731672438182,-1.4199026547627003,1750.157717150294
2025-10-02 17:30:00,13.979999542236328,14.010000228881836,13.864500045776367,13.874699592590332,349279,1h,1H,yfinance,730d,2026-04-02T03:04:46Z,-0.007532185485976894,-0.007532185485976894,14.311166066134287,14.28548493385315,14.501634006500245,14.193070011138916,13.673787007331848,14.311166066134287,14.501634006500245,14.193070011138916,13.673787007331848,0.010327601319169964,0.24605307534343066,704968.2,0.4954535537915044,34.99331364575406,0.14550018310546875,0.2034867569044591,0.01466602974331275,18.690657063046146,21.327052716663577,31.044630618707675,14.28548493385315,0.24605307534343066,14.777591084540012,13.793378783166288,0.06889596719544172,-0.08968653065223542,-0.03568691853674288,-0.05399961211549254,14.81999969482422,13.949999809265137,13.949999809265137,-0.022219872946920294,0.01238231811958923,-0.05742531651523519,-0.02531085864255056,0.013507391969807313,1.085778052202476,0.0675750873498701,1.0195468462916335,-0.03049831659607405,-0.04323198431493269,0.06054262792922738,-1.669498910710466,1750.157717150294
2025-10-02 18:30:00,13.875,14.06999969482422,13.824999809265137,13.869999885559082,737361,1h,1H,yfinance,730d,2026-04-02T03:04:46Z,-0.0003387249576026763,-0.0003387249576026763,14.26915023941284,14.268484926223755,14.490134010314941,14.196420011520386,13.678337006568908,14.26915023941284,14.490134010314941,14.196420011520386,13.678337006568908,0.010328592475431213,0.2619152695441166,669528.35,1.1013140817711453,34.8876291833257,0.2449998855590838,0.20645198037978946,0.014884786018977508,18.329448462928887,21.595126510703093,28.413119014613336,14.268484926223755,0.2619152695441166,14.792315465311988,13.74465438713552,0.07342482986760514,-0.11316454863325376,-0.05118244455604506,-0.0619821040772087,14.81999969482422,13.864500045776367,13.864500045776367,-0.03814148320561006,0.006896571300155641,-0.03513044274371602,-0.02392682277798419,0.013526892283406873,1.1003847526187764,0.06845403425486499,1.0726150864130681,-0.02797295894686591,-0.042796990304879934,0.05934910094378987,-1.5214272973021616,1750.157717150294
2025-10-02 19:30:00,13.864999771118164,13.904999732971191,13.75,13.770000457763672,1236860,1h,1H,yfinance,730d,2026-04-02T03:04:46Z,-0.007209764139906483,-0.007209764139906483,14.221612164970061,14.248984956741333,14.473934020996094,14.197070016860962,13.683387007713318,14.221612164970061,14.473934020996094,14.197070016860962,13.683387007713318,0.010401869286332422,0.282940359897822,688285.45,1.7970160490825429,32.62950427374999,0.1549997329711914,0.2027768198506039,0.014725984975278354,18.320521302596752,20.416054420826097,29.5036758532144,14.248984956741333,0.282940359897822,14.814865676536977,13.68310423694569,0.07942751311951099,-0.1382465450107997,-0.06859526464699599,-0.0696512803638037,14.81999969482422,13.824999809265137,13.824999809265137,-0.053282888584744614,-0.013610285090552288,-0.039413992248327645,-0.027542330074227683,0.013526892283406873,1.0886450979832507,0.06952596354224111,1.1424151363433332,-0.031755310295887296,-0.04863457040852093,0.057774220142801314,-1.6928814932964555,1750.157717150294
2025-10-03 13:30:00,13.8100004196167,13.979999542236328,13.72070026397705,13.854999542236328,716187,1h,1H,yfinance,730d,2026-04-02T03:04:46Z,0.006172772813869631,0.006172772813869631,14.186696677090659,14.236984920501708,14.459234008789062,14.198930015563965,13.688662004470824,14.186696677090659,14.459234008789062,14.198930015563965,13.688662004470824,0.010497819469425336,0.2940865646339476,680335.05,1.052697490743715,36.39784161826684,0.25929927825927734,0.20681413830836629,0.014927040428828807,17.856971518545524,21.17799208839847,26.861454637686034,14.236984920501708,0.2940865646339476,14.825158049769604,13.648811791233813,0.0826260802483407,-0.14954166882432496,-0.08478454548246178,-0.06475712334186318,14.81999969482422,13.75,13.75,-0.05780349444949229,-0.012473285393128308,-0.008586821893222685,-0.017027365749959777,0.013526892283406873,1.1035084863608666,0.06952596354224111,1.1884204984536533,-0.023380857602317673,-0.04178882962855779,0.05629271904489741,-1.2988875528565578,1750.157717150294
2025-10-03 14:30:00,13.854999542236328,14.039999961853027,13.84000015258789,13.9350004196167,514119,1h,1H,yfinance,730d,2026-04-02T03:04:46Z,0.005774152293292589,0.005774152293292589,14.162725604950282,14.228484964370727,14.440534019470215,14.202280015945435,13.693637008666991,14.162725604950282,14.440534019470215,14.202280015945435,13.693637008666991,0.01059191160526162,0.30017225584472934,680335.65,0.75568434492592,39.810300237421316,0.19999980926513672,0.2063274005195642,0.014806415091965924,17.071926795955232,21.78882695533066,25.001620707107364,14.228484964370727,0.30017225584472934,14.828829476060186,13.628140452681269,0.08438628753416398,-0.15030510986925982,-0.0978886583598214,-0.052416451509438425,14.81999969482422,13.72070026397705,13.72070026397705,-0.037970262347021166,-0.003218821465886146,-0.003218821465886146,-0.01205240185301526,0.013526892283406873,1.0945910399633043,0.06952596354224111,1.2137377640641305,-0.0160791920768405,-0.0350079574046156,0.054543362755307134,-0.9777204223225722,1750.157717150294
2025-10-03 15:30:00,13.93000030517578,13.96500015258789,13.875,13.949999809265137,264193,1h,1H,yfinance,730d,2026-04-02T03:04:46Z,0.0010763824324915294,0.0010763824324915294,14.14246600536122,14.220734977722168,14.423834018707275,14.205780010223389,13.699937009811402,14.14246600536122,14.423834018707275,14.205780010223389,13.699937009811402,0.01059730087120851,0.30521891732424467,666461.55,0.39641146589777004,40.45536261814194,0.09000015258789062,0.19801831138158751,0.014194861225020963,16.342956696407104,21.081461727694858,24.18995346320279,14.220734977722168,0.30521891732424467,14.831172812370658,13.610297143073678,0.08585179818128753,-0.14799383618755968,-0.10790969392536906,-0.04008414226219062,14.81999969482422,13.72070026397705,13.72070026397705,-0.036269468626520696,-0.008880994791752417,0.005427160146589172,-0.010988992414147636,0.013881927973604529,1.0225424920811759,0.06952596354224111,1.2348163737296143,-0.013609097311821139,-0.03285078078599557,0.05283944067607349,-0.8870196212950334,1750.157717150294
2025-10-03 16:30:00,13.954999923706056,13.989999771118164,13.869999885559082,13.869999885559082,350165,1h,1H,yfinance,730d,2026-04-02T03:04:46Z,-0.0057347616343995655,-0.0057347616343995655,14.11651685109435,14.207734966278077,14.405834007263184,14.207380008697509,13.704987010955811,14.11651685109435,14.405834007263184,14.207380008697509,13.704987010955811,0.01064316538968311,0.31421123733570705,649527.35,0.5391073986337912,38.10944462217851,0.11999988555908203,0.19244556667997997,0.013874950848438506,15.50574769779664,21.070396950771,23.11254615215967,14.207734966278077,0.31421123733570705,14.83615744094949,13.579312491606663,0.08846202102769632,-0.15087823008087042,-0.11650340115646934,-0.03437482892440108,14.81999969482422,13.72070026397705,13.72070026397705,-0.05421071110548381,-0.024544622018602413,0.0,-0.01840058222052765,0.014034906036729734,0.9886030453020048,0.06952596354224111,1.2723595117664273,-0.017463016417973987,-0.037195633479737644,0.05113810000309482,-1.0748663338165538,1750.157717150294
2025-10-03 17:30:00,13.869999885559082,13.954999923706056,13.81999969482422,13.925000190734863,454354,1h,1H,yfinance,730d,2026-04-02T03:04:46Z,0.003965414969689052,0.003965414969689052,14.09827716915535,14.195984983444214,14.386734008789062,14.209830007553101,13.707562012672424,14.09827716915535,14.386734008789062,14.209830007553101,13.707562012672424,0.010676601624442535,0.32011506549654223,641584.45,0.7081748942013791,40.65724075485547,0.13500022888183594,0.18834232826582684,0.013525481198279787,15.02316972104473,19.991621010789718,23.825465346468988,14.195984983444214,0.32011506549654223,14.836215114437298,13.55575485245113,0.09019876137368973,-0.14703118408490212,-0.12260895774215591,-0.02442222634274621,14.81999969482422,13.72070026397705,13.72070026397705,-0.054008156377188254,-0.057210578255916356,0.011256334627338438,-0.016596021130621308,0.014034906036729734,0.9637030104001575,0.06952596354224111,1.2973392496587075,-0.012290649158153033,-0.03209441543661817,0.049547249575727204,-0.8465230847196038,1750.157717150294
2025-10-03 18:30:00,13.925000190734863,13.960000038146973,13.869999885559082,13.949999809265137,428042,1h,1H,yfinance,730d,2026-04-02T03:04:46Z,0.0017953047172600822,0.0017953047172600822,14.084155515832473,14.183984994888306,14.370734004974365,14.21188000679016,13.710412011146545,14.084155515832473,14.370734004974365,14.21188000679016,13.710412011146545,0.010672445820799462,0.324581730040091,598482.15,0.7152126425157375,41.82942694971737,0.09000015258789062,0.18131788714597424,0.012997698181009923,14.539026508052032,19.479797936720615,22.980739170322977,14.183984994888306,0.324581730040091,14.833148454968487,13.534821534808124,0.09153470767406062,-0.14034727609607422,-0.12615662141293957,-0.014190654683134657,14.81999969482422,13.72070026397705,13.72070026397705,-0.029565230659816533,-0.04907977254835161,0.006856749921875016,-0.016913303609250807,0.014034906036729734,0.9260979836270076,0.06952596354224111,1.3165543202928487,-0.009525292902121563,-0.02927715421937338,0.04816208245900855,-0.7208821814902153,1750.157717150294
2025-10-03 19:30:00,13.949999809265137,13.979999542236328,13.885000228881836,13.949999809265137,886436,1h,1H,yfinance,730d,2026-04-02T03:04:46Z,0.0,0.0,14.071378781873678,14.160484981536865,14.356133995056153,14.21448000907898,13.713362011909485,14.071378781873678,14.356133995056153,14.21448000907898,13.713362011909485,0.009940793128760101,0.3236562161774581,601211.9,1.474415260243518,41.82942694971738,0.09499931335449219,0.17515227473229697,0.012555718790473855,13.93799116293169,19.540717573195774,22.090430419227026,14.160484981536865,0.3236562161774581,14.80779741389178,13.513172549181949,0.09142517833236835,-0.13351119689005841,-0.12762753650836334,-0.005883660381695077,14.81999969482422,13.72070026397705,13.81999969482422,-0.026857358064688475,-0.047781558190604256,0.0010763824324915294,-0.03259363831776074,0.014034906036729734,0.8946065443983162,0.06952596354224111,1.3149789470637423,-0.008625947356693864,-0.028289941145079656,0.04687194741803258,-0.6503356393325703,1750.157717150294
2025-10-06 13:30:00,14.149999618530272,14.40999984741211,14.0649995803833,14.244999885559082,780207,1h,1H,yfinance,730d,2026-04-02T03:04:46Z,0.02114695916325493,0.02114695916325493,14.087914125081811,14.145484972000123,14.350633983612061,14.21978000640869,13.718237009048462,14.087914125081811,14.350633983612061,14.21978000640869,13.718237009048462,0.01091037250869935,0.3122385170498643,617752.9,1.262975859765288,54.20813480267325,0.46000003814697266,0.19549854354763094,0.013724011591310595,14.870483494747443,31.967298892385426,18.37772507073361,14.145484972000123,0.3122385170498643,14.76996200609985,13.521007937900395,0.0882934781431434,-0.10310102963807743,-0.12272223513430616,0.019621205496228727,14.81999969482422,13.72070026397705,13.81999969482422,0.019320178656121012,-0.025649795002420372,0.02114695916325493,-0.02062565755663448,0.014034906036729734,0.9778484840151036,0.07116039853152342,1.2407670553451182,0.011150391682016147,-0.007360935981895245,0.046098997571369704,0.3187144062148706,1750.157717150294
2025-10-06 14:30:00,14.244999885559082,14.300000190734863,14.020000457763672,14.13539981842041,525600,1h,1H,yfinance,730d,2026-04-02T03:04:46Z,-0.007693932468878395,-0.007693932468878395,14.09243657206644,14.11700496673584,14.347141971588135,14.224734001159668,13.721764006614684,14.09243657206644,14.347141971588135,14.224734001159668,13.721764006614684,0.010641274890307612,0.28466474542284836,618783.25,0.849408900451006,49.95486316387983,0.2799997329711914,0.20153434279217097,0.014257420757886411,15.428191902025372,28.794909714134132,18.148821917939266,14.11700496673584,0.28466474542284836,14.686334457581536,13.547675475890143,0.08065867968272561,-0.08684348481481763,-0.11554648507040846,0.028703000255590833,14.81999969482422,13.72070026397705,13.81999969482422,0.011115899947964136,-0.02143301370333317,0.019134818677082555,-0.03873513146826946,0.014216320378827599,1.002891070119665,0.07642617149355807,1.0553803508203246,0.0030486740979291937,-0.014758490129047397,0.045575624582377516,0.06461935304720112,1750.157717150294
2025-10-06 15:30:00,14.135000228881836,14.170000076293944,14.029999732971191,14.050000190734863,475153,1h,1H,yfinance,730d,2026-04-02T03:04:46Z,-0.006041543131610538,-0.006041543131610538,14.088395011939623,14.09525499343872,14.338941974639893,14.225684003829956,13.725141005516052,14.088395011939623,14.338941974639893,14.225684003829956,13.725141005516052,0.01026551275156125,0.2720559379196163,622197.35,0.7636692763156256,46.869016535748706,0.14000034332275213,0.19713905711578392,0.014031249426301457,15.946063994497733,27.33426661533236,17.22820949897383,14.09525499343872,0.2720559379196163,14.639366869277953,13.551143117599487,0.07720497090581403,-0.07992892871664026,-0.10842297379965482,0.028494045083014563,14.81999969482422,13.72070026397705,13.81999969482422,0.01263455089421539,-0.03635114785628024,0.008976660559270266,-0.030031030462735142,0.014216320378827599,0.9869817964427864,0.07831624201266252,0.9858104643648656,-0.002725280003309183,-0.020150844073158036,0.044720922639494676,-0.16634374184190162,1750.157717150294
2025-10-06 16:30:00,14.05799961090088,14.100000381469728,13.975000381469728,14.005000114440918,405072,1h,1H,yfinance,730d,2026-04-02T03:04:46Z,-0.0032028523617828597,-0.0032028523617828597,14.08045264074927,14.071754980087281,14.327541980743408,14.227434005737305,13.728266005516053,14.08045264074927,14.327541980743408,14.227434005737305,13.728266005516053,0.010270569342190275,0.2581843370586363,622164.4,0.6510690743475518,45.2817081140912,0.125,0.19198626732179935,0.01370840883634391,16.02433446884151,26.063050942840878,18.473242359715396,14.071754980087281,0.2581843370586363,14.588123654204553,13.555386305970009,0.07339079949131823,-0.07719042015357758,-0.10217646307043937,0.024986042916861795,14.81999969482422,13.72070026397705,13.869999885559082,0.009733253784839135,-0.04009595832959667,0.003942674260056345,-0.032469793066844055,0.014216320378827599,0.9642726437679245,0.07831624201266252,0.9371082882073437,-0.00535867192862749,-0.02251201683694215,0.043652707121683454,-0.2585550556895413,1750.157717150294
2025-10-06 17:30:00,14.0,14.071000099182127,13.979999542236328,14.025400161743164,750472,1h,1H,yfinance,730d,2026-04-02T03:04:46Z,0.0014566260003960885,0.0014566260003960885,14.075209547510593,14.039774990081787,14.318649978637696,14.229478006362916,13.733443007469177,14.075209547510593,14.318649978637696,14.229478006362916,13.733443007469177,0.009735143889084967,0.2194239963662324,630837.35,1.189644208606228,46.171705452118395,0.091000556945799,0.1847730022949422,0.013174169732350614,16.097014195017874,25.14619152149402,17.82338113136288,14.039774990081787,0.2194239963662324,14.478622982814251,13.600926997349323,0.06251496096518393,-0.07253784790309581,-0.09624874003697066,0.023710892133874853,14.81999969482422,13.81999969482422,13.885000228881836,0.0185475450609367,-0.05679890587195946,0.005405043262290965,-0.04361403353382931,0.014216320378827599,0.9266933623675883,0.07831624201266252,0.798237496572885,-0.003538802431274468,-0.020480269950870933,0.042611817797637785,-0.06551165130832,1750.157717150294
2025-10-06 18:30:00,14.024999618530272,14.03499984741211,13.989999771118164,13.994999885559082,584020,1h,1H,yfinance,730d,2026-04-02T03:04:46Z,-0.002167515780904683,-0.002167515780904683,14.06757053208664,14.0035249710083,14.306149978637695,14.229678001403808,13.738243007659912,14.06757053208664,14.306149978637695,14.229678001403808,13.738243007659912,0.009639876647483529,0.1542651789220983,608340.75,0.9600211723446112,44.9971534357915,0.04500007629394531,0.17478922186629958,0.012489405022908079,16.16450251218164,24.68376494650803,17.495617577816365,14.0035249710083,0.1542651789220983,14.312055328852496,13.694994613164104,0.044064670642991834,-0.07049112132947499,-0.09109721629547153,0.020606094965996538,14.81999969482422,13.81999969482422,13.975000381469728,0.010104680472631467,-0.05343253094394218,-0.017550017691010167,-0.04925274241289579,0.014216320378827599,0.8785258555025659,0.07831624201266252,0.5626504733956369,-0.005158719223197217,-0.0217493940398521,0.04133767110256681,-0.05526253888781399,1750.157717150294
2025-10-06 19:30:00,13.994999885559082,14.020000457763672,13.925000190734863,13.949999809265137,904492,1h,1H,yfinance,730d,2026-04-02T03:04:46Z,-0.00321543956140935,-0.00321543956140935,14.056373320389353,13.982274961471557,14.289849967956544,14.22882800102234,13.742618007659912,14.056373320389353,14.289849967956544,14.22882800102234,13.742618007659912,0.008364322844755398,0.12880118326831,612377.05,1.4770181214335187,43.243524023077676,0.0950002670288086,0.1690900108064788,0.012121147893792423,15.6962029373323,23.693183383296205,19.539275387865608,13.982274961471557,0.12880118326831,14.239877328008177,13.724672594934937,0.03684698909819019,-0.07167399267752828,-0.08721257157188289,0.015538578894354615,14.81999969482422,13.81999969482422,13.975000381469728,0.0010763824324915294,-0.05551798395967633,-0.013116007437842025,-0.029565230659816533,0.01411305532566121,0.8588606516515966,0.07831624201266252,0.47048974965158064,-0.0075676355984310995,-0.0237826260914904,0.03982006630698853,-0.25058117780786804,1750.157717150294
2025-10-07 13:30:00,13.800000190734863,13.875,13.284500122070312,13.324999809265137,1614459,1h,1H,yfinance,730d,2026-04-02T03:04:46Z,-0.04480286799609101,-0.04480286799609101,13.986718700282285,13.931774950027465,14.261349964141846,14.222102994918822,13.743768005371093,13.986718700282285,14.261349964141846,14.222102994918822,13.743768005371093,0.012624263907148521,0.17152048261089975,664473.75,2.42968063072469,27.31894049573731,0.6654996871948242,0.20454784483421778,0.015350682758883915,17.040930403148547,18.18702971368383,37.36487270862563,13.931774950027465,0.17152048261089975,14.274815915249265,13.588733984805666,0.04924583787094886,-0.1216414959538934,-0.094098356448285,-0.027543139505608397,14.425000190734863,13.81999969482422,13.925000190734863,-0.04480286799609101,-0.10450270787744598,-0.05160144993790261,-0.07045693939268338,0.01411305532566121,1.0876937987320419,0.07831624201266252,0.6288074683535834,-0.04731051686939225,-0.06565648814670633,0.03765939286580511,-3.537624961905101,1750.157717150294
2025-10-07 14:30:00,13.31999969482422,13.380000114440918,12.970000267028809,13.005000114440918,1189512,1h,1H,yfinance,730d,2026-04-02T03:04:46Z,-0.024014986822117335,-0.024014986822117335,13.893221692106916,13.883274936676026,14.220649967193603,14.211202993392945,13.743443007469176,13.893221692106916,14.220649967193603,14.211202993392945,13.743443007469176,0.012532462892952567,0.264422356387729,675730.1,1.7603359684584128,22.708082931530072,0.4099998474121094,0.21922298787549577,0.016856823217715144,19.110565391169924,15.75744893458989,42.62057589903648,13.883274936676026,0.264422356387729,14.412119649451483,13.354430223900568,0.07618443273472696,-0.18493063804011278,-0.11226481276665057,-0.07266582527346221,14.40999984741211,13.284500122070312,13.284500122070312,-0.06236480016259904,-0.11830507698705639,-0.07140306974855892,-0.0694096773202948,0.01411305532566121,1.194413458230058,0.07831624201266252,0.9727794743063529,-0.06393200924524356,-0.08548483054973821,0.03472251891066014,-3.321484742187502,1750.157717150294
2025-10-07 15:30:00,13.005000114440918,13.010000228881836,12.850000381469728,12.96500015258789,892292,1h,1H,yfinance,730d,2026-04-02T03:04:46Z,-0.003075737139641488,-0.003075737139641488,13.804819640724151,13.832524967193603,14.183149967193604,14.20060299873352,13.743293008804322,13.804819640724151,14.183149967193604,14.20060299873352,13.743293008804322,0.012501778337173227,0.33020791880834105,702913.75,1.2694189009675796,22.203611961686008,0.1599998474121076,0.21499276355668234,0.016582550021317855,21.291783631542266,14.919816281475118,44.34179759098698,13.832524967193603,0.33020791880834105,14.492940804810285,13.17210912957692,0.09548738775935424,-0.2355995567108664,-0.13693176155549375,-0.09866779515537266,14.40999984741211,12.970000267028809,12.970000267028809,-0.06894075583465475,-0.11682562104465521,-0.07560568660619804,-0.07260367831786585,0.01411305532566121,1.174979452618347,0.0800430964011183,1.1929496990076482,-0.06083523798158119,-0.08588711375282354,0.03200520851207189,-2.6272077839212575,1750.157717150294
2025-10-07 16:30:00,12.96500015258789,13.005499839782717,12.885000228881836,12.949999809265137,862816,1h,1H,yfinance,730d,2026-04-02T03:04:46Z,-0.0011569875160980514,-0.0011569875160980514,13.723408228204246,13.786289978027344,14.142849960327148,14.189652996063232,13.743643007278443,13.723408228204246,14.142849960327148,14.189652996063232,13.743643007278443,0.012480806373927336,0.38177636541304555,728590.6,1.184226093501618,22.006175848707684,0.12049961090088068,0.20824325265269653,0.016080560287244788,23.31720056903087,14.303150080588559,42.50906135985349,13.786289978027344,0.38177636541304555,14.549842708853436,13.022737247201253,0.11076986368965776,-0.27380914081528474,-0.16430723740745196,-0.10950190340783278,14.40999984741211,12.850000381469728,12.850000381469728,-0.07168458879374551,-0.10812676301666879,-0.07466953089240402,-0.0666464723905823,0.01411305532566121,1.1394102776601565,0.08164237996553315,1.3567691649413125,-0.05635687622770014,-0.08434298280814245,0.029046661997644385,-2.1905236796348606,1750.157717150294
2025-10-07 17:30:00,12.94499969482422,12.949999809265137,12.81999969482422,12.823200225830078,968039,1h,1H,yfinance,730d,2026-04-02T03:04:46Z,-0.009791473768543169,-0.009791473768543169,13.63767413274004,13.733949995040893,14.102413959503174,14.177384996414185,13.74183400630951,13.63767413274004,14.102413959503174,14.177384996414185,13.74183400630951,0.012536177201813662,0.4347878166156361,740124.5,1.3079407586156113,20.358225246002903,0.1300001144409162,0.2026544570661408,0.01580373490994308,25.343784498330933,13.647773022142411,42.85231649553882,13.733949995040893,0.4347878166156361,14.603525628272166,12.86437436180962,0.12663154206113503,-0.3107401590535641,-0.1935938217366744,-0.11714633731688973,14.40999984741211,12.850000381469728,12.850000381469728,-0.0807741647915059,-0.1038993815645497,-0.0807741647915059,-0.07547221833930162,0.01411305532566121,1.1197954337504632,0.08350618389125233,1.516433109026316,-0.05972234700597878,-0.0907088486656622,0.02623958003190152,-2.0946993784233423,1750.157717150294
2025-10-07 18:30:00,12.822199821472168,13.010000228881836,12.81999969482422,13.008299827575684,850853,1h,1H,yfinance,730d,2026-04-02T03:04:46Z,0.014434743159726704,0.014434743159726704,13.577733722724387,13.695864963531495,14.067139949798584,14.1667679977417,13.742125005722047,13.577733722724387,14.067139949798584,14.1667679977417,13.742125005722047,0.013118934510839392,0.4624428638613709,720824.15,1.1803891420674515,28.74659515069699,0.1900005340576154,0.2017506054226747,0.015509375406230496,26.805785523382298,14.853985652698995,39.969704143981375,13.695864963531495,0.4624428638613709,14.620750691254237,12.770979235808753,0.13506057926030535,-0.3213677389123557,-0.21914860517181067,-0.10221913374054503,14.40999984741211,12.81999969482422,12.81999969482422,-0.08681643158432784,-0.10039420516884878,-0.023767353562680338,-0.055315948065821074,0.01411305532566121,1.0989381851306437,0.08511904285772576,1.5867257751717856,-0.041938802658625596,-0.07527046194191456,0.023650996038909966,-1.4868109980434827,1750.157717150294
2025-10-07 19:30:00,13.005000114440918,13.050000190734863,12.899999618530272,12.904999732971191,1923532,1h,1H,yfinance,730d,2026-04-02T03:04:46Z,-0.00794109114747732,-0.00794109114747732,13.513663818938369,13.648364973068237,14.029239940643311,14.15416799545288,13.741800003051758,13.513663818938369,14.029239940643311,14.15416799545288,13.741800003051758,0.012998833498994574,0.4915326572881772,781191.4,2.462305652622392,27.035215372470873,0.15000057220459162,0.1980541744785259,0.01534708861500509,27.881466823195826,15.493020705515967,37.807424732938024,13.648364973068237,0.4915326572881772,14.63143028764459,12.665299658491882,0.1440561292896544,-0.3342723433409702,-0.2421733528056426,-0.09209899053532764,14.40999984741211,12.81999969482422,12.81999969482422,-0.08704388282288522,-0.11457976659679603,-0.007689379514782546,-0.06856729272123796,0.01411305532566121,1.08743913071042,0.08707263816221547,1.6544362538008694,-0.04504064139246833,-0.08013550359311683,0.020917196984945097,-1.5123415078832145,1750.157717150294
2025-10-08 13:30:00,12.979999542236328,13.130000114440918,12.850000381469728,13.05500030517578,1022126,1h,1H,yfinance,730d,2026-04-02T03:04:46Z,0.01162344636252488,0.01162344636252488,13.469981579532408,13.604364967346191,13.993939952850342,14.144767999649048,13.740875005722046,13.469981579532408,13.993939952850342,14.144767999649048,13.740875005722046,0.013266343582204958,0.5031544893683143,806591.75,1.2672160358694469,33.249503212267854,0.27999973297118963,0.20390742865657333,0.015619105621600965,28.322135570344052,16.77579843259898,34.09913524823817,13.604364967346191,0.5031544893683143,14.61067394608282,12.598055988609563,0.14793913294034913,-0.3286075593602771,-0.2594601941165695,-0.06914736524370757,14.40999984741211,12.81999969482422,12.81999969482422,-0.07081849623142544,-0.0977885235480771,0.006941777981385178,-0.06315034717918766,0.01411305532566121,1.1067132708819871,0.08837774958541986,1.6739409368798346,-0.030807857598498245,-0.06709616096954274,0.018416945574638577,-1.0918409231727453,1750.157717150294
2025-10-08 14:30:00,13.05500030517578,13.270000457763672,12.994999885559082,13.263299942016602,896463,1h,1H,yfinance,730d,2026-04-02T03:04:46Z,0.015955544386945686,0.015955544386945686,13.450297614054712,13.570029973983765,13.969605960845946,14.137800998687744,13.741241507530212,13.450297614054712,13.969605960845946,14.137800998687744,13.741241507530212,0.013886169094048476,0.5018253120160707,838205.25,1.0695029648167915,40.79082312561113,0.27500057220458984,0.20898551033857451,0.015756675280827553,27.830804414491837,19.984045518695513,30.89410043514269,13.570029973983765,0.5018253120160707,14.573680598015907,12.566379349951623,0.14792165175114927,-0.3038080275549362,-0.26832976080424287,-0.03547826675069332,14.40999984741211,12.81999969482422,12.81999969482422,-0.05295966914413164,-0.09279753448442651,0.024193060800457467,-0.04922579760843093,0.014144335092093934,1.1139919394044084,0.08933039120069303,1.655893921015334,-0.01390286500744109,-0.05056019624382979,0.01661890981179459,-0.6112286977611449,1750.157717150294
2025-10-08 15:30:00,13.260000228881836,13.26550006866455,13.09000015258789,13.104999542236328,608557,1h,1H,yfinance,730d,2026-04-02T03:04:46Z,-0.011935219777304162,-0.011935219777304162,13.417412083405342,13.531779956817626,13.94300594329834,14.128162994384766,13.741266503334046,13.417412083405342,13.94300594329834,14.128162994384766,13.741266503334046,0.014025165604501986,0.5066351228417257,851124.85,0.7150032101635853,37.3383801241379,0.17549991607666016,0.2065936821770092,0.015764493658406847,27.374568341200494,18.771451975367356,29.019505690072727,13.531779956817626,0.5066351228417257,14.545050202501077,12.518509711134175,0.1497615611422859,-0.29354394731892164,-0.2733725981071786,-0.020171349211743017,14.40999984741211,12.81999969482422,12.81999969482422,-0.065623840239325,-0.11242809092362371,0.021975740177449188,-0.05515503602269267,0.014802254686445752,1.065006243463856,0.09081196985302904,1.6491389998990378,-0.023284113152893693,-0.06010227668767487,0.014681284284483231,-0.8423822102729059,1750.157717150294
2025-10-08 16:30:00,13.100000381469728,13.15999984741211,13.045000076293944,13.050000190734863,380165,1h,1H,yfinance,730d,2026-04-02T03:04:46Z,-0.0041968220849002424,-0.0041968220849002424,13.382420474579583,13.488029956817627,13.914705944061279,14.11841300010681,13.741491503715515,13.382420474579583,13.914705944061279,14.11841300010681,13.741491503715515,0.013942824315590642,0.5085661852002064,847415.4,0.44861705369055127,36.192234793805596,0.11499977111816584,0.2000512599585204,0.015329598240201654,27.14098280529963,18.000680709339097,29.43467468130139,13.488029956817627,0.5085661852002064,14.50516232721804,12.470897586417214,0.15082000464957382,-0.2865444715008625,-0.2760069727859154,-0.01053749871494708,14.40999984741211,12.81999969482422,12.81999969482422,-0.06752409450173191,-0.11525422435695842,0.0032056735862422414,-0.06283662391489153,0.015338343427603372,0.999429847985671,0.09147994300321449,1.648667453195442,-0.024840071680318543,-0.06214330053417094,0.012605213946311977,-0.8613033639079352,1750.157717150294
2025-10-08 17:30:00,13.05500030517578,13.130000114440918,13.024999618530272,13.095000267028809,379400,1h,1H,yfinance,730d,2026-04-02T03:04:46Z,0.0034482816579493036,0.0034482816579493036,13.355047121479508,13.445279979705811,13.887005958557129,14.109162998199462,13.743366503715515,13.355047121479508,13.887005958557129,14.109162998199462,13.743366503715515,0.01397669944134289,0.5038499913766836,844983.3,0.44900295662648004,37.87261537013702,0.10500049591064631,0.19326191966938655,0.014758450991100035,27.01057023460371,17.302117106253124,29.031591185670287,13.445279979705811,0.5038499913766836,14.452979962459178,12.437579996952444,0.14989646690502256,-0.2742053379618312,-0.2756466458210986,0.0014413078592673823,14.40999984741211,12.81999969482422,12.850000381469728,-0.06129029060405189,-0.12932178854770304,0.014723017279278272,-0.06129029060405189,0.015338343427603372,0.9621932812209861,0.09345628304586129,1.6039206998149573,-0.01947180358745837,-0.0570321416936016,0.010451548010655287,-0.6952063484608249,1750.157717150294
2025-10-08 18:30:00,13.095000267028809,13.100000381469728,12.979999542236328,13.020000457763672,392635,1h,1H,yfinance,730d,2026-04-02T03:04:46Z,-0.005727362179134499,-0.005727362179134499,13.323137915411333,13.398780012130738,13.859905967712402,14.09976300239563,13.74486650466919,13.323137915411333,13.859905967712402,14.09976300239563,13.74486650466919,0.013969771503266013,0.4980046135302829,820293.25,0.4786519942715608,36.163256527594406,0.12000083923340021,0.1880289853525304,0.014441549826552498,27.088017686672053,16.513382870346355,29.417622976356974,13.398780012130738,0.4980046135302829,14.394789239191304,12.402770785070171,0.14867162923173877,-0.2673959692562562,-0.2739965105081301,0.006600541251873926,14.40999984741211,12.81999969482422,12.850000381469728,-0.02288925747596582,-0.12264148760853189,-0.002680953396702046,-0.06666662109083255,0.015338343427603372,0.9415325647594397,0.103128625724506,1.4416135984289626,-0.02275270732557766,-0.06059965427654035,0.008369631164051983,-0.7605944685571326,1750.157717150294
2025-10-08 19:30:00,13.029999732971191,13.074999809265137,12.970000267028809,13.029999732971191,1080975,1h,1H,yfinance,730d,2026-04-02T03:04:46Z,0.0007679934605191452,0.0007679934605191452,13.295219993274177,13.338030004501343,13.835805969238281,14.090712995529175,13.745366501808167,13.295219993274177,13.835805969238281,14.090712995529175,13.745366501808167,0.012844044264743821,0.46401893568696956,835331.65,1.2940668535664845,36.57427978720453,0.10499954223632812,0.18209831084423025,0.013975311939834317,27.205272566169825,15.83325667363072,28.59824241532063,13.338030004501343,0.46401893568696956,14.266067875875283,12.409992133127403,0.13915666272466684,-0.25821608328227086,-0.2708404250629583,0.012624341780687443,14.40999984741211,12.81999969482422,12.979999542236328,0.0019223082130166436,-0.12930173069741535,-0.01758990674005212,-0.08529309668999019,0.015338343427603372,0.9111356780996245,0.11870070287539639,1.1723322554437077,-0.019948542441355355,-0.058240643014123794,0.006579633028934939,-0.6638312530804801,1750.157717150294
2025-10-09 13:30:00,13.029999732971191,13.31999969482422,12.81999969482422,12.835000038146973,730716,1h,1H,yfinance,730d,2026-04-02T03:04:46Z,-0.014965441198804497,-0.014965441198804497,13.2513895213573,13.273010015487671,13.808305969238281,14.079012994766236,13.745066499710083,13.2513895213573,13.808305969238281,14.079012994766236,13.745066499710083,0.013034665057442538,0.43811870543242626,845587.45,0.8641518981862846,32.217747455717074,0.5,0.20480557435535668,0.01595680356421137,25.57700129562641,21.61691629160554,23.6112404562089,13.273010015487671,0.43811870543242626,14.149247426352524,12.396772604622818,0.1320329616028936,-0.26363676270991476,-0.2693996925923496,0.00576292988243482,14.300000190734863,12.81999969482422,12.970000267028809,-0.010027004466711786,-0.1353991372668485,-0.02060278622820011,-0.09199596735699223,0.015348885686944503,1.0396066456983228,0.1293322518320143,1.0208819511964207,-0.031422326129590505,-0.07048699045774409,0.004600884945120676,-0.9997518296060409,1750.157717150294
2025-10-09 14:30:00,12.83650016784668,12.84000015258789,12.739999771118164,12.770000457763672,550307,1h,1H,yfinance,730d,2026-04-02T03:04:46Z,-0.00506424465836508,-0.00506424465836508,13.205542943872192,13.209010028839112,13.780505981445312,14.068212995529175,13.74419150352478,13.205542943872192,13.780505981445312,14.068212995529175,13.74419150352478,0.013031478559002455,0.4126951004013962,849345.15,0.6479191645469453,30.89664124757121,0.10000038146972656,0.19731948914924025,0.015451799692714775,24.490386712136957,20.834392808395627,25.652476561718995,13.209010028839112,0.4126951004013962,14.034400229641903,12.38361982803632,0.12497381696292528,-0.2700644779306973,-0.26953264966001916,-0.0005318282706781585,14.170000076293944,12.81999969482422,12.81999969482422,-0.013899564027227473,-0.13552665939940856,-0.02145591792174706,-0.0911031826046006,0.015401241225799344,1.0032827527453267,0.1293322518320143,0.9663004795219211,-0.032981793172739415,-0.07332862269659979,0.0026421690872990844,-1.063762498387913,1750.157717150294
2025-10-09 15:30:00,12.770000457763672,12.81999969482422,12.729999542236328,12.739999771118164,393894,1h,1H,yfinance,730d,2026-04-02T03:04:46Z,-0.0023493097549004416,-0.0023493097549004416,13.161205498847998,13.145760011672973,13.7534059715271,14.05961298942566,13.74379150390625,13.161205498847998,13.7534059715271,14.05961298942566,13.74379150390625,0.013037637733235711,0.3816218042740148,848786.25,0.46406736678404015,30.279483272750184,0.0900001525878924,0.18965382225200111,0.01488648553055316,23.5346340596346,20.128181840295106,25.159584564722827,13.145760011672973,0.3816218042740148,13.909003620221002,12.382516403124944,0.11612011901484516,-0.27441599644940595,-0.27050931901789654,-0.003906677431509409,14.100000381469728,12.739999771118164,12.739999771118164,-0.00648827541071384,-0.13918921574786913,-0.027109621128033168,-0.09032490774622548,0.015401241225799344,0.9665769993665255,0.1293322518320143,0.8978434796424176,-0.03200358263281444,-0.07368401707234795,0.0006995498744373219,-1.0632522460992873,1750.157717150294
2025-10-09 16:30:00,12.739999771118164,12.79990005493164,12.699999809265137,12.704999923706056,553188,1h,1H,yfinance,730d,2026-04-02T03:04:46Z,-0.0027472408195370335,-0.0027472408195370335,13.11775734883448,13.079739999771117,13.725405979156495,14.05326298713684,13.74321650505066,13.11775734883448,13.725405979156495,14.05326298713684,13.74321650505066,0.012971438906124746,0.3351144470211419,838922.05,0.6594033378905704,29.53819243865844,0.0999002456665039,0.18324285249589417,0.014422892845043176,22.813277370808017,19.34436241187893,25.349233208433052,13.079739999771117,0.3351144470211419,13.749968893813401,12.409511105728834,0.10248351940543343,-0.2774900686271451,-0.27190546893974626,-0.005584599687398828,14.071000099182127,12.729999542236328,12.729999542236328,-0.023315875855403956,-0.14271253810192808,-0.024193588554736523,-0.09414349842500325,0.015401241225799344,0.9364760043419559,0.1293322518320143,0.7924049721066183,-0.031465548123216225,-0.07434432591648177,-0.0012959503248470838,-1.1182450634287908,1750.157717150294
2025-10-09 17:30:00,12.710000038146973,12.779999732971191,12.6850004196167,12.69499969482422,482400,1h,1H,yfinance,730d,2026-04-02T03:04:46Z,-0.0007871097160084828,-0.0007871097160084828,13.077494715119217,13.014739990234375,13.697205982208253,14.046462984085084,13.743541502952576,13.077494715119217,13.697205982208253,14.046462984085084,13.743541502952576,0.012989168220982578,0.27128013850705757,833841.05,0.5785275263193147,29.317344538634075,0.09499931335449219,0.1769397425572226,0.013937750831877635,22.229346170512898,18.60250325856752,24.982594757360786,13.014739990234375,0.27128013850705757,13.55730026724849,12.47217971322026,0.0833762760410466,-0.27753398880680535,-0.2730311729131581,-0.004502815893647261,14.03499984741211,12.699999809265137,12.699999809265137,-0.01627276578785497,-0.1232734740222532,-0.025709903684747237,-0.0928903323590794,0.015401241225799344,0.9049758151005292,0.1293322518320143,0.6446673189402244,-0.029248340651423455,-0.07316866583490311,-0.003371439649261343,-1.1786351082308821,1750.157717150294
2025-10-09 18:30:00,12.69499969482422,12.699999809265137,12.460000038146973,12.484999656677246,1605121,1h,1H,yfinance,730d,2026-04-02T03:04:46Z,-0.016541949050427496,-0.016541949050427496,13.02106661431522,12.941489982604981,13.66430597305298,14.037912979125977,13.741391501426698,13.02106661431522,13.66430597305298,14.037912979125977,13.741391501426698,0.013231522622027973,0.19627288280831717,868872.5,1.8473608038003275,25.077184484451607,0.23999977111816406,0.18144403031157558,0.014532962378940507,22.804704430702103,16.844937847422553,31.47976600819743,12.941489982604981,0.19627288280831717,13.334035748221616,12.548944216988346,0.060664694118570096,-0.29115775849995273,-0.276656490030517,-0.014501268469435724,14.020000457763672,12.6850004196167,12.6850004196167,-0.04366148105508283,-0.13508837590953338,-0.02726921546003025,-0.10501793352103739,0.015401241225799344,0.9436228006477594,0.1293322518320143,0.469060835632597,-0.041169204759971656,-0.08630561396249559,-0.005609732345207896,-2.3257941667548128,1750.157717150294
2025-10-09 19:30:00,12.484999656677246,12.56999969482422,12.484999656677246,12.56999969482422,1603881,1h,1H,yfinance,730d,2026-04-02T03:04:46Z,0.006808173046405797,0.006808173046405797,12.978107860077982,12.903739976882935,13.63250597000122,14.030362977981568,13.739716501235963,12.978107860077982,13.63250597000122,14.030362977981568,13.739716501235963,0.00992272973432318,0.19142686314203133,868343.6,1.8470580079129968,29.52047797016752,0.08500003814697443,0.17455517372838977,0.013886649002884542,23.33896567230636,16.259032081096013,30.384827184802766,12.903739976882935,0.19142686314203133,13.286593703166998,12.520886250598872,0.05933996298281675,-0.2917329851765924,-0.2796717890597321,-0.012061196116860295,13.875,12.460000038146973,12.460000038146973,-0.052272077855683996,-0.13100590651736987,-0.0156617663093237,-0.05666042215745093,0.015399444153859933,0.9017630028811006,0.1293322518320143,0.45881798346704433,-0.03144589100766715,-0.07793917549092444,-0.007802965310463095,-1.7434349421015813,1750.157717150294
2025-10-10 13:30:00,9.96500015258789,10.550000190734863,9.75,10.125,13490260,1h,1H,yfinance,730d,2026-04-02T03:04:46Z,-0.19451072030104866,-0.19451072030104866,12.706383301975317,12.759739971160888,13.551205978393554,13.998212976455688,13.725741500854491,12.706383301975317,13.551205978393554,13.998212976455688,13.725741500854491,0.04289362911283927,0.633612937421498,1483381.0,9.094265060695802,10.405120923939222,2.8199996948242205,0.3635154966638063,0.03590276510259815,27.425318490911778,7.249696081545505,67.28927908830377,12.759739971160888,0.633612937421498,14.026965846003884,11.492514096317892,0.198628793017277,-0.48390177962231284,-0.32051778717224827,-0.16338399245006457,13.380000114440918,12.460000038146973,12.460000038146973,-0.22739409739252847,-0.30075964640284314,-0.20525901240959366,-0.2214532940482583,0.015399444153859933,2.331432533790447,0.13354677043159946,1.487335054043943,-0.20315641678887641,-0.252834027012533,-0.012715926673256384,-4.158279945928853,1750.157717150294
2025-10-10 14:30:00,10.119999885559082,10.175000190734863,9.770000457763672,9.829999923706056,6838648,1h,1H,yfinance,730d,2026-04-02T03:04:46Z,-0.029135810004340068,-0.029135810004340068,12.432442027854435,12.602989959716798,13.459405975341797,13.963712978363038,13.710416498184204,12.432442027854435,13.459405975341797,13.963712978363038,13.710416498184204,0.043016986482199183,0.8966365141790906,1780698.8,3.8404293864857997,9.597607043067512,0.4049997329711914,0.36647865640004806,0.037281654043175225,31.219788965331094,6.6774302510778485,61.97769709287909,12.602989959716798,0.8966365141790906,14.396262988074978,10.809716931358617,0.28457898230341483,-0.6524795958340341,-0.38691014890460546,-0.2655694469294287,13.31999969482422,9.75,9.75,-0.2467433118748088,-0.31617391835088304,-0.22628886401137105,-0.24180487404437623,0.015399444153859933,2.420974008586565,0.1371086209924861,2.075573222481834,-0.2093267033393521,-0.26965573802328024,-0.018308015870681316,-3.0926579412723707,1750.157717150294
2025-10-10 15:30:00,9.829999923706056,10.15999984741211,9.760000228881836,10.020099639892578,3370901,1h,1H,yfinance,730d,2026-04-02T03:04:46Z,0.019338730179242036,0.019338730179242036,12.20269513376283,12.45649495124817,13.368907966613769,13.926863975524903,13.695666995048523,12.20269513376283,13.368907966613769,13.926863975524903,13.695666995048523,0.043520727132222735,1.053585107848866,1906103.05,1.768477837543988,14.217638029295358,0.39999961853027344,0.3688730108379213,0.03681330766106791,34.74746087430792,6.160223695140201,57.370801493242894,12.45649495124817,1.053585107848866,14.563665166945901,10.349324735550438,0.3383247412606366,-0.7619559178330793,-0.46191930269030024,-0.300036615142779,13.31999969482422,9.75,9.75,-0.23481485791782353,-0.29609414249669996,-0.21070501136145792,-0.22624712065836083,0.015399444153859933,2.3905608081211493,0.14160639600716063,2.3891911015342027,-0.1788617571729194,-0.2504922866612729,-0.023858569907759142,-2.312480779393368,1750.157717150294
2025-10-10 16:30:00,10.020000457763672,10.039999961853027,9.600099563598633,9.6899995803833,3904157,1h,1H,yfinance,730d,2026-04-02T03:04:46Z,-0.03294379011911863,-0.03294379011911863,11.963390795345733,12.29983491897583,13.268607959747314,13.886013975143433,13.67916699409485,11.963390795345733,13.268607959747314,13.886013975143433,13.67916699409485,0.0437627181724928,1.2089046313501568,2052908.95,1.9017682201638801,12.977409314759782,0.43990039825439453,0.37394639565338367,0.03859096097490148,38.09223431954521,5.642600831785788,55.604434517307475,12.29983491897583,1.2089046313501568,14.717644181676143,9.882025656275516,0.3931449939982832,-0.8653774749403844,-0.542610937140317,-0.32276653780006737,13.31999969482422,9.75,9.75,-0.2557604270585667,-0.31808588639195345,-0.22386865463781724,-0.24433843270539413,0.015399444153859933,2.5059970080302216,0.14598889052040182,2.692978846519431,-0.19002900213264606,-0.26970488465861375,-0.030013452904315674,-2.1588430310484887,1750.157717150294
2025-10-10 17:30:00,9.6850004196167,9.720000267028809,9.4399995803833,9.510000228881836,4987182,1h,1H,yfinance,730d,2026-04-02T03:04:46Z,-0.018575785273083012,-0.018575785273083012,11.7297345509206,12.124919939041138,13.169107971191407,13.84151397705078,13.662566995620727,11.7297345509206,13.169107971191407,13.84151397705078,13.662566995620727,0.04332384153029387,1.3397454650272271,2259725.4,2.2069858576621746,12.345031600997373,0.2800006866455078,0.3672359878671068,0.038615770665474065,41.26525421950309,5.335298995604738,55.69015566717774,12.124919939041138,1.3397454650272271,14.804410869095593,9.445429008986684,0.441980803753885,-0.9509028314839423,-0.6242693160090421,-0.32663351547490016,13.31999969482422,9.600099563598633,9.600099563598633,-0.2701457848216472,-0.3283898071072444,-0.24343671760010932,-0.2689282723387084,0.015399444153859933,2.5076080850486324,0.1479303923457492,2.987761992281266,-0.18923994506461783,-0.2778553984304931,-0.03611759229341671,-1.9518033674449948,1750.157717150294
2025-10-10 18:30:00,9.505000114440918,9.59000015258789,9.44499969482422,9.529999732971191,3090001,1h,1H,yfinance,730d,2026-04-02T03:04:46Z,0.002102997224817882,0.002102997224817882,11.52023599683018,11.956169939041137,13.070207958221436,13.79651397705078,13.645941996574402,11.52023599683018,13.070207958221436,13.79651397705078,13.645941996574402,0.043454676605621086,1.4396859616283064,2318048.85,1.333018068191272,12.85315965007392,0.1450004577636701,0.3513620214311471,0.03686904840254409,44.211629840892556,5.178029214117242,54.0485647047974,11.956169939041137,1.4396859616283064,14.83554186229775,9.076798015784524,0.4816545662929133,-1.005477975669244,-0.7005110479410825,-0.3049669277281615,13.31999969482422,9.4399995803833,9.4399995803833,-0.25749904911203525,-0.32387374583710515,-0.058765458471981113,-0.261526545512214,0.01553545265715787,2.3732200931755205,0.14830538108604396,3.2477214431853048,-0.17276002543755242,-0.2708608949885437,-0.04219086073335898,-1.685207934740095,1750.157717150294
2025-10-10 19:30:00,9.524999618530272,9.5600004196167,9.420000076293944,9.4399995803833,4720390,1h,1H,yfinance,730d,2026-04-02T03:04:46Z,-0.009443877765968334,-0.009443877765968334,11.322118242882858,11.775419902801513,12.96570795059204,13.75111397743225,13.629954495429992,11.322118242882858,12.96570795059204,13.75111397743225,13.629954495429992,0.04307515117525333,1.5153248323450075,2502962.05,1.885921522461757,12.50193690227097,0.14000034332275568,0.33626475870911915,0.03562126839580489,46.95898603776346,5.024042161411983,52.97227508680259,11.775419902801513,1.5153248323450075,14.806069567491528,8.744770238111498,0.5147416720093332,-1.043957340400702,-0.7692003064330065,-0.2747570339676956,13.31999969482422,9.4399995803833,9.4399995803833,-0.2607674830078692,-0.33073379037582007,-0.03967450115459614,-0.2769054492751928,0.015604237486771165,2.2827945566711354,0.14921659518701233,3.4496275120351747,-0.16623379319348364,-0.27192563519431645,-0.04873431859663713,-1.5412011158057008,1750.157717150294
2025-10-13 13:30:00,9.859999656677246,9.859999656677246,9.304400444030762,9.46500015258789,3162231,1h,1H,yfinance,730d,2026-04-02T03:04:46Z,0.0026483658173610536,0.0026483658173610536,11.145249853330958,11.585504913330078,12.860607948303223,13.705013980865479,13.61397949695587,11.145249853330958,12.860607948303223,13.705013980865479,13.61397949695587,0.0426925454333463,1.5544626932961774,2616250.45,1.2086881819743212,13.211395127011016,0.5555992126464844,0.351931505418931,0.03718240884789706,48.129479192463705,10.54633625596537,46.998841158173676,11.585504913330078,1.5544626932961774,14.694430299922434,8.476579526737723,0.536692256375513,-1.0602136934429236,-0.82740298383499,-0.2328107096079336,13.31999969482422,9.420000076293944,9.420000076293944,-0.2570643388828596,-0.32896132862353655,-0.05539859954033732,-0.2863766789587662,0.015608146675560812,2.3822436847109567,0.14982901402365423,3.582031556923833,-0.1507592672084327,-0.26403167014848117,-0.0553380845638195,-1.364140014351673,1750.157717150294
2025-10-13 14:30:00,9.46500015258789,9.515000343322754,9.350000381469728,9.354999542236328,1354757,1h,1H,yfinance,730d,2026-04-02T03:04:46Z,-0.011621828692890857,-0.011621828692890857,10.974749823702897,11.398004913330078,12.76020793914795,13.656373977661133,13.596779494285583,10.974749823702897,12.76020793914795,13.656373977661133,13.596779494285583,0.042693978358751744,1.585721453789963,2653560.45,0.5105431082227654,12.72259217073632,0.16499996185302557,0.3385792523070806,0.036192332322246445,49.21636569325679,10.1792255240158,45.36284373123791,11.398004913330078,1.585721453789963,14.569447820910005,8.226562005750152,0.5564908826931445,-1.0696429225103952,-0.8758509715700711,-0.1937919509403241,13.31999969482422,9.304400444030762,9.304400444030762,-0.26367574982971986,-0.33793351263490223,-0.034571728860046225,-0.28615033429906356,0.015704301628463074,2.3046126582700173,0.15035823577729818,3.7011001081270085,-0.1475888113611744,-0.26686151300595506,-0.06152718410188418,-1.2883759415695948,1750.157717150294
2025-10-13 15:30:00,9.350000381469728,9.40999984741211,9.31999969482422,9.325300216674805,1468531,1h,1H,yfinance,730d,2026-04-02T03:04:46Z,-0.0031747009101855683,-0.0031747009101855683,10.817659384938317,11.211769914627075,12.660013942718505,13.601926975250244,13.578555994033813,10.817659384938317,12.660013942718505,13.601926975250244,13.578555994033813,0.042708296677744555,1.599431108993537,2707978.75,0.5422978300697522,12.587182449187097,0.09000015258788885,0.3208236023271383,0.034403568236169545,50.25735715600449,9.975256773466397,45.12181359477742,11.211769914627075,1.599431108993537,14.410632132614149,8.012907696640001,0.5706257339108932,-1.067210009174886,-0.9141227790910341,-0.15308723008385183,13.31999969482422,9.304400444030762,9.304400444030762,-0.26543517598690847,-0.34143359342061697,-0.01942166222521191,-0.28541761836176005,0.025180185900190458,1.3662952439087959,0.17426262996114977,3.2745157928473185,-0.1379558289976628,-0.2634052174928041,-0.06764651938828403,-1.1794629273775699,1750.157717150294
2025-10-13 16:30:00,9.324999809265137,9.359999656677246,9.199999809265137,9.354999542236328,1700850,1h,1H,yfinance,730d,2026-04-02T03:04:46Z,0.003184811734899151,0.003184811734899151,10.678358447538127,11.02476987838745,12.567613925933838,13.548776969909667,13.560330991744996,10.678358447538127,12.567613925933838,13.548776969909667,13.560330991744996,0.04270245206320817,1.5869035388585258,2774051.25,0.6131285425963201,13.57775088917117,0.15999984741210938,0.3093361912617791,0.03306640367700454,51.35235316444297,9.606716560414654,46.22567622542873,11.02476987838745,1.5869035388585258,14.198576956104503,7.850962800670399,0.5757593333424338,-1.050772766098854,-0.9414527764925982,-0.10931998960625577,13.31999969482422,9.304400444030762,9.304400444030762,-0.25070085706946144,-0.3407329232645664,-0.018363084537076135,-0.28560524234651796,0.03373498595658704,0.9801813381383087,0.2416038876603459,2.3830714766968226,-0.12392905817905897,-0.2556264381314368,-0.07320743619130576,-1.0522191773245422,1750.157717150294
2025-10-13 17:30:00,9.354999542236328,9.4350004196167,9.260000228881836,9.350000381469728,1302801,1h,1H,yfinance,730d,2026-04-02T03:04:46Z,-0.0005343838600985196,-0.0005343838600985196,10.551848155531612,10.841269874572754,12.475013942718506,13.495776977539062,13.542555994987488,10.551848155531612,12.475013942718506,13.495776977539062,13.542555994987488,0.042777638433154505,1.5574934928878885,2819559.55,0.46205833815426955,13.549916532522758,0.17500019073486328,0.29974076265271365,0.03205783426990592,51.986809037519286,10.993366956967703,44.29793847805336,10.841269874572754,1.5574934928878885,13.956256860348532,7.726282888796977,0.5746535270894244,-1.026318759236064,-0.9584259730412914,-0.06789278619477268,13.31999969482422,9.199999809265137,9.199999809265137,-0.25616542494271877,-0.3515949839112099,-0.009533813868021213,-0.2818740358880376,0.03373498595658704,0.9502845002265772,0.3114518617820257,1.845079762251042,-0.11389926734605604,-0.25050180910401354,-0.07882869767450928,-0.9574804003437146,1750.157717150294
2025-10-13 18:30:00,9.359999656677246,9.380000114440918,9.149999618530272,9.154999732971191,1826050,1h,1H,yfinance,730d,2026-04-02T03:04:46Z,-0.02085568348050537,-0.02085568348050537,10.418814972430619,10.647519874572755,12.380619945526123,13.441126976013184,13.524230995178222,10.418814972430619,12.380619945526123,13.441126976013184,13.524230995178222,0.04262891736498697,1.5135703973580854,2856813.3,0.6391912275121374,12.475585948264268,0.2300004959106463,0.2947593150282803,0.03219653999188247,52.713921176929716,10.380644323639439,44.49459122779816,10.647519874572755,1.5135703973580854,13.674660669288926,7.620379079856583,0.5686095598553911,-1.0110193040615556,-0.9689446392453442,-0.04207466481621136,13.31999969482422,9.199999809265137,9.199999809265137,-0.09580249550901809,-0.3705741021003913,-0.03275228891908044,-0.29739064308609897,0.03373498595658704,0.9543961284974486,0.3657348676294599,1.5547042685344166,-0.12130124614014437,-0.26053785890750536,-0.08456015355400459,-0.9860923180096115,1750.157717150294
2025-10-13 19:30:00,9.154999732971191,9.154999732971191,9.029999732971191,9.03499984741211,2789856,1h,1H,yfinance,730d,2026-04-02T03:04:46Z,-0.013107579362008015,-0.013107579362008015,10.28702305576219,10.45751986503601,12.283919944763184,13.387026977539062,13.504947996139526,10.28702305576219,12.283919944763184,13.387026977539062,13.504947996139526,0.042634093489153126,1.4647706007197565,2959770.3,0.9425920653369622,11.852782383142937,0.125,0.2826336496691174,0.03128208682262148,53.53499174656559,10.052713362741061,46.12167598675594,10.45751986503601,1.4647706007197565,13.387061066475523,7.527978663596498,0.5602745659100739,-0.9970836043647413,-0.9745724322692237,-0.022511172095517562,13.31999969482422,9.149999618530272,9.149999618530272,-0.08087488122728492,-0.3855831421769198,-0.03420627583993685,-0.2960654600265572,0.03373498595658704,0.9272891609582362,0.4175628988760841,1.3417728620481217,-0.12170899215091868,-0.26448561305840623,-0.09041338417040778,-0.9711554948774269,1750.157717150294
2025-10-14 13:30:00,8.75,9.020000457763672,8.609999656677246,8.824999809265137,4374109,1h,1H,yfinance,730d,2026-04-02T03:04:46Z,-0.023242948720925916,-0.023242948720925916,10.147782746571993,10.260269832611083,12.185019931793214,13.329476976394654,13.484422993659972,10.147782746571993,12.185019931793214,13.329476976394654,13.484422993659972,0.04257720899511764,1.4044654141269823,3150960.4,1.3881827902375417,10.83352653080641,0.4250001907348633,0.2928026883166707,0.0331787755971694,54.72967743727445,9.010469541939997,51.58568869461634,10.260269832611083,1.4044654141269823,13.069200660865048,7.451339004357118,0.5475354691601,-0.9915546848035781,-0.9779688827760947,-0.013585802027483385,12.84000015258789,9.029999732971191,9.029999732971191,-0.11927025414691916,-0.39074904946946143,-0.05364979097563727,-0.3089272127707815,0.03379117191666947,0.9818770322316648,0.46181768502339915,1.1856095747661932,-0.13035191729481044,-0.27575007191913536,-0.09636326763686542,-1.0219333341420247,1750.157717150294
2025-10-14 14:30:00,8.824999809265137,8.899999618530273,8.765000343322754,8.835000038146973,2341748,1h,1H,yfinance,730d,2026-04-02T03:04:46Z,0.0011331704360306727,0.0011331704360306727,10.022755821960086,10.065019845962524,12.084619941711425,13.271926975250244,13.463822994232178,10.022755821960086,12.084619941711425,13.271926975250244,13.463822994232178,0.04264495810436712,1.3147308519795136,3248353.1,0.7209031555097873,11.225023782254652,0.13499927520751953,0.28153101595173136,0.03186542328649258,55.839028435789814,8.701849179777668,49.81881141333562,10.065019845962524,1.3147308519795136,12.694481549921552,7.435558142003497,0.5224950857923658,-0.9751254026747311,-0.9774001867558221,0.0022747840810909414,12.81999969482422,8.609999656677246,8.609999656677246,-0.08823525069776195,-0.3896373191494241,-0.05558519823989738,-0.30651489820462197,0.03379117191666947,0.9430103035512981,0.4981981191511232,1.0487696876147226,-0.1185059084459299,-0.2689054284899788,-0.10243769938980885,-0.9355677673217927,1750.157717150294
2025-10-14 15:30:00,8.829999923706055,9.09000015258789,8.78499984741211,8.984999656677246,1385759,1h,1H,yfinance,730d,2026-04-02T03:04:46Z,0.0169778854422884,0.0169778854422884,9.923921901456959,9.879019832611084,11.985619926452637,13.213076972961426,13.44514799118042,9.923921901456959,11.985619926452637,13.213076972961426,13.44514799118042,0.04319010865161305,1.1848074308085206,3289981.65,0.4212056927429975,17.10430206449071,0.30500030517578125,0.2832073937534492,0.03152002276850197,55.87819493514636,12.824518671885976,45.98649805779668,9.879019832611084,1.1848074308085206,12.248634694228125,7.5094049709940425,0.47972671414118173,-0.939175136250288,-0.9697551766547153,0.0305800404044273,12.79990005493164,8.609999656677246,8.609999656677246,-0.05520510615869023,-0.3873167623560002,-0.03903750908030523,-0.29279813375580754,0.03379117191666947,0.9327886835719029,0.4981981191511232,0.9629235753811861,-0.0946120146957089,-0.25035169546407265,-0.10855425806284813,-0.7545700277417674,1750.157717150294
2025-10-14 16:30:00,8.989999771118164,9.1899995803833,8.975000381469727,9.114999771118164,2018682,1h,1H,yfinance,730d,2026-04-02T03:04:46Z,0.014468571998698776,0.014468571998698776,9.84688169856755,9.700019836425781,11.888919925689697,13.156376972198487,13.427122988700866,9.84688169856755,11.888919925689697,13.156376972198487,13.427122988700866,0.04358695685745044,1.0022109822604361,3366795.75,0.5995855257925878,21.929955644298886,0.21499919891357422,0.2783353798363153,0.030535972224404243,55.421439470792485,14.683191456930064,43.44920441866214,9.700019836425781,1.0022109822604361,11.704441800946654,7.6955978719049085,0.41328203412405656,-0.8899357430421144,-0.9537912899321952,0.06385554689008077,12.779999732971191,8.609999656677246,8.609999656677246,-0.04354669186581828,-0.38077448330386465,-0.004369193120669301,-0.2820007884809663,0.03379117191666947,0.9036671560165864,0.4981981191511232,0.8295535816719769,-0.07432626387253694,-0.23331977773503365,-0.11455939327476117,-0.5837294498491067,1750.157717150294
2025-10-14 17:30:00,9.114999771118164,9.21500015258789,9.0649995803833,9.175000190734863,1471918,1h,1H,yfinance,730d,2026-04-02T03:04:46Z,0.0065826024271351535,0.0065826024271351535,9.782892983535866,9.534519863128661,11.795019931793213,13.100426969528199,13.408511991500854,9.782892983535866,11.795019931793213,13.100426969528199,13.408511991500854,0.04384597938325403,0.7765392863595189,3360135.6,0.43805315475958767,24.12536740818642,0.15000057220458984,0.26916860786262065,0.029337177358800887,54.871893056292166,14.762156858285433,41.71969751315089,9.534519863128661,0.7765392863595189,11.087598435847699,7.981441290409624,0.3257801326158043,-0.8364297947410222,-0.9303189908939606,0.09388919615293845,12.699999809265137,8.609999656677246,8.609999656677246,-0.028071970490244236,-0.3617391171662704,0.015495334331727006,-0.2651181062846184,0.03379117191666947,0.8681905863208198,0.4981981191511232,0.6539168256413715,-0.062138346379139286,-0.22212931866237418,-0.12033341661851604,-0.46297679809511816,1750.157717150294
2025-10-14 18:30:00,9.175000190734863,9.260000228881836,9.135000228881836,9.19499969482422,1509351,1h,1H,yfinance,730d,2026-04-02T03:04:46Z,0.002179782416740883,0.002179782416740883,9.72690314651571,9.365769863128662,11.700419921875,13.043576965332031,13.390657987594604,9.72690314651571,11.700419921875,13.043576965332031,13.390657987594604,0.043746614983062926,0.34582294250453244,3355409.1,0.44982622238224246,24.88362333668195,0.125,0.25887085015814776,0.02815343760194617,54.12669438652733,15.494661674183021,40.280766482496034,9.365769863128662,0.34582294250453244,10.057415748137727,8.674123978119598,0.1476965364549366,-0.7833818144667575,-0.9009315556085201,0.11754974114176264,12.56999969482422,8.609999656677246,8.609999656677246,-0.02852619687384239,-0.3585629807913959,0.04192633354741049,-0.2684964265663171,0.03379117191666947,0.8331595504107936,0.4981981191511232,0.2964614493258141,-0.05468374092755546,-0.21413079562782766,-0.12622516886664403,-0.49380809459223035,1750.157717150294
2025-10-14 19:30:00,9.193499565124512,9.199999809265137,8.930000305175781,8.989999771118164,2778248,1h,1H,yfinance,730d,2026-04-02T03:04:46Z,-0.022294717836853106,-0.022294717836853106,9.656721872668324,9.309019851684571,11.60121992111206,12.985976963043212,13.371007986068726,9.656721872668324,11.60121992111206,12.985976963043212,13.371007986068726,0.014872784895381201,0.30758995729604344,2819808.5,0.9852612331653018,22.411299229979065,0.26999950408935547,0.2596657540103769,0.028883844340529947,53.82548365165665,14.343855052469914,42.928182369857964,9.309019851684571,0.30758995729604344,9.924199766276658,8.693839937092484,0.13216856863416468,-0.7492458487416283,-0.8705944142351418,0.12134856549351358,10.550000190734863,8.609999656677246,8.765000343322754,-0.039016546122770834,-0.356708441808808,0.01754382934939991,-0.11209878803771223,0.03312258963708697,0.8720285659122816,0.4981981191511232,0.26529319070767654,-0.06904228063533668,-0.22508151450882863,-0.1323601082880671,-1.0371602615730475,1750.157717150294
2025-10-15 13:30:00,9.100000381469728,9.604999542236328,9.09000015258789,9.360199928283691,2860063,1h,1H,yfinance,730d,2026-04-02T03:04:46Z,0.04117910640608202,0.04117910640608202,9.628481687488836,9.285529851913452,11.509423923492431,12.932778959274293,13.353658986091613,9.628481687488836,11.509423923492431,12.932778959274293,13.353658986091613,0.01709015924486767,0.28393618997935566,2620879.25,1.0912608812481537,34.97553688367286,0.6149997711181641,0.2850467552323617,0.03045306269271415,51.69116678034895,22.28202788637536,36.312520240409285,9.285529851913452,0.28393618997935566,9.853402231872163,8.717657471954741,0.12231340354620489,-0.6844310955507122,-0.833361750498256,0.14893065494754376,10.175000190734863,8.609999656677246,8.78499984741211,0.003742475930853306,-0.3304577800589559,0.041758518190661675,-0.04779247192966851,0.0326314718344435,0.9332420813629995,0.4981981191511232,0.24551157229299453,-0.027863350413154797,-0.18673601819651953,-0.13810709592929016,0.26298189172598374,1750.157717150294
2025-10-15 14:30:00,9.359999656677246,9.5,9.274999618530272,9.3149995803833,1450103,1h,1H,yfinance,730d,2026-04-02T03:04:46Z,-0.004828993851275443,-0.004828993851275443,9.598626248716881,9.250274848937988,11.410823917388916,12.880728950500488,13.335508985519409,9.598626248716881,11.410823917388916,12.880728950500488,13.335508985519409,0.01635608425288129,0.22899919065230523,2524839.35,0.5743347591600234,34.24634512097582,0.22500038146972834,0.2807577285350308,0.030140390894518747,49.70930111413466,21.006534497081677,34.233877320140984,9.250274848937988,0.22899919065230523,9.708273230242598,8.792276467633377,0.09902373470712454,-0.6294562472074254,-0.7925806498400899,0.16312440263266448,10.15999984741211,8.609999656677246,8.930000305175781,-0.004275784479992106,-0.3286341431595464,0.02194183371225722,-0.0703685676639475,0.03212718713089419,0.9381584130512036,0.4981981191511232,0.19876376666345205,-0.029548673006358106,-0.18366985172839234,-0.14432782957294288,0.2826417476015724,1750.157717150294
2025-10-15 15:30:00,9.3149995803833,9.454999923706056,9.289999961853027,9.43000030517578,888807,1h,1H,yfinance,730d,2026-04-02T03:04:46Z,0.012345757377666633,0.012345757377666633,9.5825666350463,9.237274885177612,11.316715927124024,12.83192894935608,13.318258986473083,9.5825666350463,11.316715927124024,12.83192894935608,13.318258986473083,0.015219691609233345,0.210282667546331,2374071.85,0.37438083434585184,37.7995045272844,0.16499996185302912,0.27248931662917353,0.028896002949184867,47.86899728122139,20.097959586549432,32.7531932012236,9.237274885177612,0.210282667546331,9.657840220270275,8.81670955008495,0.09105831326239162,-0.5700376472717466,-0.7480720493264212,0.1780344020546747,10.039999961853027,8.609999656677246,8.930000305175781,0.008556141223758473,-0.3201153292730782,0.027792927426685043,-0.026831711709654815,0.03196162877819925,0.9040841801183356,0.4981981191511232,0.18277530516884596,-0.01592123860767536,-0.16671935869894416,-0.15028563878972168,0.9165064446203324,1750.157717150294
2025-10-15 16:30:00,9.4399995803833,9.489999771118164,9.260000228881836,9.345000267028809,1599950,1h,1H,yfinance,730d,2026-04-02T03:04:46Z,-0.009013789543603434,-0.009013789543603434,9.559941266663682,9.229024887084961,11.222615928649903,12.780778951644898,13.300483989715577,9.559941266663682,11.222615928649903,12.780778951644898,13.300483989715577,0.014812469535017697,0.20251424651537894,2204710.25,0.7256962677975485,36.24068988405257,0.22999954223632812,0.2694543327439703,0.028834063675167963,45.99767268838918,19.800390805294217,30.756242186941883,9.229024887084961,0.20251424651537894,9.634053380115718,8.823996394054204,0.08777275995810815,-0.5237690874333332,-0.7032114569478036,0.17944236951447046,9.859999656677246,8.609999656677246,8.930000305175781,0.020753745450515115,-0.32135076569587195,0.01631327647449754,-0.01735015329988354,0.031692723027497274,0.9098007656253115,0.4981981191511232,0.17618043220970733,-0.02248350629353657,-0.16730641710973837,-0.15622499622362296,0.5726776359659244,1750.157717150294
2025-10-15 17:30:00,9.34000015258789,9.4399995803833,9.300000190734863,9.3149995803833,1003327,1h,1H,yfinance,730d,2026-04-02T03:04:46Z,-0.003210346258775032,-0.003210346258775032,9.53661348701793,9.218274879455567,11.12881591796875,12.72817894935608,13.281783986091614,9.53661348701793,11.12881591796875,12.72817894935608,13.281783986091614,0.014806281763560088,0.19166832518503008,2100376.55,0.47768910769833156,35.681387258309854,0.1399993896484375,0.2602075510942894,0.027934252583571472,44.26001413790213,19.039448073264666,29.574258498496874,9.218274879455567,0.19166832518503008,9.601611529825627,8.834938229085507,0.08316884783385844,-0.48394312994266997,-0.6593577915467769,0.1754146616041069,9.859999656677246,8.765000343322754,8.930000305175781,0.030990563110124603,-0.32767954614599926,0.0361512589031705,-0.022560352425199826,0.031401054795561725,0.8895959949574606,0.49723419307525746,0.16726292960562883,-0.02323821836087936,-0.16298376673270643,-0.16209931364471852,0.5046462467617376,1750.157717150294
2025-10-15 18:30:00,9.3100004196167,9.359999656677246,9.172499656677246,9.239999771118164,1037339,1h,1H,yfinance,730d,2026-04-02T03:04:46Z,-0.00805150967726087,-0.00805150967726087,9.508364561694144,9.20827488899231,11.03310791015625,12.675878944396972,13.263907985687256,9.508364561694144,11.03310791015625,12.675878944396972,13.263907985687256,0.01476979168332406,0.18493851266240294,1916224.0,0.5413453750709729,34.25799062123721,0.1875,0.25501415458755444,0.027598935162819197,43.04905829918565,18.0395325645099,31.59232013145837,9.20827488899231,0.18493851266240294,9.578151914317116,8.838397863667504,0.08033579140148428,-0.45320832603874095,-0.6181278984451697,0.16491957240642874,9.859999656677246,8.78499984741211,9.09000015258789,0.04702549244446774,-0.3369214572745365,-0.012841622837811317,-0.021186421414757683,0.030909029523512863,0.8929084991757623,0.4465043741326191,0.1799216223974174,-0.028224074585562975,-0.1625206744681148,-0.168185732134014,0.17154286399916144,1750.157717150294
2025-10-15 19:30:00,9.234999656677246,9.255000114440918,9.119999885559082,9.130000114440918,1775726,1h,1H,yfinance,730d,2026-04-02T03:04:46Z,-0.011904725043508813,-0.011904725043508813,9.472329852431931,9.191524887084961,10.935807914733887,12.62097894668579,13.245107984542846,9.472329852431931,10.935807914733887,12.62097894668579,13.245107984542846,0.014931609077561234,0.17587678888934596,1846898.75,0.9614636427687224,32.227387015324,0.13500022888183594,0.24644173132286026,0.02699252226000123,42.08515117886283,17.33367430977078,31.87781406310528,9.191524887084961,0.17587678888934596,9.543278464863652,8.83977130930627,0.07653867711829646,-0.4327384856091889,-0.5810500158779736,0.14831153026878463,9.859999656677246,8.930000305175781,9.172499656677246,0.03338993492022868,-0.3455196961094531,-0.019860383711876706,-0.03539355866311089,0.030494517458559196,0.8851598421481162,0.36953108336993046,0.2071237862328216,-0.036139972248023344,-0.16512797356837183,-0.1743511696925334,-0.34981746615098847,1750.157717150294
2025-10-16 13:30:00,9.350000381469728,9.484999656677246,9.239999771118164,9.345000267028809,1970912,1h,1H,yfinance,730d,2026-04-02T03:04:46Z,0.023548756833838835,0.023548756833838835,9.460203225250682,9.191024923324585,10.843707923889161,12.566778945922852,13.227182984352112,9.460203225250682,10.843707923889161,12.566778945922852,13.227182984352112,0.01570911718019786,0.17542500213729045,1877706.5,1.04963794927482,39.74513105449391,0.3549995422363281,0.25419586067382227,0.027201268422718028,40.011981926265506,22.06751215032802,28.697867541918516,9.191024923324585,0.17542500213729045,9.541874927599165,8.840174919050005,0.07634621975275209,-0.39461835930427647,-0.5437636845632342,0.14914532525895774,9.604999542236328,8.930000305175781,9.119999885559082,0.04006684742430977,-0.3262436666089328,-0.009013789543603434,-0.0010688696629406191,0.030296726793616446,0.8978286204980191,0.23673833453537046,0.3224920032600187,-0.012177640953249247,-0.13820988792575595,-0.18019521339370792,0.8777274723002122,1750.157717150294
2025-10-16 14:30:00,9.350000381469728,9.454999923706056,9.239999771118164,9.364999771118164,1439945,1h,1H,yfinance,730d,2026-04-02T03:04:46Z,0.0021401287873599184,0.0021401287873599184,9.451136229619014,9.193009901046754,10.76450792312622,12.512928943634034,13.210107984542846,9.451136229619014,10.76450792312622,12.512928943634034,13.210107984542846,0.015696946029252756,0.17714926164490916,1876277.2,0.7674479016213596,40.4073342316841,0.2150001525878924,0.251396167239113,0.02684422566826147,38.08689619171085,20.719463845403848,26.944787655464403,9.193009901046754,0.17714926164490916,9.547308424336572,8.838711377756935,0.0770799829660744,-0.35865968612601407,-0.5067428848757902,0.14808319874977616,9.604999542236328,8.930000305175781,9.119999885559082,0.027427318297050363,-0.3274686073362312,0.0021401287873599184,0.0042571878138970565,0.02973878412665982,0.9026672225041146,0.13993255254455064,0.5508366821332319,-0.009113873338414624,-0.13001134487544808,-0.18513096670203022,0.970875455389475,1750.157717150294
2025-10-16 15:30:00,9.364999771118164,9.4399995803833,9.109999656677246,9.149999618530272,1399131,1h,1H,yfinance,730d,2026-04-02T03:04:46Z,-0.022957838530969,-0.022957838530969,9.422456552372466,9.18275990486145,10.687407913208007,12.454028940200805,13.191432981491088,9.422456552372466,10.687407913208007,12.454028940200805,13.191432981491088,0.016474426479109506,0.1733702988029047,1861191.25,0.7517395109180747,35.84644588069099,0.3299999237060547,0.257010721272466,0.028088604588788892,36.77764483294288,18.819203627697366,28.08655035625001,9.18275990486145,0.1733702988029047,9.52950050246726,8.836019307255642,0.07551990930792837,-0.34355065593779344,-0.4741044390881909,0.13055378315039745,9.604999542236328,8.930000305175781,9.119999885559082,-0.0027248579493042158,-0.3440860398827289,-0.017713362242174124,-0.02191340820280263,0.02911659015399288,0.9646941637132941,0.12724098609018478,0.5935187365995578,-0.028915700733434857,-0.14385230798365367,-0.1898220664727237,-0.1889613535731532,1750.157717150294
2025-10-16 16:30:00,9.145000457763672,9.19499969482422,9.050000190734863,9.130000114440918,778408,1h,1H,yfinance,730d,2026-04-02T03:04:46Z,-0.0021857382429668615,-0.0021857382429668615,9.394603558283748,9.17175989151001,10.610707912445069,12.396928939819336,13.172832980155945,9.394603558283748,10.610707912445069,12.396928939819336,13.172832980155945,0.01647616269804955,0.16934276228031997,1834971.6,0.4242071103443781,35.44565540335387,0.14499950408935725,0.24900992004510109,0.02727381346373065,35.77325412466689,18.03645363212676,28.639428708776276,9.17175989151001,0.16934276228031997,9.51044541607065,8.83307436694937,0.07385398845300126,-0.32939339151896263,-0.44516222957434526,0.11576883805538263,9.604999542236328,9.09000015258789,9.109999656677246,-0.007069013870646512,-0.3455196961094531,-0.011904725043508813,-0.02352943936396168,0.02888992364485741,0.944059728194732,0.11066856912666471,0.6673438451026898,-0.028165472039478945,-0.13954844579855608,-0.19450068725311853,-0.24659912538786777,1750.157717150294
2025-10-16 17:30:00,9.135000228881836,9.1358003616333,8.864999771118164,8.949999809265137,1447206,1h,1H,yfinance,730d,2026-04-02T03:04:46Z,-0.019715257712984546,-0.019715257712984546,9.3522603440915,9.161509895324707,10.530707912445068,12.336778936386109,13.150333480834961,9.3522603440915,10.530707912445068,12.336778936386109,13.150333480834961,0.016409374839409532,0.17611570138145052,1816029.4,0.796906702061101,31.979977888256286,0.2708005905151367,0.2505663965072465,0.027996246016436497,35.442774004010985,16.64409890457951,31.70233735582807,9.161509895324707,0.17611570138145052,9.51374129808761,8.809278492561806,0.076893744980323,-0.32890674554650445,-0.4219111327687771,0.09300438722227267,9.604999542236328,9.050000190734863,9.050000190734863,-0.004449384079133534,-0.37170938005143617,-0.019715257712984546,-0.022392127764652936,0.028858954007848957,0.9701060547385805,0.09504102398475808,0.8090584650335271,-0.04301211899864399,-0.1501046383892074,-0.19920601802286486,-1.2009723403449368,1750.157717150294
2025-10-16 18:30:00,8.944999694824219,9.15999984741211,8.899999618530273,8.954999923706055,6296734,1h,1H,yfinance,730d,2026-04-02T03:04:46Z,0.0005586720164778569,0.0005586720164778569,9.314426018340505,9.157509899139404,10.453343906402587,12.27787893295288,13.127683482170106,9.314426018340505,10.453343906402587,12.27787893295288,13.127683482170106,0.016173730985101296,0.17981328958492515,1991373.3,3.162005837880823,32.178351939624406,0.26000022888183594,0.25124024167686004,0.02805586195615326,34.99413055622502,16.101783329281567,29.35893007316662,9.157509899139404,0.17981328958492515,9.517136478309254,8.797883319969554,0.07854243852985558,-0.32437837566343397,-0.4024045813477085,0.07802620568427454,9.604999542236328,8.864999771118164,8.864999771118164,-0.04328967411831075,-0.3664841434455619,-0.0417335828976656,-0.008854446602892807,0.028493750638557067,0.9846321150220474,0.0894155366102499,0.8783981118651822,-0.03858810987673589,-0.143336332958376,-0.203717554540356,-1.1262236284137639,1750.157717150294
2025-10-16 19:30:00,8.954999923706055,9.18000030517578,8.880000114440918,9.130000114440918,1802117,1h,1H,yfinance,730d,2026-04-02T03:04:46Z,0.01954217668629954,0.01954217668629954,9.296861646540545,9.172759914398194,10.375777912139892,12.221458930969238,13.106833481788636,9.296861646540545,10.375777912139892,12.221458930969238,13.106833481788636,0.015825364298768567,0.16312555767033404,1862773.7,0.9674374294633857,38.89521613234065,0.3000001907348615,0.254723095181003,0.027899571959271674,34.454911709305975,15.30806644692754,26.889109542460854,9.172759914398194,0.16312555767033404,9.499011029738861,8.846508799057526,0.07113477696686721,-0.30317375868031604,-0.38255841681423003,0.07938465813391399,9.604999542236328,8.864999771118164,8.864999771118164,-0.019860383711876706,-0.35017793661941665,-0.02509339694828283,0.034560941843371884,0.02812102109536753,0.9921251388651625,0.0854708038959833,0.8322698947986634,-0.017948156963454198,-0.12006596596881536,-0.20836883091888092,-0.2621281457543917,1750.157717150294
2025-10-17 13:30:00,9.09000015258789,9.170000076293944,8.930000305175781,9.005000114440918,904942,1h,1H,yfinance,730d,2026-04-02T03:04:46Z,-0.013691127977346618,-0.013691127977346618,9.269065310150104,9.181259918212891,10.297777919769286,12.163508930206298,13.08463348388672,9.269065310150104,10.297777919769286,12.163508930206298,13.08463348388672,0.016183506053783443,0.1491334245708558,1790933.4,0.5052907048358136,36.141845193288006,0.2399997711181623,0.25367142917651436,0.028170063959212257,33.954208494309725,14.27356387476987,25.071972604811343,9.181259918212891,0.1491334245708558,9.479526767354603,8.88299306907118,0.0649729670652366,-0.2930769931387829,-0.3646621320791406,0.07158513894035773,9.604999542236328,8.864999771118164,8.864999771118164,-0.04506894771801806,-0.3570153487427944,-0.015846940998304082,0.019241661070733995,0.02812102109536753,1.0017439929964993,0.08175231961767136,0.7947538047739041,-0.02848886989932209,-0.1255394916651429,-0.21298690311420265,-1.1818933567654337,1750.157717150294
2025-10-17 14:30:00,9.0,9.010000228881836,8.8100004196167,8.904999732971191,1174374,1h,1H,yfinance,730d,2026-04-02T03:04:46Z,-0.011104983919918099,-0.011104983919918099,9.234392398037826,9.177259922027588,10.214777908325196,12.104358930587768,13.061733484268188,9.234392398037826,10.214777908325196,12.104358930587768,13.061733484268188,0.015960280293519768,0.15528959507750514,1780364.15,0.6596257288150854,34.06432772299169,0.19999980926513672,0.2498377420399874,0.02805589551170351,33.92799638116772,13.457402716623701,27.069154215565717,9.177259922027588,0.15528959507750514,9.487839112182598,8.866680731872577,0.06768451428722146,-0.2898037514996812,-0.34969045596324877,0.059886704463567586,9.604999542236328,8.864999771118164,8.864999771118164,-0.04708405794380066,-0.36508052317386264,-0.024644072141230655,-0.008903720285242556,0.028072250050246203,0.9994174126223078,0.07943911496566994,0.8520300649934444,-0.03567020447784153,-0.12822385245268186,-0.2179615423459621,-1.7532416703161036,1750.157717150294
2025-10-17 15:30:00,8.90999984741211,9.130000114440918,8.90999984741211,9.0600004196167,563159,1h,1H,yfinance,730d,2026-04-02T03:04:46Z,0.0174060293423266,0.0174060293423266,9.217783638188195,9.174509954452514,10.130711917877198,12.050158939361573,13.04003348827362,9.217783638188195,10.130711917877198,12.050158939361573,13.04003348827362,0.01610852836307859,0.1568469612182229,1707588.0,0.32979793720733575,39.83704358085587,0.22500038146972656,0.24806364485639734,0.027380091983140564,33.10642356137687,16.04086063072647,25.315407848208217,9.174509954452514,0.1568469612182229,9.48820387688896,8.860816032016068,0.06838379902442772,-0.2715719119474702,-0.33406674716009305,0.062494835212622835,9.604999542236328,8.8100004196167,8.8100004196167,-0.027375112426586745,-0.3526259025578574,0.012290571250927806,-0.0060339388790481285,0.028055878733928383,0.9759128289227106,0.07781121074796499,0.8788425005482411,-0.017117262106024933,-0.10568966001007929,-0.22310690942723865,-0.7300717460282596,1750.157717150294
2025-10-17 16:30:00,9.05500030517578,9.063446998596191,8.899999618530273,8.90999984741211,684402,1h,1H,yfinance,730d,2026-04-02T03:04:46Z,-0.016556353781155386,-0.016556353781155386,9.18847089620952,9.161259937286378,10.046811923980712,11.994908933639527,13.016833486557006,9.18847089620952,10.046811923980712,11.994908933639527,13.016833486557006,0.016409847977170124,0.16710378244741533,1668212.2,0.41026075699482356,36.50608677087118,0.16344738006591797,0.24201962594279167,0.02716269697951631,32.3847733205438,15.267063690593044,24.389357153032687,9.161259937286378,0.16710378244741533,9.495467502181208,8.827052372391547,0.07296104841095143,-0.2661587281784694,-0.3204851433637683,0.054326415185298904,9.604999542236328,8.8100004196167,8.8100004196167,-0.03571427834203511,-0.3612903247859275,-0.005025134190656866,-0.02888287060640693,0.028026053986294878,0.9691944857024551,0.0769868639731987,0.9477077600712664,-0.030306571348262867,-0.11315152360473169,-0.22816774645258786,-1.5036170109036011,1750.157717150294
2025-10-17 17:30:00,8.904999732971191,9.114999771118164,8.869999885559082,9.0,1474211,1h,1H,yfinance,730d,2026-04-02T03:04:46Z,0.010101027399459506,0.010101027399459506,9.170521287046709,9.151509952545165,9.965811920166015,11.940258932113647,12.992883486747742,9.170521287046709,9.965811920166015,11.940258932113647,12.992883486747742,0.016584460469757586,0.17050493163695793,1666455.2,0.8846388429763968,39.7606818369582,0.24499988555908203,0.24223250162966956,0.026914722403296617,31.366051540948703,15.684268644411045,22.627357636289798,9.151509952545165,0.17050493163695793,9.492519815819081,8.81050008927125,0.07452537669569519,-0.2517049825327433,-0.30672911119756335,0.05502412866482004,9.604999542236328,8.8100004196167,8.8100004196167,-0.014238785631042528,-0.32457785149519314,-0.014238785631042528,-0.02120714532856205,0.027965249300003985,0.9624345599269442,0.07671621104930973,0.9714423545734503,-0.018594503159549802,-0.09691251730445316,-0.23297919739442186,-0.8885957203147821,1750.157717150294
2025-10-17 18:30:00,9.0,9.005000114440918,8.829999923706055,8.845000267028809,891402,1h,1H,yfinance,730d,2026-04-02T03:04:46Z,-0.017222192552354576,-0.017222192552354576,9.139519285140242,9.144259977340699,9.880811920166016,11.883908939361572,12.969333486557007,9.139519285140242,9.880811920166016,11.883908939361572,12.969333486557007,0.016292071644300958,0.18003472443558158,1572112.9,0.567008896116812,36.30884913625536,0.17500019073486328,0.23743019370861196,0.026843435448348375,30.607777874386684,14.858537221317702,22.639452705009358,9.144259977340699,0.18003472443558158,9.504329426211862,8.784190528469535,0.07875310845566699,-0.24987704105265252,-0.2953586971685812,0.04548165611592869,9.604999542236328,8.8100004196167,8.8100004196167,-0.053504546357704075,-0.3198769558481428,-0.017767889547888438,-0.01612897750622755,0.027916912271421575,0.9615474371722651,0.07671621104930973,1.0265510689135577,-0.032224782171014876,-0.10483062136049681,-0.23814034619375857,-1.6622332788859784,1750.157717150294
2025-10-17 19:30:00,8.845000267028809,9.154999732971191,8.789999961853027,8.880000114440918,4022315,1h,1H,yfinance,730d,2026-04-02T03:04:46Z,0.003957020503727593,0.003957020503727593,9.114803173645068,9.12024998664856,9.798011913299561,11.82895894050598,12.945983486175537,9.114803173645068,9.798011913299561,11.82895894050598,12.945983486175537,0.013244991574518493,0.18164851495645662,1630225.5,2.467336573989304,37.62565513672156,0.36499977111816406,0.24654230638072283,0.027763772883267025,28.91411528841754,17.6330825225399,20.24537068057284,9.12024998664856,0.18164851495645662,9.483547016561474,8.756952956735645,0.07966821752578204,-0.24280528094218212,-0.2848480139233014,0.04204273298111927,9.604999542236328,8.8100004196167,8.8100004196167,-0.0517885390849655,-0.315079058239084,-0.0028073688130175745,-0.051302303104846625,0.027831672421269348,0.9975603500582152,0.07671621104930973,1.0384795656106491,-0.025760628587468526,-0.09369368061418237,-0.24316202598570902,-1.3226085127380889,1750.157717150294
2025-10-20 13:30:00,8.890000343322754,9.079999923706056,8.8100004196167,8.824999809265137,1325185,1h,1H,yfinance,730d,2026-04-02T03:04:46Z,-0.0061937279805140966,-0.0061937279805140966,9.087202853227932,9.095749998092652,9.71391191482544,11.77485894203186,12.92253348350525,9.087202853227932,9.71391191482544,11.77485894203186,12.92253348350525,0.013260104145222003,0.18670349942060702,1623979.6,0.8160108661463481,36.35369106480071,0.26999950408935725,0.24821782050276814,0.028126665820680328,27.341428601446193,16.263052094366206,18.672374363758397,9.095749998092652,0.18670349942060702,9.469156996933865,8.722342999251438,0.082105818413988,-0.23888520513242106,-0.2756554521651253,0.03677024703270426,9.5,8.789999961853027,8.789999961853027,-0.03551910631853539,-0.3185328232243486,-0.025938256011858396,-0.05260330576397099,0.027831672421269348,1.0105991977393907,0.07671621104930973,1.0702538262899097,-0.028854098251989257,-0.09150917913962542,-0.24829663415269154,-1.4501612967498108,1750.157717150294
2025-10-20 14:30:00,8.824999809265137,8.930000305175781,8.800000190734863,8.875,602303,1h,1H,yfinance,730d,2026-04-02T03:04:46Z,0.005665744115072924,0.005665744115072924,9.066993057682415,9.067999982833863,9.6347119140625,11.721508941650391,12.89940848350525,9.066993057682415,9.6347119140625,11.721508941650391,12.89940848350525,0.012959907432177092,0.17589342808267144,1609654.4,0.3741815634461659,38.392677576420205,0.13000011444091797,0.23977369864120743,0.027016754776474076,25.93955164011584,15.633232439593115,18.247155583336443,9.067999982833863,0.17589342808267144,9.419786838999206,8.716213126668519,0.0775886318551593,-0.22910296294213595,-0.26634495432052746,0.037241991378391515,9.489999771118164,8.789999961853027,8.789999961853027,-0.027929913608389145,-0.307895077383033,-0.003928153536643997,-0.05885474943952651,0.02768135402304311,0.9759910860568528,0.07671621104930973,1.011372052841463,-0.021174942614491266,-0.07885154437816144,-0.2530888585796308,-1.0972552240163913,1750.157717150294
2025-10-20 15:30:00,8.875,8.979999542236328,8.8641996383667,8.979999542236328,500051,1h,1H,yfinance,730d,2026-04-02T03:04:46Z,0.011830934336487742,0.011830934336487742,9.058707960973264,9.049749946594238,9.558911895751953,11.669708938598633,12.877008481025696,9.058707960973264,9.558911895751953,11.669708938598633,12.877008481025696,0.013264486376653598,0.16479132326973361,1554659.45,0.32164664743780386,42.554625335569206,0.1157999038696289,0.23091842758609468,0.02571474825805927,24.290008982418588,16.619850752549738,17.59354850518429,9.049749946594238,0.16479132326973361,9.379332593133705,8.72016730005477,0.07283795651469949,-0.210451921242095,-0.255166347704841,0.04471442646274598,9.489999771118164,8.789999961853027,8.789999961853027,0.0033519255430749517,-0.30967154345565984,-0.0022222730848524552,-0.039058396400509676,0.02748951357297988,0.9354384605530064,0.07644244843552428,0.9528469849593447,-0.008688702525352143,-0.0605625786521683,-0.25767604255001975,-0.42326502982041714,1750.157717150294
2025-10-20 16:30:00,8.97350025177002,9.15999984741211,8.97350025177002,9.115599632263184,1127772,1h,1H,yfinance,730d,2026-04-02T03:04:46Z,0.015100233512159722,0.015100233512159722,9.064126215381828,9.039779949188233,9.486423892974853,11.619914932250976,12.856161479949952,9.064126215381828,9.486423892974853,11.619914932250976,12.856161479949952,0.013765061475445308,0.15412890715432723,1560881.7,0.7225224051252571,47.488373903169496,0.18649959564208984,0.22774565387580864,0.024984165942275472,23.447198300165162,21.293120133488497,16.564458871235626,9.039779949188233,0.15412890715432723,9.348037763496887,8.73152213487958,0.06820029160916356,-0.1826238680420058,-0.24065785177227397,0.05803398373026816,9.484999656677246,8.789999961853027,8.789999961853027,0.01793408262706775,-0.2936381386375707,0.03059348299208975,-0.021406329264902935,0.027326952723435605,0.914268275542082,0.07593306453034024,0.8981632972539002,0.0056788062807426876,-0.03908999480681896,-0.2621107079457916,0.4919238348912266,1750.157717150294
2025-10-20 17:30:00,9.114999771118164,9.20580005645752,9.100000381469728,9.17549991607666,991019,1h,1H,yfinance,730d,2026-04-02T03:04:46Z,0.006571184149144704,0.006571184149144704,9.074733234495621,9.036554956436158,9.415833892822265,11.570619935989379,12.83393898010254,9.074733234495621,9.415833892822265,11.570619935989379,12.83393898010254,0.013758734339375283,0.15053875267937936,1558565.7,0.6358532078564285,49.5496661836911,0.10579967498779119,0.21903522681237883,0.023871748549482392,22.90997695312248,22.05203775757831,15.99295446385601,9.036554956436158,0.15053875267937936,9.337632461794916,8.735477451077399,0.06663546159132701,-0.1539617083583309,-0.22331862308948536,0.06935691473115446,9.484999656677246,8.789999961853027,8.789999961853027,0.004983548857110609,-0.29716585970212916,0.033277004259852694,-0.006980503965282936,0.027237540943224336,0.8764281841463656,0.07502264300181177,0.8882046662861209,0.011104092977410662,-0.02552444950508448,-0.26633328182248883,0.9229846612083369,1750.157717150294
2025-10-20 18:30:00,9.175200462341309,9.244999885559082,9.109999656677246,9.244999885559082,866134,1h,1H,yfinance,730d,2026-04-02T03:04:46Z,0.007574515843071339,0.007574515843071339,9.090949106025475,9.042304944992065,9.346833896636962,11.522019939422607,12.812938981056213,9.090949106025475,9.346833896636962,11.522019939422607,12.812938981056213,0.013588024413577213,0.1560920184890845,1513086.1,0.5724287600024875,51.90847672687791,0.13500022888183594,0.2130327269601972,0.023043021048919598,22.620841479620914,22.36820405714426,15.269037350970097,9.042304944992065,0.1560920184890845,9.354488981970233,8.730120908013896,0.06904965910291853,-0.12420689385134587,-0.20349627724185748,0.07928938339051161,9.484999656677246,8.789999961853027,8.800000190734863,0.026651834321832713,-0.3029638230323065,0.04759207766248319,0.012595812669954798,0.027237540943224336,0.8460022546437631,0.07418968257434821,0.9307178128673259,0.016945511160270765,-0.010895027364776433,-0.2705160064793759,1.2985605704188632,1750.157717150294
2025-10-20 19:30:00,9.244999885559082,9.31999969482422,9.170000076293944,9.28499984741211,1503134,1h,1H,yfinance,730d,2026-04-02T03:04:46Z,0.004326658988444976,0.004326658988444976,9.109430129014678,9.03930492401123,9.28283390045166,11.47356993675232,12.791863980293273,9.109430129014678,9.28283390045166,11.47356993675232,12.791863980293273,0.012581753353277197,0.15073001026337968,1489697.2,1.0090198195982378,53.26288792612969,0.149999618530277,0.20853036207234577,0.022458843887915282,22.741379077569913,23.787921553828053,14.48451652107104,9.03930492401123,0.15073001026337968,9.34076494453799,8.73784490348447,0.06669982328530306,-0.09628837391769451,-0.1820546965770249,0.08576632265933037,9.484999656677246,8.789999961853027,8.800000190734863,0.042672669942251495,-0.29149178391900554,0.046197165905589754,-0.006420590465726739,0.02721825522162348,0.8251389997281275,0.07340751843197635,0.9086238672828993,0.019273403046170756,0.00023332820383048514,-0.27431733836816197,1.6300332161562385,1750.157717150294
2025-10-21 13:30:00,9.260000228881836,9.429100036621094,9.149999618530272,9.404999732971191,1375179,1h,1H,yfinance,730d,2026-04-02T03:04:46Z,0.01292405896942772,0.01292405896942772,9.137579615105775,9.041304922103881,9.2195339012146,11.42601993560791,12.771713976860047,9.137579615105775,9.2195339012146,11.42601993560791,12.771713976860047,0.012899380156561604,0.1552363166112899,1486458.9,0.9251375870533656,57.16077741385123,0.2791004180908221,0.2135710803593798,0.022708249486776886,23.367734399413656,25.21629021327779,13.132462605320255,9.041304922103881,0.1552363166112899,9.35177755532646,8.730832288881302,0.06867872190960975,-0.0637449457892636,-0.15839274641947262,0.09464780063020903,9.454999923706056,8.789999961853027,8.8641996383667,0.0380793926463292,-0.27931037582294604,0.047327417861874777,0.0042712186685138764,0.02721825522162348,0.8343021733713618,0.07289950246282545,0.9421013805222052,0.029265968574799794,0.020116616929209075,-0.27812868985958594,2.3428461767615754,1750.157717150294
2025-10-21 14:30:00,9.404999732971191,9.59000015258789,9.31999969482422,9.545000076293944,1569940,1h,1H,yfinance,730d,2026-04-02T03:04:46Z,0.014885736023144247,0.014885736023144247,9.176381563790363,9.061054944992065,9.207933902740479,11.379569940567016,12.750913977622986,9.176381563790363,9.207933902740479,11.379569940567016,12.750913977622986,0.012100311961916896,0.18921671215070687,1494999.35,1.0501275468781976,61.22394066517004,0.2700004577636701,0.21760175017397196,0.022797459238833303,24.591587983742812,28.263009962469845,11.968550316613966,9.061054944992065,0.18921671215070687,9.439488369293478,8.682621520690653,0.08352966108224925,-0.026353401255040154,-0.13198487738658612,0.10563147613154597,9.4399995803833,8.789999961853027,8.97350025177002,0.0712682648436036,-0.2710958471435253,0.047106110552614266,0.04316945073568412,0.027089725877995192,0.8415537071695336,0.07289950246282545,1.1458193576128255,0.040170355814119096,0.03660605920000659,-0.2778608718637898,2.5576236147493496,1750.157717150294
2025-10-21 15:30:00,9.54990005493164,9.71500015258789,9.545000076293944,9.69499969482422,1443409,1h,1H,yfinance,730d,2026-04-02T03:04:46Z,0.015714993958231283,0.015714993958231283,9.225773766745968,9.08930492401123,9.205233898162842,11.33231993675232,12.72946397781372,9.225773766745968,9.205233898162842,11.33231993675232,12.72946397781372,0.012401921237675868,0.2342253793144795,1528249.4,0.9444852391239283,65.04891948554535,0.1700000762939471,0.21420163061111305,0.022094031702287405,26.14861055664208,30.829112259947035,11.290065930148115,9.08930492401123,0.2342253793144795,9.55775568264019,8.620854165382271,0.10307735575939418,0.015208073590484261,-0.10254628719117205,0.11775436078165631,9.59000015258789,8.789999961853027,9.100000381469728,0.07722218831380223,-0.25537639370487064,0.056618144351713084,0.06188385249739947,0.026965738589885345,0.8193371610661062,0.07289950246282545,1.4139651475942199,0.05086033322967043,0.05320514416902822,-0.27685612574050933,2.585948510728046,1750.157717150294
2025-10-21 16:30:00,9.69499969482422,9.815600395202637,9.600000381469728,9.640000343322754,1287422,1h,1H,yfinance,730d,2026-04-02T03:04:46Z,-0.0056729606222503115,-0.0056729606222503115,9.265223916896138,9.123804950714112,9.197631912231445,11.283269939422608,12.70781397819519,9.265223916896138,9.197631912231445,11.283269939422608,12.70781397819519,0.01145246360051647,0.26050768312148975,1520260.2,0.8468431917115241,62.61019619637792,0.21560001373290838,0.2143015151198127,0.022230446834812706,27.89692207663305,31.96678411613271,10.478746298078558,9.123804950714112,0.26050768312148975,9.644820316957091,8.602789584471132,0.11421010621280323,0.04320975862215448,-0.07339507802850674,0.11660483665066122,9.71500015258789,8.800000190734863,9.109999656677246,0.08988129477592421,-0.2601687996255566,0.04272584777212085,0.07709503338126567,0.026879078925822496,0.8270538918450852,0.07289950246282545,1.566678816100889,0.04044979698150297,0.04809590504519168,-0.27622233627173964,1.9814977678332448,1750.157717150294
2025-10-21 17:30:00,9.645000457763672,9.710000038146973,9.59000015258789,9.68000030517578,951259,1h,1H,yfinance,730d,2026-04-02T03:04:46Z,0.004149373488428587,0.004149373488428587,9.304726430065628,9.160054969787598,9.197431926727296,11.233019943237304,12.687563982009888,9.304726430065628,9.197431926727296,11.233019943237304,12.687563982009888,0.011428584854893403,0.2838892316407519,1252986.45,0.759193365578694,63.67677639045573,0.11999988555908203,0.20756568443690337,0.021442735319535115,29.4301304266249,30.6467164655222,10.390159721226077,9.160054969787598,0.2838892316407519,9.727833433069103,8.592276506506094,0.12396835284377555,0.06784686198712642,-0.04514669002538011,0.11299355201250652,9.815600395202637,8.800000190734863,9.149999618530272,0.09009011040820569,-0.24581221064232195,0.042541783980078796,0.0809604006305431,0.026279091853203825,0.8159618087000566,0.07289950246282545,1.7005377081550355,0.04033153235946396,0.05246773037223185,-0.2750829127034444,1.831507776406774,1750.157717150294
2025-10-21 18:30:00,9.68000030517578,9.720000267028809,9.5600004196167,9.595000267028809,1076294,1h,1H,yfinance,730d,2026-04-02T03:04:46Z,-0.008780995399506608,-0.008780995399506608,9.332371557395454,9.183304977416991,9.199131927490235,11.18411994934082,12.665938982963562,9.332371557395454,9.199131927490235,11.18411994934082,12.665938982963562,0.011162384422600516,0.29910907517146107,1216695.3,0.8846043869816872,59.77464776456302,0.15999984741210938,0.20416812464941808,0.021278594993998978,30.572409456896196,28.9312290222393,10.85810366603426,9.183304977416991,0.29910907517146107,9.781523127759913,8.58508682707407,0.13028384700584855,0.0795956224124943,-0.02019822753780523,0.09979384995029952,9.815600395202637,8.8641996383667,9.149999618530272,0.08725217840291255,-0.24862960665005962,0.020202077560037557,0.05093101278853207,0.025349457100167373,0.8394102844063861,0.0737432125533233,1.7667232345165467,0.028141690246487716,0.043033227771805294,-0.2737110181989971,1.3764052106269835,1750.157717150294
2025-10-21 19:30:00,9.595000267028809,9.65999984741211,9.550000190734863,9.614999771118164,1279750,1h,1H,yfinance,730d,2026-04-02T03:04:46Z,0.002084367225926975,0.002084367225926975,9.35928853013095,9.213804960250854,9.200831928253173,11.135519943237306,12.644788980484009,9.35928853013095,9.200831928253173,11.135519943237306,12.644788980484009,0.010526155948413114,0.31026501322973943,1235435.7,1.035869369810181,60.38970199661755,0.1099996566772461,0.19744180550854867,0.02053476965247888,31.53566075254531,27.779922238993127,10.787788268273133,9.213804960250854,0.31026501322973943,9.834334986710333,8.593274933791376,0.13469571564331967,0.08948882110716028,0.0017391821911878719,0.0877496389159724,9.815600395202637,8.97350025177002,9.31999969482422,0.08338025590063824,-0.2452904282686439,0.007333650525375379,0.0677401053775688,0.024427957245878932,0.8406257406539042,0.07605700427542725,1.7709837105277313,0.027321653794942558,0.04501417329374302,-0.272361765589465,1.2930713865898895,1750.157717150294
2025-10-22 13:30:00,9.59000015258789,9.670000076293944,9.420000076293944,9.520000457763672,968705,1h,1H,yfinance,730d,2026-04-02T03:04:46Z,-0.009880324037016996,-0.009880324037016996,9.374594428000734,9.244554996490479,9.20243194580078,11.084069948196412,12.623738985061646,9.374594428000734,9.20243194580078,11.084069948196412,12.623738985061646,0.010445210423880974,0.3086074600861208,1225152.25,0.7906813214439267,56.00887289706573,0.25,0.20119596225793807,0.02113402863272558,31.235679455112752,25.314315899706617,14.445581205707544,9.244554996490479,0.3086074600861208,9.86176991666272,8.627340076318237,0.13353047721746591,0.08864179427718533,0.019119704608387363,0.06952208966879797,9.815600395202637,9.100000381469728,9.545000076293944,0.06013373530672417,-0.25068866470432205,-0.018050463390315907,0.06906240799934116,0.023457384799200995,0.9009541691725774,0.07817087015541314,1.7081871668051178,0.015510647514374476,0.03450919429051602,-0.2710216872599698,0.8925431070147393,1750.157717150294
2025-10-22 14:30:00,9.510000228881836,9.619999885559082,9.239999771118164,9.34000015258789,1197888,1h,1H,yfinance,730d,2026-04-02T03:04:46Z,-0.0189075941723289,-0.0189075941723289,9.371299735104273,9.258554983139039,9.199931945800781,11.030269947052002,12.601863985061646,9.371299735104273,9.199931945800781,11.030269947052002,12.601863985061646,0.010994364596032934,0.3062597493852514,1256888.7,0.9530581347417636,48.78721501044892,0.38000011444091797,0.2139676874138652,0.022908745601527628,29.61510868927584,22.10306902702354,18.622015560103698,9.258554983139039,0.3062597493852514,9.871074481909542,8.646035484368536,0.13231427579918809,0.07260900766671874,0.02981756522005364,0.0427914424466651,9.815600395202637,9.109999656677246,9.420000076293944,0.02461719792195316,-0.2642772448119215,-0.031120350627649285,0.030905046357937893,0.022975883325223614,0.9970779045686448,0.07921066299072452,1.6704099019431506,-0.0033399403925942206,0.015224917707249208,-0.26995467045934973,0.26593494447877974,1750.157717150294
2025-10-22 15:30:00,9.3302001953125,9.405799865722656,9.329999923706056,9.36970043182373,843381,1h,1H,yfinance,730d,2026-04-02T03:04:46Z,0.003179901365163218,0.003179901365163218,9.371147420506126,9.281540012359619,9.20022596359253,10.98021695137024,12.579912486076354,9.371147420506126,9.20022596359253,10.98021695137024,12.579912486076354,0.010177268582649245,0.2963272750378062,1264837.65,0.6667899235921702,49.934291602679295,0.07579994201659979,0.20409856274263197,0.021782826914019702,28.110292978141562,21.516723696007464,18.128014846246906,9.281540012359619,0.2963272750378062,9.874194562435232,8.688885462284006,0.1277060809491558,0.06158950758141479,0.03617195369232587,0.025417553889088923,9.815600395202637,9.149999618530272,9.239999771118164,0.021165115527580713,-0.2495233728891123,-0.032055771029897095,0.051593781401145566,0.022853102420180467,0.9531671680071037,0.08088701796988501,1.5788204850956673,-0.00015440891253393207,0.018420685415972526,-0.26865739536936484,0.29751031002078343,1750.157717150294
2025-10-22 16:30:00,9.364999771118164,9.375,9.239999771118164,9.274999618530272,1002164,1h,1H,yfinance,730d,2026-04-02T03:04:46Z,-0.010107133518571398,-0.010107133518571398,9.361990486984617,9.295289993286133,9.199219951629638,10.929616947174072,12.557687482833863,9.361990486984617,9.199219951629638,10.929616947174072,12.557687482833863,0.010380575234691068,0.289239851793372,1241235.3,0.8073924420293235,46.36805035528891,0.13500022888183594,0.19916296746686082,0.021473097106005104,26.10296646314235,20.474948474477042,20.478110774763664,9.295289993286133,0.289239851793372,9.873769696872877,8.716810289699389,0.12446727407204564,0.044699640555769804,0.03787749106501466,0.006822149490755144,9.815600395202637,9.149999618530272,9.239999771118164,0.003244968452411845,-0.2621320728950126,-0.03335077015038257,0.030555513170030135,0.022752854362805094,0.9437539907567792,0.08281773974811862,1.5029059528864186,-0.00929192019317715,0.008237618765405186,-0.2674431527138409,-0.07015068853774771,1750.157717150294
2025-10-22 17:30:00,9.270000457763672,9.34000015258789,9.220000267028809,9.3100004196167,543560,1h,1H,yfinance,730d,2026-04-02T03:04:46Z,0.003773671431371417,0.003773671431371417,9.357039051997196,9.318540000915528,9.198319969177247,10.882966947555541,12.535237483978271,9.357039051997196,9.198319969177247,10.882966947555541,12.535237483978271,0.009447792189385665,0.27017014447229726,1223843.2,0.44414186392505184,47.85047007269225,0.11999988555908203,0.1935084616163052,0.020785011052048063,24.37124253629045,19.568014537235452,20.3092659838059,9.318540000915528,0.27017014447229726,9.858880289860123,8.778199711970933,0.1159710188273072,0.03374952783823382,0.037051898419658495,-0.003302370581424678,9.815600395202637,9.239999771118164,9.239999771118164,0.002692576479853992,-0.08049378571686916,-0.03172120215932106,0.052572090282603456,0.022583546687346086,0.9203607980536658,0.09330350842082172,1.242943816263044,-0.005027085183582414,0.012141396560859441,-0.26620297533780723,-0.03160816053716147,1750.157717150294
2025-10-22 18:30:00,9.3149995803833,9.604999542236328,9.25,9.51990032196045,1745650,1h,1H,yfinance,730d,2026-04-02T03:04:46Z,0.02254563833332157,0.02254563833332157,9.372549649136554,9.350535011291504,9.20171796798706,10.838365955352783,12.51423698425293,9.372549649136554,9.20171796798706,10.838365955352783,12.51423698425293,0.01040087013619323,0.253731479360231,1110009.95,1.572643560537453,55.749669095115614,0.3549995422363281,0.2050435388034497,0.021538412364513575,24.018012963639304,26.379565347982574,17.79768089402439,9.350535011291504,0.253731479360231,9.857997970011965,8.843072052571042,0.10854201564031582,0.04152992144777734,0.03794750302528227,0.0035824184224950706,9.815600395202637,9.220000267028809,9.220000267028809,0.01221696887310375,-0.03154624660756811,-1.0518466219244793e-05,0.07206083325144408,0.022344645361363994,0.9639182907666787,0.105809685699855,1.025823060737667,0.015721514245322865,0.03457858142146408,-0.2647000388784486,0.6674982193616272,1750.157717150294
2025-10-22 19:30:00,9.510000228881836,9.640000343322754,9.494999885559082,9.545000076293944,1665206,1h,1H,yfinance,730d,2026-04-02T03:04:46Z,0.0026365564222972093,0.0026365564222972093,9.38897349934202,9.386535024642944,9.209517974853515,10.79506896018982,12.494069485664367,9.38897349934202,9.209517974853515,10.79506896018982,12.494069485664367,0.010163040712055399,0.22619711161706654,1127011.0,1.477541922838375,56.59631378874453,0.14500045776367188,0.20075474730060844,0.02103245109439076,23.856139575538464,26.263941345920642,16.879477424558157,9.386535024642944,0.22619711161706654,9.838929247877077,8.93414080140881,0.0963921664483092,0.04915465557362175,0.04018893353495017,0.008965722038671582,9.815600395202637,9.220000267028809,9.220000267028809,0.0,-0.04741465461153116,0.0219485996099531,0.08158643428783963,0.022162239268550057,0.9490219304796265,0.105809685699855,0.9109956788052466,0.01661806553856593,0.03642775901588524,-0.2628888461505301,0.7005617822356109,1750.157717150294
2025-10-23 13:30:00,9.8100004196167,9.84000015258789,9.475000381469728,9.5,1992377,1h,1H,yfinance,730d,2026-04-02T03:04:46Z,-0.004714518170168103,-0.004714518170168103,9.399547451785637,9.417785024642944,9.218817977905273,10.75136896133423,12.473894486427307,9.399547451785637,9.218817977905273,10.75136896133423,12.473894486427307,0.010327459670998101,0.1942907145586745,1196514.7,1.6651504574076692,54.580051300814766,0.3649997711181623,0.212486534716148,0.02236700365433137,24.54886233369255,29.764549164435877,14.808420006130563,9.417785024642944,0.1942907145586745,9.806366453760292,9.029203595525596,0.08252076854601603,0.050978533425707795,0.0423468535131017,0.008631679912606098,9.815600395202637,9.220000267028809,9.220000267028809,-0.020113429702150798,-0.019607800682256094,0.013906481762609335,0.07042253521126751,0.022162239268550057,1.0092393364813044,0.105809685699855,0.7798980594281183,0.010686955806077814,0.030500875792171644,-0.2609511016839082,0.42315442373972867,1750.157717150294
2025-10-23 14:30:00,9.494999885559082,9.529999732971191,9.44499969482422,9.51449966430664,640231,1h,1H,yfinance,730d,2026-04-02T03:04:46Z,0.0015262804533306973,0.0015262804533306973,9.410495281549542,9.44451003074646,9.232607975006104,10.708813953399659,12.45294198513031,9.410495281549542,9.232607975006104,10.708813953399659,12.45294198513031,0.010152638187168819,0.1670913985172552,1203523.7,0.5319637660645985,55.13467588347305,0.08500003814697088,0.20338035638977822,0.021375833051185393,24.965191884614672,28.876000149563147,15.419994872217583,9.44451003074646,0.1670913985172552,9.77869282778097,9.110327233711951,0.07076763028396023,0.052983213984701294,0.044474125607421616,0.008509088377279678,9.84000015258789,9.220000267028809,9.220000267028809,-0.013018742172871689,0.00047312674200994387,0.025822108423366297,0.059521174756898,0.021938429308153554,0.9743556729123234,0.105809685699855,0.6688199649765826,0.011051956315308198,0.030532184412427554,-0.25860025799281106,0.4188703558726409,1750.157717150294
2025-10-23 15:30:00,9.515000343322754,9.5649995803833,9.369999885559082,9.399999618530272,797034,1h,1H,yfinance,730d,2026-04-02T03:04:46Z,-0.012034268728382314,-0.012034268728382314,9.409495694595325,9.458730030059815,9.243907966613769,10.664263954162598,12.431596984863281,9.409495694595325,9.243907966613769,10.664263954162598,12.431596984863281,0.010250405871672908,0.1496906256458368,1186986.8,0.6714767173484996,49.94784998930369,0.19499969482421875,0.20278173770652397,0.02157252616338188,24.791303248460913,26.892582876604052,17.00265592974445,9.458730030059815,0.1496906256458368,9.75811128135149,9.159348778768141,0.06330263160915711,0.044816128560331236,0.04454252619800354,0.0002736023623276934,9.84000015258789,9.220000267028809,9.220000267028809,-0.028925689857240533,-0.013641145654092246,0.009666938223110932,0.031199262554325147,0.021677676538700792,0.9951493705918534,0.105809685699855,0.5982687803149184,-0.0010092013826530355,0.01688589419975406,-0.2564183042718361,-0.3923452873294669,1750.157717150294
2025-10-23 16:30:00,9.404999732971191,9.479999542236328,9.385000228881836,9.454999923706056,410668,1h,1H,yfinance,730d,2026-04-02T03:04:46Z,0.005851096532744737,0.005851096532744737,9.413829430701108,9.472705030441285,9.253307971954346,10.61946394920349,12.410871982574463,9.413829430701108,9.253307971954346,10.61946394920349,12.410871982574463,0.010234097133326174,0.13491372643991878,1157969.25,0.3546449959703161,52.27062280249861,0.09499931335449219,0.19508299310995028,0.02063278632301501,24.629835229175278,25.957165278586363,16.41124440030153,9.472705030441285,0.13491372643991878,9.742532483321122,9.202877577561447,0.05696946162954005,0.042294178528932136,0.044092856664189266,-0.0017986781352571299,9.84000015258789,9.220000267028809,9.25,-0.014590968152844552,0.0015890194904168986,-0.006817340104358083,0.03046155633870984,0.021555469263947726,0.9571949499389496,0.105809685699855,0.5384144301415132,0.004373405457154256,0.02179674040494639,-0.25441919109741107,-0.13123280486298552,1750.157717150294
2025-10-23 17:30:00,9.454999923706056,9.59000015258789,9.4350004196167,9.579999923706056,577078,1h,1H,yfinance,730d,2026-04-02T03:04:46Z,0.013220518350993693,0.013220518350993693,9.429655191939675,9.489455032348634,9.262607975006103,10.5757639503479,12.390771980285644,9.429655191939675,9.262607975006103,10.5757639503479,12.390771980285644,0.010471401165037676,0.12611216861886526,1143516.45,0.5046521193464248,57.13891618412163,0.1549997329711914,0.19221990310003895,0.02006470820781364,24.99378153505992,28.549697223126735,15.465995733559728,9.489455032348634,0.12611216861886526,9.741679369586365,9.237230695110902,0.05315886663205057,0.04980781678320412,0.04523584868799224,0.004571968095211876,9.84000015258789,9.220000267028809,9.369999885559082,-0.0036401298227006773,0.012150002035311358,0.0036668252626879116,0.036235807711609835,0.02150575473525934,0.9329925154831668,0.105809685699855,0.5024007611443403,0.015943820713072654,0.03426593779596332,-0.25245916963500015,0.7179710915214428,1750.157717150294
2025-10-23 18:30:00,9.579999923706056,9.59000015258789,9.510000228881836,9.5649995803833,720920,1h,1H,yfinance,730d,2026-04-02T03:04:46Z,-0.001565797854093609,-0.001565797854093609,9.44254513369621,9.503455018997192,9.270407962799073,10.532713947296143,12.370046977996827,9.44254513369621,9.270407962799073,10.532713947296143,12.370046977996827,0.010480072194443524,0.11791324035964001,1104405.75,0.6527673366423526,56.395534997946505,0.07999992370605469,0.18420419028618293,0.019258149332694614,25.33173167623852,27.66404434437119,14.98621818855822,9.503455018997192,0.11791324035964001,9.739281499716473,9.267628538277911,0.04962963053918157,0.0539303513694005,0.046974749224273894,0.006955602145126603,9.84000015258789,9.220000267028809,9.369999885559082,0.004726798367213458,0.022447894005644287,0.006842061092979135,0.030156137595331423,0.021457916212770108,0.8974845992377227,0.105809685699855,0.4690461956381143,0.012968372928407357,0.0317776325234429,-0.25057617167592205,0.5219478423152093,1750.157717150294
2025-10-23 19:30:00,9.5649995803833,9.640000343322754,9.529999732971191,9.640000343322754,1389938,1h,1H,yfinance,730d,2026-04-02T03:04:46Z,0.00784116740509555,0.00784116740509555,9.46135039175588,9.51520504951477,9.279307975769044,10.489863948822022,12.34984697818756,9.46135039175588,9.279307975769044,10.489863948822022,12.34984697818756,0.010260284898155109,0.11921840523753868,1105143.7,1.2576988856743245,59.25019424762603,0.1100006103515625,0.1789039345765672,0.018558498776453557,25.87981543106913,28.445372409563817,14.328046467395298,9.51520504951477,0.11921840523753868,9.753641859989848,9.276768239039693,0.050117009404276894,0.06252863332960246,0.05008552604533961,0.012443107284262844,9.84000015258789,9.220000267028809,9.369999885559082,0.03211993424344217,0.033746916381868886,0.013190465441595967,0.02498677480316336,0.021409284185360256,0.866843497231165,0.105809685699855,0.47365237948481664,0.018882077522732743,0.038870610663594984,-0.24862972050113152,1.046778755002909,1750.157717150294
2025-10-24 13:30:00,9.84000015258789,9.869999885559082,9.520000457763672,9.53849983215332,950178,1h,1H,yfinance,730d,2026-04-02T03:04:46Z,-0.010529098294040917,-0.010529098294040917,9.468697957508018,9.514880037307739,9.290277976989746,10.445748949050904,12.328814477920533,9.468697957508018,9.290277976989746,10.445748949050904,12.328814477920533,0.010069464482165773,0.11914557347345114,1074155.6,0.8845813399846353,54.0893331333564,0.34999942779541016,0.191125041235056,0.02003722226746734,27.28736970308225,33.32029994113717,12.453877735983893,9.514880037307739,0.11914557347345114,9.753171184254642,9.276588890360836,0.05008810326826318,0.060455695133001086,0.05215955986287191,0.008296135270129179,9.84000015258789,9.220000267028809,9.369999885559082,0.018015453274927706,0.019615210999051058,0.014734065876983893,-0.0006810103812117108,0.021327214022592186,0.9395142865937229,0.105809685699855,0.47337918959844166,0.007371855661522542,0.02671845296538744,-0.24645812509973697,0.19824315882658064,1750.157717150294
2025-10-24 14:30:00,9.529999732971191,9.6850004196167,9.505000114440918,9.649999618530272,688053,1h,1H,yfinance,730d,2026-04-02T03:04:46Z,0.011689446803898607,0.011689446803898607,9.485964782367281,9.512630033493043,9.296073970794678,10.402748947143555,12.308614478111267,9.485964782367281,9.296073970794678,10.402748947143555,12.308614478111267,0.009790013723404248,0.11610906799835344,1036387.8,0.6638953102303983,58.378210522779355,0.18000030517578125,0.19033041723082209,0.019723360078205895,28.459015313790136,31.069453287491672,12.175539423209443,9.512630033493043,0.11610906799835344,9.74484816948975,9.280411897496336,0.04882311940632389,0.06703721431806464,0.05513509075391046,0.011902123564154182,9.869999885559082,9.25,9.385000228881836,0.04043126850925116,0.03208547859047117,0.020623976350893747,-0.004641575833980949,0.02120631181336228,0.930070266427849,0.10246709104431251,0.4764760949953194,0.017292372460406158,0.03807259374737293,-0.24475057795285315,1.1831081534404964,1750.157717150294
2025-10-24 15:30:00,9.649999618530272,9.670000076293944,9.5649995803833,9.645000457763672,450325,1h,1H,yfinance,730d,2026-04-02T03:04:46Z,-0.0005180477683128792,-0.0005180477683128792,9.501111037166938,9.512880039215087,9.302673988342285,10.356748952865601,12.288264479637146,9.501111037166938,9.302673988342285,10.356748952865601,12.288264479637146,0.009709658028881499,0.11638810007195191,994532.95,0.45280048287992875,58.116070085264845,0.10500049591064275,0.1842354228508093,0.019101649985149596,29.546971952304602,29.80464765674756,11.679885680051301,9.512880039215087,0.11638810007195191,9.745656239358992,9.280103839071183,0.048939164413790065,0.07103092490824992,0.05831425758477835,0.012716667323471563,9.869999885559082,9.369999885559082,9.4350004196167,0.03598281665391867,0.0535227459404255,0.006785024485936431,0.0005186840521620439,0.02108323986355817,0.9060111305836964,0.08945646749716261,0.5470724004985142,0.01514448363289933,0.03679871721296224,-0.2429627467932739,1.1351711941934524,1750.157717150294
2025-10-24 16:30:00,9.645000457763672,9.654999732971191,9.550000190734863,9.595000267028809,456879,1h,1H,yfinance,730d,2026-04-02T03:04:46Z,-0.005184052707287945,-0.005184052707287945,9.510052868582354,9.50863003730774,9.305973987579346,10.311344957351684,12.268039479255677,9.510052868582354,9.305973987579346,10.311344957351684,12.268039479255677,0.009726802004667282,0.1116640262045768,969813.95,0.47109963720361003,55.434891838608834,0.10499954223632812,0.17857571709263206,0.018611330080549323,30.404579150633882,28.5528879744666,11.78930557828009,9.50863003730774,0.1116640262045768,9.731958089716892,9.285301984898586,0.046973759949206266,0.06936181200822844,0.06052376846946837,0.008838043538760068,9.869999885559082,9.369999885559082,9.505000114440918,0.007888732290097566,0.06198123177357884,0.0031365068438722332,-0.008780995399506608,0.02090873107321941,0.890122409407586,0.07664419941498812,0.6128808221332968,0.008932379201285867,0.031058143922949366,-0.2414457091277672,0.773483033495789,1750.157717150294
2025-10-24 17:30:00,9.600000381469728,9.619999885559082,9.55500030517578,9.604999542236328,364937,1h,1H,yfinance,730d,2026-04-02T03:04:46Z,0.0010421339165440635,0.0010421339165440635,9.519095408930353,9.509130001068115,9.311173973083497,10.2668949508667,12.246289477348327,9.519095408930353,9.311173973083497,10.2668949508667,12.246289477348327,0.009537040806551033,0.11207126317375156,934246.1,0.39062191429003557,55.873333797698066,0.06499958038330256,0.17046313589910853,0.017747334099239287,31.200928691939644,27.77520590627435,11.468205605735593,9.509130001068115,0.11207126317375156,9.733272527415618,9.284987474720612,0.04714259376458753,0.06806131745059751,0.062031278265694205,0.006030039184903309,9.869999885559082,9.369999885559082,9.505000114440918,0.006285957617894633,0.08838524077386278,-0.0036307883651341966,0.0010421339165440635,0.020708898687531535,0.8569907249546131,0.06703513094655866,0.7032520575244383,0.009024400913702824,0.0315562323292653,-0.23967386282137493,0.8554337521794498,1750.157717150294
2025-10-24 18:30:00,9.604999542236328,9.614999771118164,9.4399995803833,9.470000267028809,703023,1h,1H,yfinance,730d,2026-04-02T03:04:46Z,-0.014055104803897489,-0.014055104803897489,9.514419681130205,9.501880025863647,9.314273986816406,10.221544952392579,12.22448947906494,9.514419681130205,9.314273986816406,10.221544952392579,12.22448947906494,0.010006066430915318,0.10965191417696098,905409.75,0.7764694382847103,48.88124405443524,0.17500019073486328,0.1707872112445196,0.018034551893218023,30.75949284487687,25.742322707903604,15.438532290403364,9.501880025863647,0.10965191417696098,9.72118385421757,9.282576197509725,0.04616009205693783,0.0554976109578309,0.060724544804121545,-0.005226933846290645,9.869999885559082,9.369999885559082,9.505000114440918,-0.0031578666285464463,0.07187325706169645,-0.007181377190321525,-0.015080552006346282,0.020708898687531535,0.8708600184555594,0.060136046619348585,0.7675943905844645,-0.004668641450565003,0.01671910021466183,-0.2380643786583011,-0.29073599922195237,1750.157717150294
2025-10-24 19:30:00,9.470000267028809,9.529999732971191,9.43000030517578,9.5,1030119,1h,1H,yfinance,730d,2026-04-02T03:04:46Z,0.003167870340578638,0.003167870340578638,9.513046378165424,9.500880002975464,9.319473991394043,10.176290950775147,12.20288447856903,9.513046378165424,9.319473991394043,10.176290950775147,12.20288447856903,0.009810310678804926,0.10957326982044908,908480.45,1.1338923143585533,50.36765149245995,0.09999942779541193,0.16573094099815477,0.01744536221033208,30.25298193873093,24.632857689564084,15.204108922790894,9.500880002975464,0.10957326982044908,9.720026542616361,9.281733463334566,0.0461318403289518,0.04741494085484099,0.058062624014265436,-0.010647683159424444,9.869999885559082,9.385000228881836,9.4399995803833,-0.0015239544714090725,0.057317792209377494,-0.015544002534698231,-0.0021008883195338113,0.020348747265414323,0.8573187323419673,0.05506416413079531,0.8377833579635143,-0.0013714195901922688,0.01937083667733419,-0.2362892554001389,-0.008031182941842234,1750.157717150294
2025-10-27 13:30:00,9.550000190734863,9.67199993133545,9.359999656677246,9.46500015258789,722331,1h,1H,yfinance,730d,2026-04-02T03:04:46Z,-0.0036841944644325775,-0.0036841944644325775,9.508470547158039,9.507130002975464,9.326173992156983,10.130990953445435,12.180334477424621,9.508470547158039,9.326173992156983,10.130990953445435,12.180334477424621,0.008863041205483735,0.10362186462952865,884702.6,0.8164675903518313,48.59240196287056,0.3120002746582031,0.17617875054530108,0.018613708156901703,30.55664926113872,27.274071899361868,13.280864918310245,9.507130002975464,0.10362186462952865,9.71437373223452,9.299886273716407,0.043597537678394076,0.03775001273723255,0.05400010175885886,-0.016250089021626307,9.869999885559082,9.43000030517578,9.43000030517578,0.00691495071228343,0.03839828746663709,-0.01866255019520413,0.013383297425896279,0.020050965237640488,0.9283198058694597,0.05163793801816373,0.8442927690694886,-0.0045717546638602835,0.014885649843939808,-0.2343252962845659,-0.4065729808877357,1750.157717150294
2025-10-27 14:30:00,9.46500015258789,9.539999961853027,9.43000030517578,9.520000457763672,604086,1h,1H,yfinance,730d,2026-04-02T03:04:46Z,0.005810914346445539,0.005810914346445539,9.509568633882385,9.514645004272461,9.32967399597168,10.08669095993042,12.157759480476379,9.509568633882385,9.32967399597168,10.08669095993042,12.157759480476379,0.008918166347384026,0.09871653186666307,872737.85,0.6921734860015525,51.48612713569087,0.10999965667724787,0.1714516724118687,0.018009628589045694,30.83862606051738,26.02418260198044,12.672242524755841,9.514645004272461,0.09871653186666307,9.712078068005788,9.317211940539135,0.04150087862335818,0.034135064764670986,0.050027094360021285,-0.0158920295953503,9.869999885559082,9.359999656677246,9.359999656677246,0.006874726026664835,0.037602208158774575,-0.007816551034694363,0.016041070579957406,0.019880291172836618,0.9059036627015353,0.05010255633627003,0.8283185860781127,0.0010969818172528178,0.020400119218974888,-0.2326156796444443,0.054250826988575945,1750.157717150294
2025-10-27 15:30:00,9.524999618530272,9.59000015258789,9.449999809265137,9.510000228881836,1102789,1h,1H,yfinance,730d,2026-04-02T03:04:46Z,-0.0010504441597668501,-0.0010504441597668501,9.509609738168047,9.526395034790038,9.332574005126952,10.048540964126587,12.135321979522706,9.509609738168047,9.332574005126952,10.048540964126587,12.135321979522706,0.008574337899404625,0.08207602328429063,877769.1,1.2563543191483957,50.92483478613365,0.1400003433227539,0.16920514890550337,0.017792339099175616,31.356807511233605,26.596870584286574,11.923312974861261,9.526395034790038,0.08207602328429063,9.69054708135862,9.362242988221457,0.03446257392625529,0.030116097926480734,0.04604489507331318,-0.015928797146832444,9.869999885559082,9.359999656677246,9.359999656677246,-0.007306857555499979,0.03425780799480904,-0.00989061091952681,0.0253369940718986,0.019490754705450253,0.9128604493801513,0.049858866903722376,0.691202509531607,4.106274858184378e-05,0.019011499255983777,-0.23095785831848104,-0.19975146519239784,1750.157717150294
2025-10-27 16:30:00,9.505000114440918,9.550000190734863,9.44499969482422,9.539999961853027,604923,1h,1H,yfinance,730d,2026-04-02T03:04:46Z,0.003154545977831047,0.003154545977831047,9.512504045185665,9.537895011901856,9.340374011993408,10.013890962600708,12.112546977996827,9.512504045185665,9.340374011993408,10.013890962600708,12.112546977996827,0.008566423637065043,0.06536166577444201,880837.25,0.6867591033417354,52.59446421049302,0.10500049591064275,0.16461910226301332,0.01725567116575104,31.780109992384393,25.385118917807358,11.597043630820691,9.537895011901856,0.06536166577444201,9.66861834345074,9.407171680352972,0.02741135887651542,0.029017272430712282,0.042639370544793,-0.013622098114080716,9.869999885559082,9.359999656677246,9.359999656677246,-0.0026136559986416064,0.06117911064934933,0.007391731029610771,0.024704568407076133,0.019179899658922105,0.899674736187895,0.04928439747648582,0.5561873590844589,0.0028905024940597546,0.021372372198724898,-0.22886788146533,0.032204655836575245,1750.157717150294
2025-10-27 17:30:00,9.53499984741211,9.56980037689209,9.364999771118164,9.414999961853027,749198,1h,1H,yfinance,730d,2026-04-02T03:04:46Z,-0.013102725419269268,-0.013102725419269268,9.503217942011128,9.532649993896484,9.34607400894165,9.978390960693359,12.08949697971344,9.503217942011128,9.34607400894165,9.978390960693359,12.08949697971344,0.007606462763532427,0.07059466241830152,831014.65,0.901546079843478,45.62863108272473,0.20480060577392578,0.16748920965664993,0.017789613418509806,31.272968521973148,23.167966395108934,13.995880811930489,9.532649993896484,0.07059466241830152,9.673839318733087,9.391460669059882,0.029622261370553352,0.01785417812570067,0.03768233206097454,-0.019828153935273866,9.869999885559082,9.359999656677246,9.359999656677246,-0.02334028770295382,0.005854579388175907,-0.008947372436523438,-0.011019060763213906,0.01885767907102565,0.9433617653321452,0.04888114191005698,0.606005919932463,-0.009282958751068215,0.007374856313510092,-0.22692614716520798,-1.6665570457201662,1750.157717150294
2025-10-27 18:30:00,9.414999961853027,9.460000038146973,9.369999885559082,9.404999732971191,602103,1h,1H,yfinance,730d,2026-04-02T03:04:46Z,-0.0010621592057731277,-0.0010621592057731277,9.493863826864468,9.525649976730346,9.355174007415771,9.94294095993042,12.066296977996826,9.493863826864468,9.355174007415771,9.94294095993042,12.066296977996826,0.007572236902759499,0.07577406779750703,777859.5,0.7740510979167832,45.11384419430806,0.09000015258789062,0.1619542770088814,0.01722001930963558,30.80205144230556,22.24834153501137,13.440330975828735,9.525649976730346,0.07577406779750703,9.67719811232536,9.374101841135332,0.031818959538765845,0.008106958595579528,0.031767257367895534,-0.023660298772316006,9.869999885559082,9.359999656677246,9.359999656677246,-0.013995921951176604,0.009661852564913032,-0.006339188446847999,-0.014667400964245014,0.018612519118725513,0.925184774817022,0.04798285658545571,0.6631318308883392,-0.009360160995970923,0.005326007353355866,-0.22468558295265328,-1.592236595791205,1750.157717150294
2025-10-27 19:30:00,9.404999732971191,9.460000038146973,9.295000076293944,9.359999656677246,1399938,1h,1H,yfinance,730d,2026-04-02T03:04:46Z,-0.004784697243125691,-0.004784697243125691,9.481114858275209,9.51864995956421,9.363274002075196,9.908308954238892,12.042846975326539,9.481114858275209,9.363274002075196,9.908308954238892,12.042846975326539,0.007574107884182568,0.0838559149471653,748237.55,1.8709806798656388,42.77516973758915,0.16499996185302912,0.16217182592632054,0.017326050413968792,29.556524995034167,20.63146058455671,15.766931524368413,9.51864995956421,0.0838559149471653,9.68636178945854,9.35093812966988,0.035238574925389565,-0.003211888530904261,0.024771428188135575,-0.027983316719039836,9.869999885559082,9.359999656677246,9.364999771118164,-0.030051810706412607,-0.007423186238935009,-0.016806806028663912,-0.014736878244500429,0.01858491442850144,0.9322642017333111,0.047058176856896894,0.7488300074299408,-0.012774362868545164,-0.00034970090560459965,-0.22250328171912082,-1.8919393221923975,1750.157717150294
2025-10-28 13:30:00,9.300000190734863,9.5,9.279999732971191,9.460000038146973,1036264,1h,1H,yfinance,730d,2026-04-02T03:04:46Z,0.010683801830952966,0.010683801830952966,9.479103923024901,9.515924978256226,9.369874000549316,9.872825956344604,12.019796977043152,9.479103923024901,9.369874000549316,9.872825956344604,12.019796977043152,0.00796249951037415,0.08482640134459002,768039.2,1.3492332162212555,49.090963042165455,0.2200002670288086,0.16630242886221255,0.017579537863806175,28.706554450013233,20.399984430720046,14.277077351840722,9.515924978256226,0.08482640134459002,9.685577780945406,9.346272175567046,0.0356566078603677,-0.004066090025228064,0.019003924545462847,-0.02307001457069091,9.869999885559082,9.295000076293944,9.295000076293944,-0.01918096535369107,0.012306021169834258,-0.005257643483857488,-0.0057280601274412035,0.018296525334835792,0.9608129162281702,0.04656692600307205,0.7657067133444757,-0.0020153682281639496,0.009618703260297012,-0.22046320595555613,-0.6592869581024655,1750.157717150294
2025-10-28 14:30:00,9.46030044555664,9.479900360107422,9.34000015258789,9.385000228881836,1088300,1h,1H,yfinance,730d,2026-04-02T03:04:46Z,-0.007928098199017297,-0.007928098199017297,9.470141666439847,9.515175008773804,9.377474002838134,9.837625961303711,11.995896978378296,9.470141666439847,9.377474002838134,9.837625961303711,11.995896978378296,0.007704913808896939,0.08590742668364959,782602.5,1.3906165646033586,45.073024563132336,0.13990020751953125,0.1644165559091639,0.0175190785188455,27.91729608677951,19.160118826001433,13.409348398195162,9.515175008773804,0.08590742668364959,9.686989862141104,9.343360155406504,0.03611386090300428,-0.010671889769563236,0.01306876168245763,-0.023740651452020867,9.869999885559082,9.279999732971191,9.279999732971191,-0.02188640253284757,0.007514831095210228,-0.01624735152945267,-0.0015956798145893014,0.01802209024113186,0.9720891574974843,0.04614596619294481,0.7826006015781651,-0.008990513611822126,0.0008025856474167536,-0.21827654741114166,-1.5152913422879162,1750.157717150294
2025-10-28 15:30:00,9.385000228881836,9.399999618530272,9.289999961853027,9.345000267028809,764729,1h,1H,yfinance,730d,2026-04-02T03:04:46Z,-0.004262116236282032,-0.004262116236282032,9.45822343792451,9.509675025939941,9.386274013519287,9.800525960922242,11.972646980285644,9.45822343792451,9.386274013519287,9.800525960922242,11.972646980285644,0.007632549074850144,0.09282648459080527,800305.55,0.9555462910384664,43.04929767054689,0.10999965667724432,0.16052963453545538,0.017178130545575137,26.621245326663907,18.222327362470455,14.977815074866518,9.509675025939941,0.09282648459080527,9.695327995121552,9.32402205675833,0.039045071188068416,-0.018916637070129028,0.006671681931940299,-0.025588319002069326,9.869999885559082,9.279999732971191,9.279999732971191,-0.027069160603726994,0.011363690315106867,-0.007434911854257931,-0.011634019837636456,0.017900983844110655,0.959619353615956,0.044864689003672936,0.8702851185454983,-0.01197087081298076,-0.004397245001694028,-0.21602348845874442,-1.774006197014212,1750.157717150294
2025-10-28 16:30:00,9.345000267028809,9.4399995803833,9.324999809265137,9.324999809265137,574498,1h,1H,yfinance,730d,2026-04-02T03:04:46Z,-0.0021402308391833547,-0.0021402308391833547,9.445535473290283,9.496925020217896,9.391574001312256,9.761142959594727,11.949471979141235,9.445535473290283,9.391574001312256,9.761142959594727,11.949471979141235,0.006949970286128747,0.09955983535531862,800176.55,0.7179640543077649,42.03306922742287,0.11499977111816406,0.15727750143422028,0.01686622033792992,25.769537071568926,19.087237515367608,14.195555651802744,9.496925020217896,0.09955983535531862,9.696044690928533,9.297805349507259,0.041933503799752705,-0.026756100821575757,-1.3874618762912664e-05,-0.026742226202812844,9.869999885559082,9.279999732971191,9.279999732971191,-0.015311557938230691,0.021358126219055418,-0.008506105898716587,-0.026617966228779655,0.01779097625884271,0.9480210693635682,0.04276552073907339,0.980544678868823,-0.012761125546136842,-0.007088715058606421,-0.21405949838570237,-1.7268531063674029,1750.157717150294
2025-10-28 17:30:00,9.324999809265137,9.404999732971191,9.3100004196167,9.369999885559082,510175,1h,1H,yfinance,730d,2026-04-02T03:04:46Z,0.004825745545778304,0.004825745545778304,9.438341607792074,9.487175035476685,9.400774002075195,9.723792963027954,11.92597797870636,9.438341607792074,9.400774002075195,9.723792963027954,11.92597797870636,0.007077280771331288,0.10193571904316157,789639.3,0.6460861307181646,45.1692935239419,0.09499931335449219,0.15282905942852543,0.01631046545305337,24.801979766870314,18.239757300463072,14.266302726906984,9.487175035476685,0.10193571904316157,9.69104647356301,9.283303597390361,0.04297832333101472,-0.029003468320524917,-0.005811793359115314,-0.023191674961409604,9.869999885559082,9.279999732971191,9.279999732971191,-0.013684222572728166,0.0026751864971559236,0.0010684005607524139,-0.020386795962243465,0.017768473758874546,0.917944088749155,0.04245591356538371,1.0123047585544587,-0.007240861273401067,-0.003273572634478805,-0.21173978193988585,-1.1495004010124166,1750.157717150294
2025-10-28 18:30:00,9.364999771118164,9.390000343322754,9.335000038146973,9.380000114440918,413901,1h,1H,yfinance,730d,2026-04-02T03:04:46Z,0.0010672602992500835,0.0010672602992500835,9.432785275091964,9.474175024032593,9.408374004364013,9.687092962265014,11.902752981185913,9.432785275091964,9.408374004364013,9.687092962265014,11.902752981185913,0.006802621865274927,0.09812458900978131,740837.45,0.5586934083853348,45.8701753560285,0.05500030517578125,0.14584129126761514,0.015548111885743596,23.903533698221604,17.748424658198243,13.882004838580189,9.474175024032593,0.09812458900978131,9.670424202052157,9.27792584601303,0.041428235708491655,-0.029635963420917122,-0.010576627371475677,-0.019059336049441447,9.869999885559082,9.279999732971191,9.279999732971191,-0.008980458190878338,0.001601745188399839,-0.008456651520450165,-0.026970977139220476,0.01766343598152273,0.8802427739431943,0.04171719121155544,0.9930734669647714,-0.005595925181338557,-0.003015812287004538,-0.20956319775472443,-0.9597483214150117,1750.157717150294
2025-10-28 19:30:00,9.378299713134766,9.414999961853027,9.354999542236328,9.385000228881836,852646,1h,1H,yfinance,730d,2026-04-02T03:04:46Z,0.0005330612345324504,0.0005330612345324504,9.428234318310047,9.466500043869019,9.419174003601075,9.649992961883544,11.879577980041503,9.428234318310047,9.419174003601075,9.649992961883544,11.879577980041503,0.006475064056444832,0.09879399174720936,735960.85,1.158548039613792,46.24020223693975,0.06000041961669922,0.13970980043540687,0.014886499416958717,23.32017127140692,18.482113307060654,13.45615982022273,9.466500043869019,0.09879399174720936,9.664088027363437,9.2689120603746,0.04174467492289015,-0.02939490671031386,-0.014340283239243313,-0.015054623471070549,9.869999885559082,9.279999732971191,9.289999961853027,-0.014180695629246731,0.025683127885125723,0.0,-0.01609263573649733,0.017549308191325837,0.8482670231021826,0.04162277677312416,1.0029286404996578,-0.004585597681237896,-0.003628107380347134,-0.20711206918074654,-0.8249470797345806,1750.157717150294
2025-10-29 13:30:00,9.31999969482422,9.449999809265137,9.254400253295898,9.364999771118164,606044,1h,1H,yfinance,730d,2026-04-02T03:04:46Z,-0.00213110892657431,-0.00213110892657431,9.422211980482249,9.452250051498414,9.42887399673462,9.61344295501709,11.85660297870636,9.422211980482249,9.42887399673462,9.61344295501709,11.85660297870636,0.00580966739165142,0.09158985258295274,731860.4,0.8280868865155158,44.91751533130122,0.19559955596923828,0.14370192583068056,0.01534457334146019,21.75221114604854,16.685192783982426,17.14828153338432,9.452250051498414,0.09158985258295274,9.635429756664319,9.269070346332509,0.038758963033752314,-0.030466538035458512,-0.017565534198486353,-0.01290100383697216,9.6850004196167,9.279999732971191,9.289999961853027,-0.01524715607506566,0.025739282993605617,0.0021401287873599184,-0.02953366411174163,0.01748222036458879,0.877724512187335,0.04146455716592492,0.9347492336323314,-0.006072057122318841,-0.006774321688737817,-0.2047575503988599,-0.9526195088176098,1750.157717150294
2025-10-29 14:30:00,9.369999885559082,9.385000228881836,9.270000457763672,9.335000038146973,474439,1h,1H,yfinance,730d,2026-04-02T03:04:46Z,-0.0032033885429139097,-0.0032033885429139097,9.413906081212223,9.436750030517578,9.439074001312257,9.576492958068847,11.83360297679901,9.413906081212223,9.439074001312257,9.576492958068847,11.83360297679901,0.005816889755577589,0.08353557787873987,733066.1,0.6471981176049473,42.93371510237479,0.11499977111816406,0.14165177192264367,0.015174265810797146,20.296248172501475,15.717632222726879,16.15386683768254,9.436750030517578,0.08353557787873987,9.603821186275058,9.269678874760098,0.035408621658343624,-0.03335207930459383,-0.02072284321970785,-0.012629236084885979,9.67199993133545,9.254400253295898,9.254400253295898,-0.021488461690332805,0.043016786266663276,0.0010724106258854782,-0.032141047683120316,0.017385706312150438,0.8728012275343814,0.040236653448280035,0.8800091116886165,-0.008381860025428511,-0.011025865794760725,-0.20234995040660675,-1.2180437958818608,1750.157717150294
2025-10-29 15:30:00,9.335000038146973,9.34000015258789,9.274999618530272,9.295000076293944,379190,1h,1H,yfinance,730d,2026-04-02T03:04:46Z,-0.004284945012273278,-0.004284945012273278,9.402581699791435,9.421750020980834,9.447474002838135,9.541092958450317,11.810052976608276,9.402581699791435,9.447474002838135,9.541092958450317,11.810052976608276,0.005792557494605136,0.08065784582890556,729181.65,0.5200213143048786,40.37333907656563,0.06500053405761896,0.13617668350371334,0.014650530649377793,18.94428255420777,15.181745177040472,15.60310652891668,9.421750020980834,0.08065784582890556,9.583065712638646,9.260434329323022,0.0342432544481834,-0.038423630483165994,-0.02426300067239948,-0.014160629810766514,9.67199993133545,9.254400253295898,9.254400253295898,-0.012745606590046754,0.03796763321994301,-0.008004248685288373,-0.031266303531616635,0.01729086078985992,0.8472990921290324,0.03890201711091036,0.8802436734978358,-0.011441711110032449,-0.016139121049540517,-0.20004812666375094,-1.5714521431152209,1750.157717150294
2025-10-29 16:30:00,9.295000076293944,9.299699783325195,9.119999885559082,9.15999984741211,608893,1h,1H,yfinance,730d,2026-04-02T03:04:46Z,-0.014523962105835841,-0.014523962105835841,9.379478666231499,9.399500036239624,9.451074008941651,9.504992952346802,11.786602973937988,9.379478666231499,9.451074008941651,9.504992952346802,11.786602973937988,0.006402870961441512,0.08807533473634677,741379.45,0.8212973801742145,33.18121491280573,0.17969989776611328,0.1392854845224562,0.015205839174965407,19.24890547866191,13.782687455730624,22.113936063445166,9.399500036239624,0.08807533473634677,9.575650705712318,9.22334936676693,0.03748085936348696,-0.05272844091298268,-0.02995608872051612,-0.022772352192466556,9.67199993133545,9.254400253295898,9.254400253295898,-0.02604996198991727,0.003285841467158379,-0.02345418596425264,-0.046330006874795715,0.01723784523769331,0.8821194856602729,0.03811991119861964,0.9832357470141269,-0.02339989530650244,-0.03079799832846053,-0.19815115264004013,-2.7192651557267205,1750.157717150294
2025-10-29 17:30:00,9.15999984741211,9.1899995803833,9.0,9.010000228881836,972272,1h,1H,yfinance,730d,2026-04-02T03:04:46Z,-0.01637550447914593,-0.01637550447914593,9.34429024362677,9.376500034332276,9.448962020874024,9.467692956924438,11.763652973175049,9.34429024362677,9.448962020874024,9.467692956924438,11.763652973175049,0.0066309056038140225,0.12068659979758468,754841.9,1.2880472056466394,27.35109421475741,0.18999958038330078,0.14290791994108795,0.015861033996757534,20.386602743046385,12.47380026948084,26.011725626345555,9.376500034332276,0.12068659979758468,9.617873233927446,9.135126834737106,0.05148471150458622,-0.07530080109359538,-0.039025031195131975,-0.03627576989846341,9.67199993133545,9.119999885559082,9.119999885559082,-0.03739310263176421,0.0005552597864935116,-0.039957377821468465,-0.04857444827626145,0.01719907492760536,0.922202738433321,0.03811991119861964,1.350598935982058,-0.03577478931296407,-0.04645608597245521,-0.19676634099792567,-3.036789552983782,1750.157717150294
2025-10-29 18:30:00,9.010000228881836,9.03499984741211,8.795000076293945,8.800000190734863,2336638,1h,1H,yfinance,730d,2026-04-02T03:04:46Z,-0.023307439823787246,-0.023307439823787246,9.292453095732302,9.341500043869019,9.441452026367188,9.428642959594727,11.740952973365784,9.292453095732302,9.441452026367188,9.428642959594727,11.740952973365784,0.007896311263671386,0.17086616823019485,820167.85,2.848975365225545,21.622948275262047,0.23999977111816406,0.14984305216802196,0.017027619195484244,22.474790001049712,11.046731286142105,32.80797198812795,9.341500043869019,0.17086616823019485,9.683232380329407,8.99976770740863,0.07316433867271101,-0.10887970967880811,-0.052995966891867204,-0.05588374278694091,9.67199993133545,9.0,9.0,-0.06976742544933334,-0.011791077527780525,-0.06033097642199314,-0.0736841904489618,0.01710287487052969,0.9955998230931853,0.03811991119861964,1.9193208056413404,-0.05299493039395653,-0.06793995604075931,-0.19585300718050636,-3.1691461144293593,1750.157717150294
2025-10-29 19:30:00,8.800000190734863,8.85990047454834,8.720000267028809,8.795000076293945,2826739,1h,1H,yfinance,730d,2026-04-02T03:04:46Z,-0.0005681948105162871,-0.0005681948105162871,9.245076617690554,9.30800004005432,9.432452030181885,9.389642963409424,11.718052973747254,9.245076617690554,9.432452030181885,9.389642963409424,11.718052973747254,0.007927506859694308,0.20553222150160083,925388.25,3.0546519258268083,21.507450516909117,0.13990020751953125,0.14913284897884405,0.01695654891246868,24.704248033177826,10.306528358768553,34.20181017478319,9.30800004005432,0.20553222150160083,9.719064483057522,8.896935597051119,0.08832497662963114,-0.13434604650662507,-0.06926598281481879,-0.06508006369180629,9.67199993133545,8.795000076293945,8.795000076293945,-0.06286629069780914,-0.029249484663265046,-0.057846808746261025,-0.07078711732622167,0.01699208405397646,0.9979087237683794,0.03811991119861964,2.3170299681293454,-0.04868283520067129,-0.06758072575913732,-0.195049548648223,-2.4959588331816853,1750.157717150294
2025-10-30 13:30:00,8.710000038146973,8.850000381469727,8.640000343322754,8.8056001663208,961906,1h,1H,yfinance,730d,2026-04-02T03:04:46Z,0.0012052404701423658,0.0012052404701423658,9.203221717560101,9.272280025482178,9.422864036560059,9.35284896850586,11.695380973815919,9.203221717560101,9.422864036560059,9.35284896850586,11.695380973815919,0.0077138592535765235,0.22658474669596426,943279.25,1.0197468035049007,22.4531154678442,0.21000003814697266,0.1534805053479961,0.01742987444910573,27.05513111276625,9.299247641819779,34.582319611633935,9.272280025482178,0.22658474669596426,9.725449518874107,8.81911053209025,0.09774715434532258,-0.15192170440084496,-0.08579712713202402,-0.06612457726882094,9.59000015258789,8.720000267028809,8.720000267028809,-0.057720715387363675,-0.011717136125611871,-0.052651953303509136,-0.07504204381211654,0.01699208405397646,1.0257643732068769,0.03811991119861964,2.5642020474817397,-0.043204604152980775,-0.0655070335138358,-0.19430892780181008,-2.0596261044331357,1750.157717150294
2025-10-30 14:30:00,8.8100004196167,8.927599906921387,8.80370044708252,8.864999771118164,455259,1h,1H,yfinance,730d,2026-04-02T03:04:46Z,0.0067456622689447965,0.0067456622689447965,9.17101010361325,9.240030002593993,9.412064037322999,9.3157989692688,11.673080973625183,9.17101010361325,9.412064037322999,9.3157989692688,11.673080973625183,0.008036364709927352,0.23615439649413134,910902.75,0.4997888084101184,27.709067236426108,0.12389945983886719,0.15136757352591546,0.017074740827299886,28.3215062288539,12.417381406024555,32.56040575553934,9.240030002593993,0.23615439649413134,9.712338795582257,8.76772120960573,0.1022310085260914,-0.15922207525264298,-0.10048211675614781,-0.05873995849649517,9.59000015258789,8.640000343322754,8.640000343322754,-0.049329763812962835,-0.015000025431315067,-0.03220524904018296,-0.06782339035122287,0.01699208405397646,1.0048644282279244,0.03890201711091036,2.6279102246710995,-0.03336713503069011,-0.05812372971916502,-0.19369495863267405,-1.5880721978646255,1750.157717150294
2025-10-30 15:30:00,8.864999771118164,8.955900192260742,8.845000267028809,8.914999961853027,2714566,1h,1H,yfinance,730d,2026-04-02T03:04:46Z,0.0056401795855383074,0.0056401795855383074,9.146628185350371,9.208780002593993,9.39946403503418,9.303698968887328,11.65095597267151,9.146628185350371,9.39946403503418,9.303698968887328,11.65095597267151,0.008156223780477884,0.2357444888641455,1016384.9,2.670805125105656,31.893606878100613,0.1108999252319336,0.14847702721920247,0.016654742328046042,29.17699031315081,13.116355272142282,30.823269988555506,9.208780002593993,0.2357444888641455,9.680268980322284,8.737291024865703,0.1023998787234526,-0.15913862323742123,-0.1122134180524025,-0.046925205185018734,9.56980037689209,8.640000343322754,8.640000343322754,-0.0485592240408983,0.007914041007455186,-0.010543869546671303,-0.06551362709634656,0.0169113846251993,0.9848242883216765,0.040236653448280035,2.5449402459644617,-0.02532389190896922,-0.05154166996920595,-0.19324525325805286,-1.2461798880493244,1750.157717150294
2025-10-30 16:30:00,8.914999961853027,8.920000076293945,8.729999542236328,8.774999618530273,741895,1h,1H,yfinance,730d,2026-04-02T03:04:46Z,-0.015703908460102167,-0.015703908460102167,9.111234988510361,9.176779985427856,9.3810640335083,9.293148965835572,11.628430972099304,9.111234988510361,9.3810640335083,9.293148965835572,11.628430972099304,0.008329620887662502,0.24866322693809606,1016019.75,0.730197419882832,27.154023473673206,0.1900005340576172,0.15144299199337496,0.017258461376291227,30.48055523092541,11.94094149630779,33.485108350368755,9.176779985427856,0.24866322693809606,9.67410643930405,8.679453531551664,0.10838800857510272,-0.16842781359611614,-0.12345629716114523,-0.04497151643497091,9.56980037689209,8.640000343322754,8.640000343322754,-0.06449898598393622,-0.011824380017731007,-0.0028409740525814353,-0.0679766697733254,0.0169113846251993,1.0205232604416528,0.0415864553156909,2.6063295790013408,-0.03690338032155838,-0.06460508240997187,-0.19326484750893969,-1.6157610911950604,1750.157717150294
2025-10-30 17:30:00,8.77560043334961,8.77560043334961,8.699999809265137,8.754400253295898,867766,1h,1H,yfinance,730d,2026-04-02T03:04:46Z,-0.002347506111667008,-0.002347506111667008,9.077250728013746,9.144250011444091,9.363352031707764,9.280491971969605,11.603677973747253,9.077250728013746,9.363352031707764,9.280491971969605,11.603677973747253,0.008315674668494411,0.2590197298879721,1029302.9,0.8430618431173176,26.529322598034668,0.07560062408447266,0.14602567999988195,0.016680260871657714,31.812886645975503,11.499364258817891,33.714264819038924,9.144250011444091,0.2590197298879721,9.662289471220035,8.626210551668148,0.11330387054763671,-0.1754295182138339,-0.13385094137168296,-0.04157857684215094,9.5,8.640000343322754,8.640000343322754,-0.06719232394318964,-0.007999949857802613,-0.004616239072865902,-0.06917591686839508,0.016773240604793817,0.9944566625301058,0.04183908936132143,2.7080864396724094,-0.03556698877133402,-0.06503565991641991,-0.19307033055451173,-1.505096767403803,1750.157717150294
2025-10-30 18:30:00,8.755000114440918,8.760000228881836,8.645000457763672,8.645000457763672,868567,1h,1H,yfinance,730d,2026-04-02T03:04:46Z,-0.012496549434216186,-0.012496549434216186,9.036084035608978,9.108500051498414,9.34265203475952,9.270041980743407,11.578027977943421,9.036084035608978,9.34265203475952,9.270041980743407,11.578027977943421,0.00854008018324908,0.27558713904446425,1002734.35,0.8661985101038975,23.444524714781807,0.11499977111816406,0.1438095436511878,0.016634995492919743,33.26885196103236,10.842531108828899,34.520292396177425,9.108500051498414,0.27558713904446425,9.659674329587343,8.557325773409485,0.12102415874680862,-0.18764303665235005,-0.14460936042781639,-0.04303367622453366,9.5,8.640000343322754,8.640000343322754,-0.07688193603324833,-0.025915441378741244,-0.018238360307498702,-0.07638880610465704,0.016667501599851878,0.9980497312847162,0.04245591356538371,2.8505842551339016,-0.043280205928158955,-0.07467382648954735,-0.19307052526063817,-1.6818622064216109,1750.157717150294
2025-10-30 19:30:00,8.645000457763672,8.65999984741211,8.5600004196167,8.569999694824219,1306447,1h,1H,yfinance,730d,2026-04-02T03:04:46Z,-0.008675622784044879,-0.008675622784044879,8.991695050772334,9.064000034332276,9.32215202331543,9.260641975402832,11.551077976226807,8.991695050772334,9.32215202331543,9.260641975402832,11.551077976226807,0.007902315987472923,0.28686153341837256,1016243.5,1.2855649261225286,21.59096547493337,0.09999942779541016,0.1406802496614894,0.016415432283673485,34.93187529713926,10.29201881012021,37.08334601797782,9.064000034332276,0.28686153341837256,9.637723101169021,8.49027696749553,0.12659379184987174,-0.20105661724006474,-0.15589881179026607,-0.045157805449798666,9.5,8.640000343322754,8.645000457763672,-0.08194968829101457,-0.045657000925637625,-0.033276941219450906,-0.09408037417905624,0.01664486891048289,0.9862157744802119,0.047231517417800475,2.680282124540878,-0.04689831600904815,-0.08068440920186881,-0.19296259253887071,-1.7220863795201962,1750.157717150294
2025-10-31 13:30:00,8.600000381469727,8.744999885559082,8.569999694824219,8.680000305175781,1000739,1h,1H,yfinance,730d,2026-04-02T03:04:46Z,0.012835544255386244,0.012835544255386244,8.962009836905995,9.028750038146972,9.303452033996582,9.252141981124877,11.524327979087829,8.962009836905995,9.303452033996582,9.252141981124877,11.524327979087829,0.0087538942317095,0.2885614500910432,1011865.45,0.9890040222244963,30.295400202343416,0.17500019073486328,0.14313167402387325,0.016489823616541294,35.47709028459029,13.635043738322286,33.84477332883353,9.028750038146972,0.2885614500910432,9.605872938329059,8.451627137964886,0.1278411513761506,-0.2004996118349851,-0.1648189717992099,-0.0356806400357752,9.479900360107422,8.5600004196167,8.5600004196167,-0.066164579458871,-0.04778614075432508,-0.026360028904408472,-0.07511986217501143,0.01656240955473052,0.995617428856027,0.062324525088648615,2.0512174171293407,-0.03146721961505605,-0.06701294600569652,-0.19271196976702443,-1.2085804699870963,1750.157717150294
2025-10-31 14:30:00,8.680000305175781,8.78499984741211,8.609999656677246,8.619999885559082,710841,1h,1H,yfinance,730d,2026-04-02T03:04:46Z,-0.0069124904962182265,-0.0069124904962182265,8.929437460587241,8.992500019073486,9.28545202255249,9.243941984176637,11.497527980804444,8.929437460587241,9.28545202255249,9.243941984176637,11.497527980804444,0.00877902784892964,0.2920732281371524,1009171.05,0.7043810858426824,28.440760518225773,0.17500019073486328,0.14540799664608683,0.01686867732906656,35.54227374900112,14.427818437121868,30.935303853516004,8.992500019073486,0.2920732281371524,9.57664647534779,8.408353562799181,0.1299185888318719,-0.202564673987494,-0.17236811223686674,-0.030196561750627265,9.449999809265137,8.5600004196167,8.5600004196167,-0.05895196188301122,-0.060541663734775986,-0.01766378800107027,-0.07758163303940024,0.01656240955473052,1.018491740185749,0.08074465765117107,1.6090053832804583,-0.0346536471523492,-0.07166610040923804,-0.19239578820291603,-1.2753655509278108,1750.157717150294
2025-10-31 15:30:00,8.625,8.6850004196167,8.569999694824219,8.614999771118164,884007,1h,1H,yfinance,730d,2026-04-02T03:04:46Z,-0.00058005968762187,-0.00058005968762187,8.899491013971138,8.957000017166138,9.270952014923095,9.235441980361939,11.470227980613709,8.899491013971138,9.270952014923095,9.235441980361939,11.470227980613709,0.008802027529822393,0.2926500244241855,1024646.5,0.8627433949171739,28.285359130860243,0.11500072479248047,0.14323604865654352,0.016626355480210596,35.805300956537266,13.60040822210288,31.15592559973857,8.957000017166138,0.2926500244241855,9.542300066014509,8.371699968317767,0.13069109025938153,-0.20227304037021732,-0.17834909786353687,-0.02392394250668045,9.449999809265137,8.5600004196167,8.5600004196167,-0.04384022727296788,-0.06814495643477436,-0.01592347598286381,-0.07613941583586203,0.016558089548375947,1.0041228145091983,0.09303606548747687,1.4047357825656677,-0.031967136368400983,-0.07075349357315952,-0.19173777272846693,-1.1686322142664742,1750.157717150294
2025-10-31 16:30:00,8.614999771118164,8.645000457763672,8.545000076293945,8.574999809265137,623547,1h,1H,yfinance,730d,2026-04-02T03:04:46Z,-0.004643060117903608,-0.004643060117903608,8.868587089713424,8.91725001335144,9.255058002471923,9.227641983032226,11.44200798034668,8.868587089713424,9.255058002471923,9.227641983032226,11.44200798034668,0.00857088116472904,0.28780503360677673,1030315.1,0.6052002926095134,27.013724158693833,0.10000038146972656,0.14014778671462802,0.016343765578070428,36.175969440522955,12.907238919368572,30.84215346043327,8.91725001335144,0.28780503360677673,9.492860080564993,8.341639946137887,0.129100354111798,-0.20293032676808842,-0.1832653436444472,-0.019664983123641233,9.449999809265137,8.5600004196167,8.5600004196167,-0.02556822461283803,-0.0764674259359156,-0.008097240577433551,-0.08484525997905168,0.016558089548375947,0.9870562379989942,0.09998908143570699,1.2911445155620271,-0.033104177416131586,-0.07347962519793505,-0.19113340784512323,-1.1891737951807826,1750.157717150294
2025-10-31 17:30:00,8.569999694824219,8.649999618530273,8.550000190734863,8.625,471795,1h,1H,yfinance,730d,2026-04-02T03:04:46Z,0.0058309261629183595,0.0058309261629183595,8.845388319264526,8.879500007629394,9.242058010101319,9.220638980865479,11.411282978057862,8.845388319264526,9.242058010101319,9.220638980865479,11.411282978057862,0.008782699531771469,0.2738070399928795,1033209.8,0.45663039587893955,31.178771608118723,0.09999942779541016,0.13728004679182676,0.015916527164269768,36.45739121994596,12.495775299576142,29.23740578791073,8.879500007629394,0.2738070399928795,9.427114087615154,8.331885927643635,0.12334344940936803,-0.19714407922326238,-0.18604109076021025,-0.011102988463052132,9.449999809265137,8.545000076293945,8.545000076293945,-0.019329172804917194,-0.08293458321287761,0.006417772127693011,-0.08049041633576981,0.016558089548375947,0.9612538401708847,0.102315443624772,1.2055213273737382,-0.024915618321079025,-0.06676629917566967,-0.19009474851580044,-0.9294867204145394,1750.157717150294
2025-10-31 18:30:00,8.625,8.664999961853027,8.569999694824219,8.600000381469727,699515,1h,1H,yfinance,730d,2026-04-02T03:04:46Z,-0.002898506496263553,-0.002898506496263553,8.822018039474544,8.840250015258789,9.227858009338378,9.213088989257812,11.38093297958374,8.822018039474544,9.227858009338378,9.213088989257812,11.38093297958374,0.00872288732358613,0.2540850479965817,1025553.25,0.6820854987295881,30.249290958881957,0.0950002670288086,0.13426006252303976,0.015611634484613236,36.521119933609185,12.662260475649983,27.759697256697546,8.840250015258789,0.2540850479965817,9.348420111251952,8.332079919265626,0.11496735841543669,-0.1923583097848791,-0.18730453456514404,-0.005053775219735074,9.449999809265137,8.545000076293945,8.545000076293945,-0.023348753176125503,-0.09900468174654364,-0.009216580748084957,-0.08364409464757538,0.016558089548375947,0.9428403221882841,0.10539394364927766,1.0908345815203266,-0.025166311949418985,-0.06803936809964728,-0.18918264206526514,-0.9455480977074049,1750.157717150294
2025-10-31 19:30:00,8.604999542236328,8.649999618530273,8.539999961853027,8.5649995803833,1385345,1h,1H,yfinance,730d,2026-04-02T03:04:46Z,-0.00406986041091828,-0.00406986041091828,8.797540090989663,8.800250005722045,9.208759994506837,9.205238981246948,11.350507979393006,8.797540090989663,9.208759994506837,9.205238981246948,11.350507979393006,0.008708787750347476,0.23017218692474217,1064518.3,1.3013820429390457,28.948129631913147,0.1099996566772461,0.13252717639119735,0.015473109501923233,36.76282087273623,11.91155498532424,27.730816996576564,8.800250005722045,0.23017218692474217,9.260594379571529,8.339905631872561,0.10462074908102874,-0.1892087445305357,-0.18768537655822237,-0.0015233679723133386,9.449999809265137,8.545000076293945,8.545000076293945,-0.033840969935752585,-0.11655494069217787,-0.006380545928767578,-0.08542447520416163,0.016558089548375947,0.9344743218544116,0.10650437882806574,0.9823140628792566,-0.02643244682050705,-0.06990739410165414,-0.18869181791462908,-1.0220627803986702,1750.157717150294
2025-11-03 14:30:00,8.569999694824219,8.635000228881836,8.335000038146973,8.354999542236328,1140518,1h,1H,yfinance,730d,2026-04-02T03:04:46Z,-0.024518394446619962,-0.024518394446619962,8.755393372060775,8.751249980926513,9.184959983825683,9.1972389793396,11.319182977676391,8.755393372060775,9.184959983825683,9.1972389793396,11.319182977676391,0.009738455687371557,0.2149249918146888,1097822.25,1.03889131414489,22.652284602365114,0.3000001907348633,0.14448953455860206,0.01729378126571716,37.978229458486425,10.145006495219507,33.75238112854422,8.751249980926513,0.2149249918146888,9.18109996455589,8.321399997297135,0.09823739113069394,-0.20133705121158485,-0.19041571148889488,-0.010921339722689966,9.385000228881836,8.539999961853027,8.539999961853027,-0.062815526866284,-0.13329883353961647,-0.030179946116015932,-0.10498130604241307,0.016630675486565168,1.0398724501411667,0.10650437882806574,0.9223788938225955,-0.04573110685147952,-0.09036081191979928,-0.18854920872467618,-1.843668506600839,1750.157717150294
2025-11-03 15:30:00,8.354999542236328,8.510000228881836,8.319999694824219,8.470000267028809,710697,1h,1H,yfinance,730d,2026-04-02T03:04:46Z,0.013764300549763853,0.013764300549763853,8.728213076343446,8.709999990463256,9.16435998916626,9.191588983535766,11.289307980537414,8.728213076343446,9.16435998916626,9.191588983535766,11.289307980537414,0.010605338324499235,0.18347493605693688,1114397.6,0.6377409642662546,31.445278626686857,0.1900005340576172,0.14774032023710315,0.017442776337589064,39.165811824253055,9.213083389957017,31.37710532609974,8.709999990463256,0.18347493605693688,9.07694986257713,8.343050118349382,0.08425944259831339,-0.19937099946871584,-0.1922067690848591,-0.007164230383856746,9.34000015258789,8.335000038146973,8.335000038146973,-0.034757762365868805,-0.12499999999999989,-0.01224484484802879,-0.08875737520102045,0.01664486891048289,1.047937140953009,0.10650437882806574,0.7911359469485922,-0.02958369680667916,-0.0757673992464607,-0.18822659413974097,-1.3080790684127537,1750.157717150294
2025-11-03 16:30:00,8.464799880981445,8.545000076293945,8.444999694824219,8.53499984741211,636728,1h,1H,yfinance,730d,2026-04-02T03:04:46Z,0.007674094254320751,0.007674094254320751,8.709811816445223,8.678749990463256,9.144769992828369,9.188688983917237,11.259082980155945,8.709811816445223,9.144769992828369,9.188688983917237,11.259082980155945,0.010667954387241616,0.1552183900244851,1115789.35,0.5706525160864817,35.88201679393343,0.10000038146972656,0.14433032461086198,0.016910407403770988,39.794080658904356,10.489259557694536,29.824257465033426,8.678749990463256,0.1552183900244851,8.989186770512227,8.368313210414286,0.071539514420878,-0.19037345964564878,-0.19184010719701705,0.001466647551368272,9.299699783325195,8.319999694824219,8.319999694824219,-0.025061728906122127,-0.11047424597362099,-0.010434800300045288,-0.06823144218463884,0.016667501599851878,1.0145736181553011,0.10650437882806574,0.6717049121179054,-0.02007069414554352,-0.06667965907228524,-0.18778731723125563,-0.9261154108638205,1750.157717150294
2025-11-03 17:30:00,8.529999732971191,8.5600004196167,8.430000305175781,8.4399995803833,493366,1h,1H,yfinance,730d,2026-04-02T03:04:46Z,-0.011130670032479695,-0.011130670032479695,8.684115413010755,8.65024995803833,9.12556999206543,9.184738979339599,11.228332977294922,8.684115413010755,9.12556999206543,9.184738979339599,11.228332977294922,0.010408804024464683,0.1436810657206434,1091844.05,0.45186489773883,32.56480037505685,0.13000011444091797,0.1433067381701517,0.01697947219135329,40.17195878681637,10.55726024285653,27.891760912993973,8.65024995803833,0.1436810657206434,8.937612089479616,8.362887826597044,0.06644019140146398,-0.18873297584758753,-0.19121868092713115,0.0024857050795436264,9.1899995803833,8.319999694824219,8.319999694824219,-0.023713229210562847,-0.12220491094179387,-0.018604743487125486,-0.06326311143382446,0.016774469100362135,1.012221137358483,0.10650437882806574,0.6238259133807168,-0.02811061587939212,-0.07512631126364966,-0.18727294510071435,-1.4633130440709248,1750.157717150294
2025-11-03 18:30:00,8.4399995803833,8.489999771118164,8.430000305175781,8.454999923706055,585200,1h,1H,yfinance,730d,2026-04-02T03:04:46Z,0.0017772919512482055,0.0017772919512482055,8.662294890219831,8.63299994468689,9.10556999206543,9.179438982009888,11.196257977485656,8.662294890219831,9.10556999206543,9.179438982009888,11.196257977485656,0.009370854412183018,0.14536697655141326,1004272.15,0.5827105730254493,33.608488101773375,0.05999946594238281,0.13735621872531106,0.016245561202217505,40.52284561987752,10.227861263085705,27.021505053291296,8.63299994468689,0.14536697655141326,8.923733897789717,8.342265991584064,0.0673540959030716,-0.18410028479090812,-0.18979500169988656,0.005694716908978437,9.03499984741211,8.319999694824219,8.319999694824219,-0.01341887692103616,-0.11186979861845459,-0.012842926102317853,-0.03920457494899199,0.016667501599851878,0.9746848443297511,0.10650437882806574,0.6324068234959992,-0.023930721493656715,-0.07144748422408265,-0.1867309586492515,-1.2244873299533803,1750.157717150294
2025-11-03 19:30:00,8.449999809265137,8.470000267028809,8.380000114440918,8.404999732971191,652770,1h,1H,yfinance,730d,2026-04-02T03:04:46Z,-0.005913683168071171,-0.005913683168071171,8.637790589529486,8.613499927520753,9.082069988250732,9.172338981628418,11.164357976913452,8.637790589529486,9.082069988250732,9.172338981628418,11.164357976913452,0.009403703179176166,0.14845305620735516,895573.7,0.7288847361194283,31.8395756265423,0.09000015258789062,0.1339736425726382,0.015939755720286993,41.122921672637545,9.73708825054738,28.39068667856257,8.613499927520753,0.14845305620735516,8.910406039935463,8.316593815106042,0.0689397143816241,-0.1823612937961112,-0.1883082601191315,0.005946966323020275,8.955900192260742,8.319999694824219,8.319999694824219,-0.03168209245806253,-0.10010710967254455,0.005984463611530044,-0.04434341557016708,0.01664486891048289,0.957637804539763,0.10650437882806574,0.6472946477901743,-0.026950277868564854,-0.07455021334953937,-0.18651211229240783,-1.4044856998991917,1750.157717150294
2025-11-03 20:30:00,8.40999984741211,8.40999984741211,8.3100004196167,8.350000381469727,1510972,1h,1H,yfinance,730d,2026-04-02T03:04:46Z,-0.006543647025438082,-0.006543647025438082,8.6103819982857,8.590719938278198,9.057770004272461,9.164088983535766,11.132257976531982,8.6103819982857,9.057770004272461,9.164088983535766,11.132257976531982,0.00941418830562935,0.15213762663626632,923027.0,1.6369748663906907,29.970925016021596,0.09999942779541016,0.13154691294569335,0.015754120591134523,42.02803738219103,9.208377763682012,30.650020286340414,8.590719938278198,0.15213762663626632,8.89499519155073,8.286444685005666,0.0708381265967604,-0.1833080577370989,-0.18730821964272498,0.004000161905626076,8.955900192260742,8.319999694824219,8.319999694824219,-0.03132244868607026,-0.10882952531658774,-0.014167636573307552,-0.05173977653375961,0.016630675486565168,0.9472928868019368,0.10650437882806574,0.665119381721546,-0.03024042567075591,-0.07813950039235784,-0.18634925426923887,-1.5822486660974988,1750.157717150294
2025-11-04 14:30:00,8.220000267028809,8.25,7.769999980926514,8.176899909973145,2149939,1h,1H,yfinance,730d,2026-04-02T03:04:46Z,-0.020730594441735084,-0.020730594441735084,8.56909798987498,8.556314945220947,9.02850799560547,9.153907985687256,11.098742475509644,8.56909798987498,9.02850799560547,9.153907985687256,11.098742475509644,0.009939096164954378,0.16359411159155393,1007761.0,2.1333818236665243,24.998195261232823,0.5800004005432129,0.16357930491694475,0.020005051635453124,44.327390860526435,6.876235567751624,46.46717124155414,8.556314945220947,0.16359411159155393,8.883503168404054,8.22912672203784,0.0764787704234415,-0.1957694282633895,-0.18900046136685789,-0.006768966896531614,8.955900192260742,8.3100004196167,8.3100004196167,-0.05085314832088006,-0.11839350444427654,-0.04195664251213127,-0.07761983969664876,0.016630675486565168,1.2029007271300491,0.10650437882806574,0.7180809959645343,-0.045768887269727276,-0.09432434307493953,-0.18652874273570452,-2.3192462831124985,1750.157717150294
2025-11-04 15:30:00,8.175000190734863,8.194999694824219,8.0600004196167,8.085000038146973,834521,1h,1H,yfinance,730d,2026-04-02T03:04:46Z,-0.011238962545461084,-0.011238962545461084,8.52299342304374,8.514814949035644,8.999437999725341,9.144857988357543,11.065417475700379,8.52299342304374,8.999437999725341,9.144857988357543,11.065417475700379,0.009801889623854523,0.17238017196806257,913758.75,0.9132837305251523,22.832262374600063,0.13499927520751953,0.16153787422341437,0.019979947243196027,46.46250480469502,6.465767115134051,43.693370418544674,8.514814949035644,0.17238017196806257,8.859575292971769,8.17005460509952,0.08097893988293219,-0.21063266357053934,-0.19332690180759418,-0.017305761762945154,8.955900192260742,7.769999980926514,7.769999980926514,-0.057142831722133414,-0.13157898241213628,-0.0420615592282062,-0.09310150614218682,0.016630675486565168,1.201391203823111,0.10650437882806574,0.7603343709807435,-0.051389619017252586,-0.10161056297140736,-0.18670596753461155,-2.493412705077848,1750.157717150294
2025-11-04 16:30:00,8.085000038146973,8.135000228881836,8.010000228881836,8.0649995803833,909218,1h,1H,yfinance,730d,2026-04-02T03:04:46Z,-0.002473773366642562,-0.002473773366642562,8.479374961837983,8.479314947128296,8.967737998962402,9.13190598487854,11.032342472076415,8.479374961837983,8.967737998962402,9.13190598487854,11.032342472076415,0.009486819422750347,0.18758081920630218,922124.9,0.9860030891693738,22.3778353743583,0.125,0.15892802606459905,0.019705893903722405,48.52856226321119,6.102520525105196,43.48588555877007,8.479314947128296,0.18758081920630218,8.854476585540901,8.104153308715691,0.08848866700951154,-0.22147275437557212,-0.19895607232118978,-0.022516682054382342,8.920000076293945,7.769999980926514,7.769999980926514,-0.06492758488309558,-0.15282730830920488,-0.046126593358005175,-0.08091168877633415,0.016630675486565168,1.184912417997784,0.10142907010586133,0.8724191882776415,-0.048868623373728326,-0.10066511964149172,-0.18714107890864184,-2.2087299143806898,1750.157717150294
2025-11-04 17:30:00,8.0649995803833,8.104999542236328,8.015000343322754,8.056500434875488,708205,1h,1H,yfinance,730d,2026-04-02T03:04:46Z,-0.0010538308679500785,-0.0010538308679500785,8.439101197365364,8.444419956207275,8.935967998504639,9.119320993423463,11.000024971961976,8.439101197365364,8.935967998504639,9.119320993423463,11.000024971961976,0.009503383948209328,0.19779765581988512,914146.85,0.7747168849293743,22.17585205326968,0.08999919891357422,0.15400453841095443,0.019115562601385815,50.44704418897621,5.847786863969492,41.67068169496614,8.444419956207275,0.19779765581988512,8.840015267847045,8.048824644567505,0.09369389814607176,-0.22811979149266648,-0.20478881615548514,-0.023330975337181342,8.78499984741211,7.769999980926514,7.769999980926514,-0.06319766540537697,-0.15594548240133677,-0.041463332441119216,-0.07971988922458295,0.016630675486565168,1.1494158861333097,0.09596564463838285,0.9763275024007657,-0.04533667194432045,-0.09841883540499718,-0.18764111706277242,-1.9611937245860331,1750.157717150294
2025-11-04 18:30:00,8.055000305175781,8.114999771118164,8.029999732971191,8.050000190734863,746270,1h,1H,yfinance,730d,2026-04-02T03:04:46Z,-0.0008068322211572942,-0.0008068322211572942,8.40204395863865,8.414669942855834,8.90506799697876,9.105520992279052,10.968724970817567,8.40204395863865,8.90506799697876,9.105520992279052,10.968724970817567,0.009326826095699027,0.2097750462828345,908032.0,0.8218542958838455,22.01220803683991,0.08500003814697266,0.14907564553495575,0.018518713292272237,52.09817518158515,6.088777067234587,39.973552160028156,8.414669942855834,0.2097750462828345,8.834220035421502,7.995119850290165,0.0997187282245983,-0.23124646635639223,-0.21008034619566657,-0.021166120160725665,8.78499984741211,7.769999980926514,7.769999980926514,-0.06012836134025712,-0.15263155887001434,-0.035928164913695326,-0.06882593817499072,0.016747516404638577,1.1057587790833923,0.09596564463838285,1.0391086164257823,-0.04189977696341729,-0.09602035678267673,-0.18814009644048812,-1.73838480116122,1750.157717150294
2025-11-04 19:30:00,8.050000190734863,8.059800148010254,7.949999809265137,8.0,1239481,1h,1H,yfinance,730d,2026-04-02T03:04:46Z,-0.006211203670828613,-0.006211203670828613,8.363754057815921,8.386169958114625,8.872968006134034,9.092070989608764,10.936424970626831,8.363754057815921,8.872968006134034,9.092070989608764,10.936424970626831,0.009273967459765846,0.22491000955002166,904683.7,1.3700711088306334,20.744141734784037,0.10980033874511719,0.14627026647853872,0.01828378330981734,53.7866804667813,5.762302266940381,41.73686473471847,8.386169958114625,0.22491000955002166,8.835989977214668,7.9363499390145815,0.10727662838857407,-0.23504947223296035,-0.21507417140312535,-0.019975300829835008,8.78499984741211,7.769999980926514,7.769999980926514,-0.04248947476797915,-0.15917806692329184,-0.02163410484667727,-0.066511051939531,0.016889542366418774,1.08255054596214,0.09596564463838285,1.1178649275249826,-0.043491720978571013,-0.09838511820740659,-0.18867746727425572,-1.7169976511371658,1750.157717150294
2025-11-04 20:30:00,8.0,8.03499984741211,7.949999809265137,7.965000152587891,1343167,1h,1H,yfinance,730d,2026-04-02T03:04:46Z,-0.004374980926513672,-0.004374980926513672,8.325777495413252,8.350419950485229,8.842868003845215,9.07857099533081,10.903374972343444,8.325777495413252,8.842868003845215,9.07857099533081,10.903374972343444,0.008493958226472406,0.23207506536023198,921805.1,1.4571051950135663,19.880783525738394,0.08500003814697266,0.14189382159771258,0.017814666525977425,55.3545782316063,5.515741691378992,39.95100468878511,8.350419950485229,0.23207506536023198,8.814570081205693,7.886269819764765,0.11116809297560966,-0.2381424193972439,-0.21968782100194906,-0.01845459839529484,8.78499984741211,7.769999980926514,7.949999809265137,-0.059622207617481826,-0.15265952384865622,-0.01484228633183593,-0.08237328657252974,0.01694493979756214,1.0513266343112302,0.09596564463838285,1.158415528750029,-0.04333257080484276,-0.09927411003710496,-0.18897882295387736,-1.6607548824733978,1750.157717150294
2025-11-05 14:30:00,8.0,8.10990047454834,7.940000057220459,8.055000305175781,1046212,1h,1H,yfinance,730d,2026-04-02T03:04:46Z,0.011299453969081164,0.011299453969081164,8.299989191581112,8.322169971466064,8.81396800994873,9.066721000671386,10.87129997253418,8.299989191581112,8.81396800994873,9.066721000671386,10.87129997253418,0.009113609805851623,0.23192832064969815,938573.65,1.1146829020823246,28.160588302148156,0.16990041732788086,0.14389429272129603,0.017863971107342606,55.781353163813044,8.768593774895766,36.58162039934526,8.322169971466064,0.23192832064969815,8.78602661276546,7.858313330166667,0.11147492610456294,-0.23067229552296453,-0.22188471590615216,-0.008787579616812369,8.78499984741211,7.769999980926514,7.949999809265137,-0.05623896318895294,-0.14806976518530957,-0.001239835800096123,-0.06554519581024976,0.017136626728535227,1.0424438479246463,0.09596564463838285,1.1616128513972066,-0.029516771739152237,-0.08610965049070607,-0.1892443376397671,-1.1519492985671744,1750.157717150294
2025-11-05 15:30:00,8.050000190734863,8.069999694824219,7.949999809265137,7.9899001121521,1535034,1h,1H,yfinance,730d,2026-04-02T03:04:46Z,-0.008081960342304573,-0.008081960342304573,8.27045689830216,8.29091498851776,8.784466009140015,9.055320000648498,10.838149473667144,8.27045689830216,8.784466009140015,9.055320000648498,10.838149473667144,0.009146532575707923,0.23247918262180334,971125.0,1.5806760200798045,26.062502560349643,0.11999988555908203,0.14218754935256647,0.017795910756920327,56.17764417229074,8.240001054379412,34.3763890082929,8.29091498851776,0.23247918262180334,8.755873353761368,7.825956623274154,0.11216092937571702,-0.22738406805044242,-0.22298458633501023,-0.004399481715432196,8.6850004196167,7.769999980926514,7.940000057220459,-0.05332932353188102,-0.1659811925070268,-0.008266656628613256,-0.0725594516045972,0.017368278801653113,1.0246214354427863,0.09596564463838285,1.1687612770003384,-0.03392276746012124,-0.09045124611572175,-0.18948654191537506,-1.2948035732530583,1750.157717150294
2025-11-05 16:30:00,7.985000133514404,8.0,7.929999828338623,7.945000171661377,1129968,1h,1H,yfinance,730d,2026-04-02T03:04:46Z,-0.005619587211413646,-0.005619587211413646,8.239461019574465,8.259415006637573,8.752966003417969,9.041319999694824,10.804049472808838,8.239461019574465,8.752966003417969,9.041319999694824,10.804049472808838,0.009153948201420329,0.23452497788324192,996446.05,1.1339981728062447,24.695863296469184,0.07000017166137695,0.1370313080889101,0.017247489632244466,56.61402171194754,7.939339060551257,34.164573472592856,8.259415006637573,0.23452497788324192,8.728464962404058,7.790365050871089,0.11357946183586567,-0.22579831165897524,-0.22354733139980323,-0.002250980259172003,8.664999961853027,7.769999980926514,7.940000057220459,-0.06031930888783865,-0.16936743123798492,-0.01304348032119751,-0.07346934712733821,0.017368278801653113,0.9930454151048549,0.09596564463838285,1.1835429466852967,-0.035737877418624664,-0.09230766250446842,-0.1898439538390626,-1.3406454093462365,1750.157717150294
2025-11-05 17:30:00,7.945000171661377,7.945000171661377,7.84499979019165,7.875,838833,1h,1H,yfinance,730d,2026-04-02T03:04:46Z,-0.008810594103075942,-0.008810594103075942,8.20475044628166,8.221915006637573,8.720265998840333,9.026420001983643,10.769674472808838,8.20475044628166,8.720265998840333,9.026420001983643,10.769674472808838,0.00894014253305213,0.23302755362607372,1014797.95,0.8266009997359574,22.69758719202082,0.10000038146972656,0.13438624190182555,0.017064919606581023,57.293433948428394,7.5173480870297755,36.866557886401914,8.221915006637573,0.23302755362607372,8.68797011388972,7.755859899385426,0.11336899174362663,-0.22756676907273388,-0.22435121893438936,-0.003215550138344514,8.664999961853027,7.769999980926514,7.929999828338623,-0.06305767398089313,-0.1830913154007613,-0.015625,-0.08695652173913049,0.017368278801653113,0.9825337214737009,0.09596564463838285,1.181349765020836,-0.04019018597099444,-0.09693121734506038,-0.19029437511252822,-1.4887295568242043,1750.157717150294
2025-11-05 18:30:00,7.875,7.885000228881836,7.760000228881836,7.795000076293945,690641,1h,1H,yfinance,730d,2026-04-02T03:04:46Z,-0.010158720470610172,-0.010158720470610172,8.165726601520925,8.181664991378785,8.68536600112915,9.012870006561279,10.733449473381043,8.165726601520925,8.68536600112915,9.012870006561279,10.733449473381043,0.009014908215765071,0.23376733598823465,1014354.25,0.6808676554566612,20.641903988133635,0.125,0.13371579605169515,0.01715404679191087,58.163350647523465,7.015394082115265,38.945400001059504,8.181664991378785,0.23376733598823465,8.649199663355255,7.714130319402315,0.11428839300292107,-0.2327407194324529,-0.22602911903400208,-0.006711600398450812,8.664999961853027,7.84499979019165,7.84499979019165,-0.06646709937971196,-0.18278553090520722,-0.021343386445348722,-0.09360468249632892,0.017368278801653113,0.9876653287185917,0.09596564463838285,1.1909302900385017,-0.045400310752251816,-0.10251334540414903,-0.1908131656399129,-1.6540587822085637,1750.157717150294
2025-11-05 19:30:00,7.795000076293945,7.885000228881836,7.735000133514404,7.755099773406982,1200822,1h,1H,yfinance,730d,2026-04-02T03:04:46Z,-0.0051187046178879925,-0.0051187046178879925,8.126619284557693,8.141170001029968,8.65216799736023,8.99912100315094,10.698024971485138,8.126619284557693,8.65216799736023,8.99912100315094,10.698024971485138,0.009013203323206515,0.23400416029312043,1005128.1,1.194695482098252,19.684338212033722,0.15000009536743164,0.13487896028853347,0.017392292069670977,59.03729312040219,6.45811677050285,37.17566291319212,8.141170001029968,0.23400416029312043,8.60917832161621,7.673161680443727,0.11497323370646527,-0.2373249984980612,-0.2282882949268139,-0.009036703571247306,8.649999618530273,7.760000228881836,7.760000228881836,-0.05158435852341836,-0.19636268601344142,-0.037231597815843176,-0.09455923486922968,0.01741753420363002,0.9985507630607218,0.09596564463838285,1.1980666012269985,-0.045716367180713924,-0.10368132290391763,-0.1912368852734968,-1.6498434350029618,1750.157717150294
2025-11-05 20:30:00,7.75,7.820000171661377,7.715000152587891,7.760000228881836,1804750,1h,1H,yfinance,730d,2026-04-02T03:04:46Z,0.00063190102229993,0.00063190102229993,8.091703184017135,8.111420035362244,8.619268007278443,8.987221007347108,10.661999971866608,8.091703184017135,8.619268007278443,8.987221007347108,10.661999971866608,0.007872521555640517,0.2425927713321318,1038339.7,1.7381113329289057,20.174125473513968,0.10500001907348633,0.1327447502017444,0.017106281737941653,59.90267496211767,6.093236920236494,36.15143773161488,8.111420035362244,0.2425927713321318,8.596605578026507,7.62623449269798,0.11963023503876424,-0.237821192218159,-0.23019487438508293,-0.007626317833076074,8.635000228881836,7.735000133514404,7.735000133514404,-0.04019787355988991,-0.19543806525841256,-0.028773811942980565,-0.07121476313034392,0.01741753420363002,0.9821299351533067,0.09670631318533504,1.2370467976531803,-0.04099297114487388,-0.099691502534903,-0.19158994278542862,-1.4485996616909977,1750.157717150294
2025-11-06 14:30:00,7.820000171661377,7.90500020980835,7.664999961853027,7.695000171661377,1117773,1h,1H,yfinance,730d,2026-04-02T03:04:46Z,-0.008376295786504784,-0.008376295786504784,8.053921944745158,8.072670030593873,8.585968017578125,8.97462100982666,10.62624997138977,8.053921944745158,8.585968017578125,8.97462100982666,10.62624997138977,0.006833133895116773,0.24411262943605497,1058693.5,1.0558041586162568,18.557570981947848,0.24000024795532227,0.1404058571841428,0.018246374795574397,59.429670832912755,9.673483084631652,31.737522349077054,8.072670030593873,0.24411262943605497,8.560895289465982,7.5844447717217625,0.12095756596561724,-0.24068492471481573,-0.2322928844510295,-0.008392040263786232,8.5600004196167,7.715000152587891,7.715000152587891,-0.04587717643803513,-0.19801980640859185,-0.031466330345934046,-0.09149941805601547,0.017594101413295652,1.0370734126714667,0.10349767830658618,1.168698350965038,-0.04456484375515479,-0.10377022650127066,-0.19200394864650483,-1.5471131493892085,1750.157717150294
2025-11-06 15:30:00,7.695000171661377,7.6992998123168945,7.570000171661377,7.59499979019165,768212,1h,1H,yfinance,730d,2026-04-02T03:04:46Z,-0.012995500875750632,-0.012995500875750632,8.010215072882918,8.025670027732849,8.548668012619018,8.959271006584167,10.590364968776703,8.010215072882918,8.548668012619018,8.959271006584167,10.590364968776703,0.006424806765130332,0.24104558808155885,1065267.7,0.7211445536178371,16.38261064321361,0.12929964065551758,0.13961255600352673,0.018382167196874116,59.36304259031792,9.03356014230459,34.498391908687125,8.025670027732849,0.24104558808155885,8.507761203895967,7.543578851569731,0.12013730305313901,-0.24816298003924242,-0.2354669035686721,-0.012696076470570333,8.5600004196167,7.664999961853027,7.664999961853027,-0.057283016169907275,-0.20926599144602254,-0.03555558219788568,-0.11013474798192002,0.017805288641448876,1.0323992813057985,0.10922236068209187,1.0999332215755409,-0.051835722126475914,-0.11155752229699656,-0.19278815812081707,-1.7866754623838175,1750.157717150294
2025-11-06 16:30:00,7.59630012512207,7.59630012512207,7.460000038146973,7.474999904632568,694696,1h,1H,yfinance,730d,2026-04-02T03:04:46Z,-0.01579985370296555,-0.01579985370296555,7.959242199716218,7.977420043945313,8.510468006134033,8.943971004486084,10.553739967346191,7.959242199716218,8.510468006134033,8.943971004486084,10.553739967346191,0.006693601695584576,0.249706517559863,1075334.2,0.6460279976215767,14.227702141387766,0.13630008697509766,0.13937595107292466,0.01864561242155302,59.663466963712125,8.402545853452613,37.72598271373322,7.977420043945313,0.249706517559863,8.476833079065038,7.478007008825586,0.1252066538727065,-0.2607664275882877,-0.24052680837259524,-0.020239619215692478,8.5600004196167,7.570000171661377,7.570000171661377,-0.07142860527681616,-0.21066529103933884,-0.04105197800248361,-0.11433646015737209,0.017839318816660017,1.045197555645455,0.1113215095400863,1.124730111817431,-0.060840251236595755,-0.12166993645415713,-0.19360643407305322,-2.0120425538844713,1750.157717150294
2025-11-06 17:30:00,7.474999904632568,7.579999923706055,7.474999904632568,7.559999942779541,758738,1h,1H,yfinance,730d,2026-04-02T03:04:46Z,0.011371242706544438,0.011371242706544438,7.921219127627011,7.932670044898987,8.474767999649048,8.930521006584167,10.517439968585968,7.921219127627011,8.474767999649048,8.930521006584167,10.517439968585968,0.007527726728455711,0.24012211989418084,1084011.1,0.699935637190431,22.049189245058585,0.10500001907348633,0.13692052735867907,0.01811118100463084,59.94243245329246,7.942285390217842,35.6594925591243,7.932670044898987,0.24012211989418084,8.412914284687348,7.452425805110625,0.12108009965627578,-0.26088859652708773,-0.24459916600349374,-0.016289430523593995,8.489999771118164,7.460000038146973,7.460000038146973,-0.05500000715255737,-0.20421053233899567,-0.02515761709429687,-0.10585452264962425,0.017987576055986724,1.0068716845593533,0.11181792774013999,1.082832619986132,-0.045601463490340444,-0.10794018867624322,-0.19421760191054838,-1.5520023823031266,1750.157717150294
2025-11-06 18:30:00,7.565000057220459,7.869999885559082,7.565000057220459,7.795000076293945,739617,1h,1H,yfinance,730d,2026-04-02T03:04:46Z,0.03108467398056658,0.03108467398056658,7.909198265595291,7.9021700620651245,8.444168004989624,8.91787100315094,10.484014971256256,7.909198265595291,8.444168004989624,8.91787100315094,10.484014971256256,0.010970139506592048,0.21568789444629344,1088353.45,0.6795742688186452,38.6940023920522,0.309999942779541,0.1492833427458835,0.01915116629695516,57.02332414681966,20.640041253408985,30.370202479915974,7.9021700620651245,0.21568789444629344,8.333545850957712,7.470794273172538,0.10917906992749613,-0.2392647741158589,-0.2435322876259668,0.004267513510107901,8.470000267028809,7.460000038146973,7.460000038146973,-0.021343386445348722,-0.17643951921515177,0.004510289481931107,-0.07257580916800455,0.018178777900102618,1.0534903062348902,0.11181792774013999,0.9764004049621055,-0.014438655533279943,-0.07687766613739666,-0.19456734579826773,-0.4968752931002563,1750.157717150294
2025-11-06 19:30:00,7.800000190734863,7.820000171661377,7.735000133514404,7.744999885559082,660709,1h,1H,yfinance,730d,2026-04-02T03:04:46Z,-0.006414392590825435,-0.006414392590825435,7.893560324639461,7.871920037269592,8.411668004989624,8.90622100353241,10.450564968585969,7.893560324639461,8.411668004989624,8.90622100353241,10.450564968585969,0.010968500534975972,0.19186903679538905,1045840.3,0.6317494171911333,36.889136204602465,0.08500003814697266,0.1446916781316756,0.018681947097437673,54.31272357652349,19.77396108875004,29.09583342020361,7.871920037269592,0.19186903679538905,8.25565811086037,7.488181963678814,0.09749541961147237,-0.22358498802191207,-0.23954282770515586,0.015957839683243796,8.40999984741211,7.460000038146973,7.460000038146973,-0.03848546342295067,-0.18644963097213463,0.006497688470734619,-0.07245514590074253,0.01826507905269587,1.0228232269643682,0.11181792774013999,0.8719122378841387,-0.01882046034622087,-0.0792551630705216,-0.19509920944228354,-0.6614936616680831,1750.157717150294
2025-11-06 20:30:00,7.744999885559082,7.749599933624268,7.659999847412109,7.739999771118164,1658731,1h,1H,yfinance,730d,2026-04-02T03:04:46Z,-0.0006455925777663074,-0.0006455925777663074,7.878935510018385,7.850075030326844,8.37886799812317,8.893621001243591,10.416939966678619,7.878935510018385,8.37886799812317,8.893621001243591,10.416939966678619,0.010259225048398839,0.18043290898785827,1021279.9,1.624168849303702,36.704754998706825,0.0896000862121582,0.14075656442313866,0.018185603176420272,52.23177907703218,18.874866447907323,31.5788637333737,7.850075030326844,0.18043290898785827,8.21094084830256,7.489209212351127,0.09193945703234675,-0.20915114778379973,-0.23346449172088465,0.024313343937084925,8.25,7.460000038146973,7.460000038146973,-0.03127702944043742,-0.1861199174725766,0.019091505586842805,-0.053431024430433016,0.018215988985997335,0.9983319154617177,0.11181792774013999,0.8222246547620705,-0.017633821056608268,-0.07624755839907127,-0.1956497757570621,-0.6100619882822305,1750.157717150294
2025-11-07 14:30:00,7.75,7.920000076293945,7.650000095367432,7.784999847412109,1328417,1h,1H,yfinance,730d,2026-04-02T03:04:46Z,0.005813963517397491,0.005813963517397491,7.869989256436835,7.8350750207901,8.346867990493774,8.883020997047424,10.383464968204498,7.869989256436835,8.346867990493774,8.883020997047424,10.383464968204498,0.010221828193190154,0.1725783455892514,1045974.7,1.2700278505780302,39.62932605929762,0.26999998092651367,0.1499882370305226,0.01926631213491696,48.90628921020458,24.562836633582492,27.51840597705894,7.8350750207901,0.1725783455892514,8.180231711968602,7.489918329611597,0.08810552298801003,-0.19186934495517693,-0.22514546236774313,0.0332761174125662,8.194999694824219,7.460000038146973,7.460000038146973,-0.02013849223313613,-0.1839622768824446,0.04147156478054548,-0.03710577480759314,0.018215988985997335,1.0576594084310773,0.11181792774013999,0.7879373618223675,-0.010799177261292092,-0.06731484716441838,-0.19613847438663734,-0.29015907648792255,1750.157717150294
2025-11-07 15:30:00,7.787899971008301,7.820000171661377,7.659999847412109,7.659999847412109,633725,1h,1H,yfinance,730d,2026-04-02T03:04:46Z,-0.016056519261404056,-0.016056519261404056,7.849990265101146,7.81482503414154,8.312767992019653,8.870820994377135,10.349889967441559,7.849990265101146,8.312767992019653,8.870820994377135,10.349889967441559,0.010682413893344124,0.16811461586821153,1032200.05,0.6139555990139702,34.81691392596176,0.16000032424926758,0.15070338611757583,0.019674071686631975,45.81833433386466,22.700113379124403,25.431547056660296,7.81482503414154,0.16811461586821153,8.151054265877963,7.478595802405117,0.08604907474383605,-0.18611443567400432,-0.2173392570289954,0.031224821354991078,8.135000228881836,7.460000038146973,7.474999904632568,-0.027301606677827328,-0.18640468630395035,0.013227500712890583,-0.05021695648395097,0.018215988985997335,1.0800441140887531,0.11181792774013999,0.7695463194758032,-0.02420263099352893,-0.07852596695038383,-0.19682547175189657,-0.9209501858589226,1750.157717150294
2025-11-07 16:30:00,7.659999847412109,7.709400177001953,7.644999980926514,7.684999942779541,599423,1h,1H,yfinance,730d,2026-04-02T03:04:46Z,0.00326372008687148,0.00326372008687148,7.834276901070518,7.7962500095367435,8.279767990112305,8.85942099571228,10.31713996887207,7.834276901070518,8.279767990112305,8.85942099571228,10.31713996887207,0.01075317612303134,0.1607478468932295,1026760.95,0.5837999585005643,36.47835222472755,0.06440019607543945,0.14453887254313752,0.01880792109555438,43.05644350578047,21.97767215877577,25.363443791444528,7.7962500095367435,0.1607478468932295,8.117745703323202,7.4747543157502845,0.08247444435291064,-0.17749033178424156,-0.20936947198004463,0.03187914019580307,8.114999771118164,7.460000038146973,7.565000057220459,-0.014111626996507032,-0.18288142892357895,-0.014111626996507032,-0.046111893755726996,0.018215988985997335,1.0324951947441374,0.11181792774013999,0.7375780075676028,-0.019054337774374375,-0.07183390259763744,-0.19747449243751047,-0.6920781143096494,1750.157717150294
2025-11-07 17:30:00,7.684999942779541,7.726500034332275,7.644499778747559,7.724999904632568,544063,1h,1H,yfinance,730d,2026-04-02T03:04:46Z,0.005204939772395001,0.005204939772395001,7.823869568076427,7.779999995231629,8.248367986679078,8.847920994758606,10.284714968204499,7.823869568076427,8.248367986679078,8.847920994758606,10.284714968204499,0.010874067574184439,0.15036681304540378,1016650.6,0.5351523915886146,39.15078550043463,0.0820002555847168,0.1400718284746789,0.018132275754551126,40.34747674637724,21.93066107364263,24.3028609584105,7.779999995231629,0.15036681304540378,8.080733621322436,7.479266369140821,0.07730941549489134,-0.1655199932409177,-0.20059957623221925,0.03507958299130154,8.114999771118164,7.460000038146973,7.644999980926514,-0.0038813000030805123,-0.17467946709573856,-0.0025823087439684755,-0.040372705391529484,0.018158939465485698,0.9985316482283974,0.11181792774013999,0.6913865876190719,-0.012636926342340149,-0.06345110728470615,-0.1979974153703674,-0.3657728024231846,1750.157717150294
2025-11-07 18:30:00,7.724999904632568,7.985000133514404,7.699999809265137,7.824999809265137,1578997,1h,1H,yfinance,730d,2026-04-02T03:04:46Z,0.012944971633281233,0.012944971633281233,7.823977210094399,7.771249985694885,8.221667985916138,8.836370997428894,10.253039968013763,7.823977210094399,8.221667985916138,8.836370997428894,10.253039968013763,0.011296383111049092,0.1421789888020961,1033626.4,1.527628357789623,45.341842406599085,0.2850003242492676,0.1504238638871495,0.019223497450957274,38.86310622416538,31.237583096110335,21.013905586215365,7.771249985694885,0.1421789888020961,8.055607963299076,7.486892008090693,0.07318204359083302,-0.14627805477342637,-0.1897352719404607,0.04345721716703432,8.10990047454834,7.460000038146973,7.644499778747559,0.008376234338419275,-0.17283300447027272,0.010981917398001917,-0.02187502384185791,0.018158939465485698,1.0586244580799975,0.11181792774013999,0.6544750476945425,0.00013070068371590082,-0.048246679059590014,-0.19812387237686202,0.37804336648552256,1750.157717150294
2025-11-07 19:30:00,7.824999809265137,7.945000171661377,7.820000171661377,7.925399780273437,1171785,1h,1H,yfinance,730d,2026-04-02T03:04:46Z,0.012830667534256213,0.012830667534256213,7.833636502492403,7.769269967079163,8.19997597694397,8.824468998908996,10.222191965579986,7.833636502492403,8.19997597694397,8.824468998908996,10.222191965579986,0.011659121171555646,0.13972149434838238,1025057.3,1.143140973680203,50.7588190679137,0.125,0.14860787360949598,0.01875083626435925,37.48476216782579,29.360784881081344,19.75136038949982,7.769269967079163,0.13972149434838238,8.048712955775928,7.489826978382398,0.0719354559388083,-0.12152636108144232,-0.17609348976865702,0.054567128687214694,8.10990047454834,7.460000038146973,7.644499778747559,0.02994146893726657,-0.15552481758248204,0.018034673810301882,-0.004971798060994126,0.018215988985997335,1.0293614186291533,0.11181792774013999,0.6433266775072346,0.011714007632577461,-0.03348500013202038,-0.19782606269234548,1.117435895761168,1750.157717150294
2025-11-07 20:30:00,7.925000190734863,8.029999732971191,7.920000076293945,7.989999771118164,2677535,1h,1H,yfinance,730d,2026-04-02T03:04:46Z,0.008151007221808504,0.008151007221808504,7.848528242361523,7.766019940376282,8.183775968551636,8.812613997459412,10.191616966724396,7.848528242361523,8.183775968551636,8.812613997459412,10.191616966724396,0.011523506796783446,0.13366197785267875,1106623.45,2.4195538238413437,53.92305736686345,0.1099996566772461,0.145850143828621,0.0182540861084668,36.677250667468435,31.941848927829792,18.687331436454077,7.766019940376282,0.13366197785267875,8.03334389608164,7.498695984670924,0.06884451952421983,-0.09559581705502129,-0.15999395522592988,0.06439813817090859,8.10990047454834,7.474999904632568,7.644499778747559,0.052007898859539825,-0.14499737369632626,0.04308093084591169,-0.00806958803165414,0.0182502304520206,1.0002112661786018,0.11066999965160657,0.6220702967465893,0.018025230258211344,-0.0236780916508601,-0.19700907174282123,1.6757183631440142,1750.157717150294
2025-11-10 14:30:00,8.960000038146973,9.029999732971191,7.769999980926514,7.804999828338623,7514758,1h,1H,yfinance,730d,2026-04-02T03:04:46Z,-0.02315393592979431,-0.02315393592979431,7.844382679121247,7.756774926185608,8.163975963592529,8.798213996887206,10.160116968154908,7.844382679121247,8.163975963592529,8.798213996887206,10.160116968154908,0.012460001738486146,0.12389474990355107,1405609.65,5.346262385150814,45.00405651697636,1.2599997520446777,0.22543225870119646,0.02888305748357487,38.61772738326667,50.87477063862536,11.226733259433512,7.756774926185608,0.12389474990355107,8.00456442599271,7.508985426378506,0.0638898259044761,-0.08894828293063739,-0.14578482076687138,0.05683653783623399,8.069999694824219,7.565000057220459,7.644499778747559,0.04414714754732496,-0.1630026822538132,0.015614819317185225,-0.02314175161367238,0.018318126652670456,1.5767473405564776,0.10333724476948425,0.6182652348337327,-0.005020516259035324,-0.043970748671329996,-0.19646830945144922,0.3892408854334558,1750.157717150294
2025-11-10 15:30:00,7.804999828338623,8.119999885559082,7.789999961853027,8.024999618530273,2649147,1h,1H,yfinance,730d,2026-04-02T03:04:46Z,0.02818703331585848,0.02818703331585848,7.861584292398297,7.760774898529053,8.14836395263672,8.785613994598389,10.129591965675354,7.861584292398297,8.14836395263672,8.785613994598389,10.129591965675354,0.013936810721639242,0.13099502434201094,1481568.6,1.7880690775978918,54.61725325970579,0.3299999237060547,0.2329013776301149,0.029021979900451293,40.41959861936503,45.72584985012242,10.090500908096146,7.760774898529053,0.13099502434201094,8.022764947213075,7.4987848498450305,0.06751646636051219,-0.06517660446541207,-0.12966317750657952,0.06448657304116745,9.029999732971191,7.644499778747559,7.644499778747559,0.06150789408336532,-0.14354325330373852,0.038834914899843476,0.010069156090674714,0.01851388980921357,1.567578731402425,0.09471743832190957,0.7128198097065154,0.02078656413949398,-0.01513976729850497,-0.19558813620056248,2.0170592076181806,1750.157717150294
2025-11-10 16:30:00,8.029999732971191,8.5,8.005000114440918,8.45930004119873,2328553,1h,1H,yfinance,730d,2026-04-02T03:04:46Z,0.054118435303800894,0.054118435303800894,7.9185096018078625,7.789989900588989,8.14024995803833,8.776156997680664,10.101088466644287,7.9185096018078625,8.14024995803833,8.776156997680664,10.101088466644287,0.01797587795603812,0.20012666017746,1556054.6,1.4964468470450842,66.91284156960559,0.49499988555908203,0.25162269962504114,0.0297450969228637,42.56686989331565,50.087743676555775,8.672619293456316,7.789989900588989,0.20012666017746,8.190243220943909,7.38973658023407,0.10276093434335701,-0.011164268765937457,-0.10596339575845111,0.09479912699251365,9.029999732971191,7.644499778747559,7.699999809265137,0.08522129036599324,-0.09815565693061445,0.08106073449133566,0.0741968306284102,0.018663779759495347,1.593733815238076,0.09471743832190957,1.0849209624326048,0.06829447289770307,0.03919413836246455,-0.19412150631894942,3.3444326708707277,1750.157717150294
2025-11-10 17:30:00,8.457599639892578,8.520000457763672,8.390000343322754,8.484999656677246,1090673,1h,1H,yfinance,730d,2026-04-02T03:04:46Z,0.003038030966315386,0.003038030966315386,7.972461035604947,7.824489879608154,8.131649951934815,8.765556993484497,10.072563467025757,7.972461035604947,8.131649951934815,8.765556993484497,10.072563467025757,0.017693423632796065,0.25102012772151433,1576056.2,0.6920267183365669,67.47441265745707,0.13000011444091797,0.24293537211188948,0.028631158743855953,44.5824783747262,48.76129841239997,8.34112563297877,7.824489879608154,0.25102012772151433,8.326530135051183,7.322449624165126,0.12832536386849297,0.033330428173714566,-0.07810463097201797,0.11143505914573254,9.029999732971191,7.644499778747559,7.769999980926514,0.09554548509392857,-0.09589776774164438,0.0706084099122255,0.08851822625142991,0.01871639168089846,1.5297371006119884,0.09471743832190957,1.3548229992492247,0.06428863293069798,0.043453629562393514,-0.19269310354259384,2.6313020516102674,1750.157717150294
2025-11-10 18:30:00,8.484999656677246,8.48799991607666,8.279999732971191,8.354999542236328,1095010,1h,1H,yfinance,730d,2026-04-02T03:04:46Z,-0.01532116908674408,-0.01532116908674408,8.008893274331745,7.854484868049622,8.123249950408935,8.752156991958618,10.042238464355469,8.008893274331745,8.123249950408935,8.752156991958618,10.042238464355469,0.018102956198771027,0.27557699641821415,1570765.6,0.6971186534770051,61.76381966339393,0.20800018310546875,0.24044000146857372,0.028777979011620235,45.75279666715511,45.74826310323715,11.09355134049148,7.854484868049622,0.27557699641821415,8.40563886088605,7.303330875213193,0.14034121959503823,0.05744073228016333,-0.050995558321581716,0.10843629060174505,9.029999732971191,7.644499778747559,7.769999980926514,0.07945733711944514,-0.10784839867233054,0.04568207529085866,0.0773555191238755,0.018779378679956812,1.5324244482238865,0.09471743832190957,1.481683015096653,0.04321524286181244,0.028529171605230053,-0.19109170935921393,1.8162425771820518,1750.157717150294
2025-11-10 19:30:00,8.350000381469727,8.475000381469727,8.345000267028809,8.444999694824219,1179814,1h,1H,yfinance,730d,2026-04-02T03:04:46Z,0.010772011671924098,0.010772011671924098,8.050427219140552,7.888734841346741,8.117061939239502,8.740206985473632,10.01173846244812,8.050427219140552,8.117061939239502,8.740206985473632,10.01173846244812,0.01814644295104466,0.3029168878820224,1539518.8,0.7663524472711862,64.03330225152308,0.13000011444091797,0.23255143810945547,0.027537175430803376,46.8395207958391,43.92154606523383,10.650588528987354,7.888734841346741,0.3029168878820224,8.494568617110787,7.2829010655826965,0.15359466072778255,0.08285547579188446,-0.024225351498888482,0.10708082729077294,9.029999732971191,7.644499778747559,7.769999980926514,0.08477840209997001,-0.09534015422451159,0.08199870346721405,0.0882731244508077,0.01897954369625477,1.4508871167559882,0.09471743832190957,1.6216091086181097,0.04901261323691464,0.04040104141615575,-0.1892455071928959,1.8363613114040942,1750.157717150294
2025-11-10 20:30:00,8.4399995803833,8.529999732971191,8.354999542236328,8.5,2290836,1h,1H,yfinance,730d,2026-04-02T03:04:46Z,0.006512765797906495,0.006512765797906495,8.0932436744605,7.928984832763672,8.11416193008423,8.728406982421875,9.98071346282959,8.0932436744605,8.11416193008423,8.728406982421875,9.98071346282959,0.01791087338694583,0.32702320674889734,1598171.95,1.4334102159658102,65.38543031811079,0.17500019073486328,0.22844063472555604,0.026875368791241888,47.93856883056736,43.237922446074,10.067800349139063,7.928984832763672,0.32702320674889734,8.583031246261466,7.274938419265878,0.1649760788531675,0.10621057866219097,0.0018618345333274093,0.10434874412886357,9.029999732971191,7.644499778747559,7.789999961853027,0.10966059651707183,-0.08552986226665227,0.059190081501426794,0.10461336067323579,0.019187331873956215,1.4006829593499122,0.09471743832190957,1.741770911207235,0.05025875185533879,0.04755119176081868,-0.18701584207349664,1.7460998346664072,1750.157717150294
2025-11-11 14:30:00,8.40999984741211,8.40999984741211,7.989999771118164,8.074999809265137,2360012,1h,1H,yfinance,730d,2026-04-02T03:04:46Z,-0.05000002243939572,-0.05000002243939572,8.091506163489512,7.9529848337173465,8.104261932373047,8.713206977844239,9.94866346359253,8.091506163489512,8.104261932373047,8.713206977844239,9.94866346359253,0.02128313975627551,0.3191502717241525,1677761.95,1.4066429388269295,49.80446800876187,0.5100002288818359,0.24855203430814746,0.030780438412266273,46.78796855357199,36.90083308159504,19.08154863635829,7.9529848337173465,0.3191502717241525,8.59128537716565,7.314684290269041,0.1605184862775485,0.08939521009839879,0.019368509646341688,0.07002670045205711,9.029999732971191,7.699999809265137,8.005000114440918,0.05074819380474049,-0.11844978779704973,-0.04542931803600336,0.06319947759489986,0.01924490479293712,1.5994071544361548,0.09471743832190957,1.6947089059989724,-0.0020399606563801242,-0.003610707964783466,-0.1853918908775165,0.3823119901751172,1750.157717150294
2025-11-11 15:30:00,8.074999809265137,8.180000305175781,8.020000457763672,8.095000267028809,2034780,1h,1H,yfinance,730d,2026-04-02T03:04:46Z,0.00247683693326195,0.00247683693326195,8.09183893525516,7.983984851837159,8.092561931610108,8.698006982803344,9.916763463020324,8.09183893525516,8.092561931610108,8.698006982803344,9.916763463020324,0.020831216028541582,0.30080032307412036,1744766.15,1.166219324005111,50.403431585585494,0.15999984741210938,0.2422268781012876,0.029923022867322846,45.71955401064772,35.15980662010015,18.181257821006177,7.983984851837159,0.30080032307412036,8.585585497985399,7.3823842056889175,0.15070185059527236,0.07679750531761975,0.030854308780597303,0.045943196537022446,9.029999732971191,7.769999980926514,7.989999771118164,0.0478964876328809,-0.10155382226517229,-0.04596339486490475,0.08294319335201594,0.019470191910774468,1.5368632730714875,0.09471743832190957,1.591067635117965,0.0003906815000822572,0.00030130574709308355,-0.18395130006001204,0.3690668083634161,1750.157717150294
2025-11-11 16:30:00,8.09000015258789,8.095199584960938,7.960000038146973,7.965000152587891,1446102,1h,1H,yfinance,730d,2026-04-02T03:04:46Z,-0.016059309469131477,-0.016059309469131477,8.07975905119161,8.004234862327575,8.079461936950684,8.682456979751587,9.883263463973998,8.07975905119161,8.079461936950684,8.682456979751587,9.883263463973998,0.021213995923502437,0.28478172733074514,1779134.35,0.8128121409156087,46.517953741097045,0.13519954681396484,0.2345820687236217,0.029451608817283467,44.40268861826437,33.71237229969705,19.259754620208632,8.004234862327575,0.28478172733074514,8.573798316989066,7.434671407666085,0.14231552783194212,0.05568194394915693,0.03581983581430923,0.0198621081348477,9.029999732971191,7.769999980926514,7.989999771118164,0.017891418113133772,-0.09488636591464028,-0.04667856505280532,0.053571456729329725,0.02327472023893693,1.2653904543184604,0.09471743832190957,1.502527204634317,-0.01420325753238827,-0.014167005829845314,-0.18251071962195942,-0.1377711628742149,1750.157717150294
2025-11-11 17:30:00,7.96999979019165,8.010000228881836,7.855000019073486,7.8744001388549805,1576964,1h,1H,yfinance,730d,2026-04-02T03:04:46Z,-0.011374766101350686,-0.011374766101350686,8.060201059540503,8.008204865455628,8.06464994430542,8.667800979614258,9.84903546333313,8.060201059540503,8.06464994430542,8.667800979614258,9.84903546333313,0.020389470236311547,0.2823805309919214,1821001.7,0.8659871102811162,43.973776802788784,0.1550002098083496,0.2288976502296737,0.02906858251972928,42.6250055888911,32.08175430628787,21.60476274714682,8.008204865455628,0.2823805309919214,8.572965927439471,7.443443803471785,0.14104560796640175,0.03127650937181947,0.03491117052581128,-0.0036346611539918097,9.029999732971191,7.769999980926514,7.960000038146973,-0.006434961368812719,-0.10467310170017519,-0.06756655732254768,0.010186024603451305,0.027206272111022632,1.0684515100454404,0.09471743832190957,1.4891197488580705,-0.023051648378621836,-0.02359058443507256,-0.1811736312322948,-0.4738454387440602,1750.157717150294
2025-11-11 18:30:00,7.875,7.889999866485596,7.610000133514404,7.670000076293945,3291470,1h,1H,yfinance,730d,2026-04-02T03:04:46Z,-0.025957540759511954,-0.025957540759511954,8.02303906113607,8.004454874992371,8.046549949645996,8.65080397605896,9.815510463714599,8.02303906113607,8.046549949645996,8.65080397605896,9.815510463714599,0.021161388494269386,0.28632146750336895,1952539.75,1.6857377679506909,38.81587013212775,0.2799997329711914,0.232547798996925,0.030319139072197947,39.83917043436054,29.322603383413124,27.272003397820573,8.004454874992371,0.28632146750336895,8.57709780999911,7.431811939985633,0.14308105772344282,-0.0045064031579915564,0.027027655789050715,-0.03153405894704227,9.029999732971191,7.789999961853027,7.855000019073486,-0.0400500255307813,-0.12896339472353502,-0.09764704984777117,-0.009683642398107373,0.028084167087329664,1.0795812095092043,0.09735019568785189,1.4697562414997547,-0.044003149199691616,-0.046796437691736026,-0.18022093915624582,-1.1681094037927504,1750.157717150294
2025-11-11 19:30:00,7.675000190734863,7.715000152587891,7.550000190734863,7.644999980926514,3839381,1h,1H,yfinance,730d,2026-04-02T03:04:46Z,-0.003259464813396895,-0.003259464813396895,7.987035339211349,7.999704885482788,8.026949949264527,8.634503979682922,9.782060463428497,7.987035339211349,8.026949949264527,8.634503979682922,9.782060463428497,0.021171418838831554,0.29141205585575986,2061572.25,1.8623557820978625,38.225294027616854,0.16499996185302734,0.2277229534866466,0.029787175154322023,37.00155069367355,27.805023620805937,27.742535913220767,7.999704885482788,0.29141205585575986,8.582528997194308,7.416880773771268,0.14571140312167796,-0.03448440316754908,0.014725243997730756,-0.04920964716527984,9.029999732971191,7.610000133514404,7.610000133514404,-0.02049966059335162,-0.137619833242,-0.0532507539932382,-0.012273875064717998,0.028704568877738094,1.037715468962279,0.11554314910592499,1.2610994615361921,-0.04282381932200252,-0.04758344959818883,-0.1794213520480351,-1.2171936521797246,1750.157717150294
2025-11-11 20:30:00,7.644999980926514,7.645199775695801,7.489999771118164,7.519999980926514,5279224,1h,1H,yfinance,730d,2026-04-02T03:04:46Z,-0.016350555959694146,-0.016350555959694146,7.94255578127946,7.986454892158508,8.005349941253662,8.616603975296021,9.74978546142578,7.94255578127946,8.005349941253662,8.616603975296021,9.74978546142578,0.021396395629396738,0.30650669010497555,2259112.6,2.3368574014416104,35.33079760216812,0.15520000457763672,0.22254274285028874,0.029593449922172742,34.602277797887005,26.419947869912214,28.286380158677755,7.986454892158508,0.30650669010497555,8.599468272368458,7.373441511948557,0.15351326426743792,-0.06754996553210102,-0.0017297979082355982,-0.06582016762386542,9.029999732971191,7.550000190734863,7.550000190734863,-0.062928306742555,-0.15647784485649685,-0.07103153392647676,-0.034039803683963754,0.028830518247597553,1.0264626417056781,0.13433329173176561,1.1427789960955512,-0.05320148979613182,-0.06062820037710204,-0.17892040056407732,-1.521842512058181,1750.157717150294
2025-11-12 14:30:00,7.809999942779541,8.109999656677246,7.690000057220459,8.010000228881836,2848830,1h,1H,yfinance,730d,2026-04-02T03:04:46Z,0.06515960760613604,0.06515960760613604,7.948979062003496,8.003954911231995,7.9942499542236325,8.601504974365234,9.71993546485901,7.948979062003496,7.9942499542236325,8.601504974365234,9.71993546485901,0.025552093743871643,0.2972190686069577,2369867.85,1.202105003449876,50.99569042457501,0.5899996757507324,0.24878966662889188,0.031059882586747682,33.56381433495528,35.2892377518709,23.494910162608466,8.003954911231995,0.2972190686069577,8.59839304844591,7.40951677401808,0.14853610341550944,-0.0535978938665016,-0.012103417099888799,-0.0414944767666128,9.029999732971191,7.489999771118164,7.489999771118164,-0.053113119304044276,-0.08717942141364643,0.005649726984540582,0.04569195671563531,0.028952518692013082,1.0727868935049143,0.14069341378071998,1.0557431184874995,0.007676604303818557,0.00197020042510454,-0.17754084035581696,0.020339602294613464,1750.157717150294
2025-11-12 15:30:00,8.011300086975098,8.015000343322754,7.804999828338623,7.815000057220459,1021816,1h,1H,yfinance,730d,2026-04-02T03:04:46Z,-0.024344590023638313,-0.024344590023638313,7.9362191567860645,8.01045491695404,7.983449964523316,8.584204974174499,9.68963696718216,7.9362191567860645,7.983449964523316,8.584204974174499,9.68963696718216,0.026213922340705915,0.2915398907815217,2390987.5,0.4273614981257744,46.199558446856486,0.21000051498413086,0.24601901293998038,0.031480359710641045,32.59952683366154,33.1376159806421,22.06240089237769,8.01045491695404,0.2915398907815217,8.593534698517084,7.427375135390998,0.14557969244142707,-0.057611550627221675,-0.021205043805355376,-0.0364065068218663,9.029999732971191,7.489999771118164,7.489999771118164,-0.07896283165191798,-0.10730605968373097,-0.007543442114583576,0.016916085284172322,0.029045281210090285,1.0838373188036072,0.14168056789917194,1.027520531573744,-0.01527416231467782,-0.021099888901591535,-0.17608368697790544,-0.6704223535572861,1750.157717150294
2025-11-12 16:30:00,7.820000171661377,7.880000114440918,7.770100116729736,7.804999828338623,788673,1h,1H,yfinance,730d,2026-04-02T03:04:46Z,-0.0012796198091638011,-0.0012796198091638011,7.923722077886308,8.014454913139343,7.970149955749512,8.567254972457885,9.659311966896057,7.923722077886308,7.970149955749512,8.567254972457885,9.659311966896057,0.026202218762648454,0.28812474627554135,2403218.0,0.32817372373209586,45.960829469855,0.10989999771118164,0.23629622613792334,0.03027498159320543,31.537870292557717,32.03675083234035,22.38442808762594,8.014454913139343,0.28812474627554135,8.590704405690426,7.43820542058826,0.14380254148197838,-0.06089735067104041,-0.029143505178492384,-0.03175384549254802,9.029999732971191,7.489999771118164,7.489999771118164,-0.0658288143664566,-0.09716605956575552,0.01760101052175056,0.010355977306624853,0.029260095668506375,1.0346849831318703,0.14269829277769247,1.0077383455876814,-0.014983141556544122,-0.02072108157660857,-0.1748739472268379,-0.7269597197333826,1750.157717150294
2025-11-12 17:30:00,7.809899806976318,8.029999732971191,7.789999961853027,7.965000152587891,1128035,1h,1H,yfinance,730d,2026-04-02T03:04:46Z,0.02049972168715919,0.02049972168715919,7.927653323095982,8.021454930305481,7.9587499618530275,8.551759977340698,9.630286965370178,7.927653323095982,7.9587499618530275,8.551759977340698,9.630286965370178,0.02642728380175296,0.2851218967807974,2380669.9,0.47383091624756546,50.3788688102407,0.23999977111816406,0.2365607650650834,0.029700032709757445,31.035867083722916,34.244322859004726,20.76229651027498,8.021454930305481,0.2851218967807974,8.591698723867076,7.451211136743886,0.1421796416027181,-0.05001414990291053,-0.033317634123376016,-0.016696515779534515,9.029999732971191,7.489999771118164,7.489999771118164,-0.05683831374564885,-0.07059504828240692,0.041857445710888674,0.017891418113133772,0.029522529369728105,1.0060124706052913,0.14269829277769247,0.9963654002799993,0.004710956441940306,0.0007853231681884676,-0.17357084057078243,-0.19800225221212295,1750.157717150294
2025-11-12 18:30:00,7.96999979019165,8.09000015258789,7.949999809265137,8.029999732971191,1415760,1h,1H,yfinance,730d,2026-04-02T03:04:46Z,0.008160650237047706,0.008160650237047706,7.937400600226955,8.02668492794037,7.950549964904785,8.538059978485107,9.601161966323852,7.937400600226955,7.950549964904785,8.538059978485107,9.601161966323852,0.02634427417610805,0.28427005512164777,2392868.65,0.5916580502653165,52.09242925180951,0.1400003433227539,0.22966359208348844,0.02860069735002473,30.754426143813507,34.61935120671442,19.85826347493785,8.02668492794037,0.28427005512164777,8.595225038183665,7.4581448176970735,0.1416624958740425,-0.03573231212063277,-0.03380056972282737,-0.0019317423978054,9.029999732971191,7.489999771118164,7.489999771118164,-0.05529414906221275,-0.07488485591607663,0.06781911613540226,0.013198066419072951,0.029522529369728105,0.9687753034925047,0.14269829277769247,0.9927413504150073,0.011666178565006513,0.009992990222954745,-0.1719179415167249,0.011660760502556409,1750.157717150294
2025-11-12 19:30:00,8.03499984741211,8.074999809265137,7.992199897766113,8.055000305175781,1049759,1h,1H,yfinance,730d,2026-04-02T03:04:46Z,0.003113396393020773,0.003113396393020773,7.948600572126843,8.029934954643249,7.94254997253418,8.524059982299805,9.571761965751648,7.948600572126843,7.94254997253418,8.524059982299805,9.571761965751648,0.026298729789503587,0.28420362340783234,2311479.85,0.45415018435051463,52.76803427056327,0.08279991149902344,0.2191733291845981,0.02720959911618714,30.493088128183345,33.68516584668326,19.32239846397455,8.029934954643249,0.28420362340783234,8.598342201458914,7.461527707827584,0.141572067526397,-0.02214128459830267,-0.03146871269792243,0.009327428099619763,9.029999732971191,7.489999771118164,7.690000057220459,-0.0024767188311767274,-0.06554519581024976,0.005617986892395788,0.008135236034996884,0.029522529369728105,0.9216554169673347,0.14269829277769247,0.9921076473349966,0.013385970534492309,0.014157963504222382,-0.17021024959112951,0.08819504210389204,1750.157717150294
2025-11-12 20:30:00,8.055000305175781,8.15999984741211,8.050000190734863,8.125,1779000,1h,1H,yfinance,730d,2026-04-02T03:04:46Z,0.008690216284565455,0.008690216284565455,7.965400517638572,8.045934963226319,7.936949977874756,8.509509983062744,9.542636966705322,7.965400517638572,7.936949977874756,8.509509983062744,9.542636966705322,0.025761996358542504,0.28006745057866506,2024691.95,0.8786521821257797,54.69453931085166,0.1099996566772461,0.21137520971978724,0.026015410427050738,30.52787463962243,35.30538799058763,18.604157325710847,8.045934963226319,0.28006745057866506,8.606069864383649,7.485800062068989,0.13923426021150007,-0.0056567000908618326,-0.026306310176510313,0.02064961008564848,9.029999732971191,7.489999771118164,7.770100116729736,0.003705958243557017,-0.05687751411914033,0.039667298849617394,0.04099938228051081,0.029522529369728105,0.8812053364819917,0.14269829277769247,0.9757247791913742,0.020036592260239905,0.023692983154669944,-0.16826449485953188,0.28230712498121313,1750.157717150294
2025-11-13 14:30:00,8.09000015258789,8.600000381469727,8.049699783325195,8.339900016784668,2141878,1h,1H,yfinance,730d,2026-04-02T03:04:46Z,0.026449232835036085,0.026449232835036085,8.001067136604867,8.061679983139038,7.936747970581055,8.497258987426758,9.51498646736145,8.001067136604867,7.936747970581055,8.497258987426758,9.51498646736145,0.02567746183027693,0.2872085121029358,1999328.5,1.0712986885346756,60.07810769266745,0.5503005981445312,0.2355841660358404,0.028247840569036772,31.689162867842466,42.75540277428749,15.5000562441357,8.061679983139038,0.2872085121029358,8.63609700734491,7.487262958933167,0.14250553864883292,0.024466057772047023,-0.016151836586798845,0.04061789435884587,8.529999732971191,7.489999771118164,7.770100116729736,0.047068406404859875,-0.027416886030300236,0.06853301732357675,0.039239926881400544,0.029522529369728105,0.956823184601575,0.14279329818613787,0.9979847826126277,0.04234846107335377,0.050795621543983316,-0.16586870640269524,0.9687039969968412,1750.157717150294
2025-11-13 15:30:00,8.329999923706055,8.34000015258789,8.0649995803833,8.104999542236328,1402562,1h,1H,yfinance,730d,2026-04-02T03:04:46Z,-0.02816586218966477,-0.02816586218966477,8.01096546095072,8.043964958190918,7.935309963226318,8.481908979415893,9.485886464118957,8.01096546095072,7.935309963226318,8.481908979415893,9.485886464118957,0.023540663425976396,0.27269699484394594,1953028.95,0.7181470607488947,52.705699209006525,0.27500057220458984,0.23839962361932251,0.029413897234291934,32.767501936903926,39.23257835234077,14.222931643844786,8.043964958190918,0.27269699484394594,8.589358947878809,7.498570968503026,0.13560327339132272,0.02904919422178409,-0.007111630425082258,0.036160824646866346,8.600000381469727,7.489999771118164,7.789999961853027,0.029284694619910345,-0.060289908146512694,0.017576821966908573,-0.04188295689204513,0.0294327530257877,0.9993593602515114,0.14279329818613787,0.949647323185696,0.011738170853934582,0.021384114772627916,-0.16346142311082945,0.22381832289841797,1750.157717150294
2025-11-13 16:30:00,8.104999542236328,8.29990005493164,8.104999542236328,8.274999618530273,1414570,1h,1H,yfinance,730d,2026-04-02T03:04:46Z,0.020974717568835066,0.020974717568835066,8.036111571196392,8.03346495628357,7.9391099548339845,8.469273977279663,9.457511463165282,8.036111571196392,7.9391099548339845,8.469273977279663,9.457511463165282,0.0240464930831326,0.25922320769430435,1969223.8,0.7183388703711584,56.83411733834132,0.1949005126953125,0.2352925442676075,0.028434145633156892,33.76881678674671,36.91131919113322,13.381408813481697,8.03346495628357,0.25922320769430435,8.551911371672178,7.515018540894961,0.12907168157448495,0.04587018534150289,0.003484732728234771,0.04238545261326812,8.600000381469727,7.489999771118164,7.949999809265137,0.07887868790330654,-0.037790784712024794,0.030510572068030317,-0.02474956354084401,0.0294327530257877,0.9660715600828821,0.14279329818613787,0.9039057379726173,0.02972682064172938,0.042308226691301964,-0.1605497930660834,0.9317632645435796,1750.157717150294
2025-11-13 17:30:00,8.279999732971191,8.324999809265137,7.989999771118164,8.0,1303058,1h,1H,yfinance,730d,2026-04-02T03:04:46Z,-0.033232583831721785,-0.033232583831721785,8.032672373939592,8.015714979171753,7.937809963226318,8.45277398109436,9.427761464118957,8.032672373939592,7.937809963226318,8.45277398109436,9.427761464118957,0.02488345466684783,0.2485324533871115,1979626.2,0.6582343676801207,49.33218898088705,0.33500003814697266,0.2424145081161336,0.0303018135145167,33.96934120621762,33.267827532044635,15.449061064923814,8.015714979171753,0.2485324533871115,8.512779885945976,7.51865007239753,0.12402260012133913,0.03658899587628639,0.010105585357845096,0.026483410518441296,8.600000381469727,7.690000057220459,7.992199897766113,0.04643558142042825,-0.06596609551240817,-0.006828094735197077,-0.04248947476797915,0.029522529369728105,1.0263962526729726,0.14279329818613787,0.8685463652479668,-0.004067435147185994,0.007834659315578474,-0.1580387355538463,-0.063231095004221,1750.157717150294
2025-11-13 18:30:00,8.005000114440918,8.024999618530273,7.920000076293945,7.985199928283691,1216207,1h,1H,yfinance,730d,2026-04-02T03:04:46Z,-0.0018500089645385742,-0.0018500089645385742,8.02815118863903,7.992724990844726,7.936383953094483,8.43617597579956,9.396462464332581,8.02815118863903,7.936383953094483,8.43617597579956,9.396462464332581,0.024714544099471526,0.22819318763984583,1981445.85,0.6137977477406208,48.95764679616936,0.10499954223632812,0.23259915341043322,0.029128782685398234,33.73014183601052,32.195133951434606,17.10053039186695,7.992724990844726,0.22819318763984583,8.449111366124418,7.536338615565034,0.11420044498026896,0.027719807572877286,0.013628429800851535,0.014091377772025751,8.600000381469727,7.770100116729736,7.989999771118164,0.06186169528418839,-0.04426087782329846,-0.017206162672776415,-0.054446392321639725,0.029522529369728105,0.9866628404565629,0.14241053324038752,0.8019101001995391,-0.0053500811514513025,0.006150908962787138,-0.15538597815723898,-0.03297671871305599,1750.157717150294
2025-11-13 19:30:00,7.985000133514404,8.00510025024414,7.880000114440918,7.889599800109863,1045913,1h,1H,yfinance,730d,2026-04-02T03:04:46Z,-0.011972164633625604,-0.011972164633625604,8.01495581830292,7.9622049808502195,7.933175945281983,8.419121971130371,9.365233464241028,8.01495581830292,7.933175945281983,8.419121971130371,9.365233464241028,0.024706155201904834,0.19699239421282183,1919199.7,0.5449735116152843,46.50170232759666,0.12510013580322266,0.22492065215277532,0.02850849952486098,33.26420088611152,30.916074745768064,17.691442753043347,7.9622049808502195,0.19699239421282183,8.356189769275863,7.568220192424576,0.09896373915848951,0.012828897024171226,0.013468523245515474,-0.0006396262213442475,8.600000381469727,7.770100116729736,7.920000076293945,-0.015031264086340701,-0.06852425603553658,-0.0539934790307488,-0.071811788222369,0.029522529369728105,0.9656523385185657,0.14224758471733012,0.695714724120955,-0.015640263157383094,-0.0054929003809672805,-0.15291210031517366,-0.36856844666762545,1750.157717150294
2025-11-13 20:30:00,7.889999866485596,7.96999979019165,7.849999904632568,7.869999885559082,2217111,1h,1H,yfinance,730d,2026-04-02T03:04:46Z,-0.0024842723392013433,-0.0024842723392013433,8.001150491374935,7.951954984664917,7.930575942993164,8.401771974563598,9.334333462715149,8.001150491374935,7.930575942993164,8.401771974563598,9.334333462715149,0.02227756917264715,0.19618842032578235,1912054.65,1.1595437400285604,45.99229698585659,0.11999988555908203,0.21742631168179724,0.027627231873377765,32.643713866569435,29.697295511444015,17.979569885242988,7.951954984664917,0.19618842032578235,8.344331825316482,7.5595781440133525,0.09868688678651996,-0.0005474949884014535,0.01066531959873209,-0.011212814587133543,8.600000381469727,7.789999961853027,7.880000114440918,0.007037725903508818,-0.07791446675358304,-0.02899440714988677,-0.02538698805550943,0.0294327530257877,0.9386560560329502,0.14192106873838028,0.6953645971229335,-0.01639146844659778,-0.007638292334568919,-0.15038647647731063,-0.4177366786976728,1750.157717150294
2025-11-14 14:30:00,7.800000190734863,8.039999961853027,7.784999847412109,8.039999961853027,1288632,1h,1H,yfinance,730d,2026-04-02T03:04:46Z,0.021601026526808953,0.021601026526808953,8.004850440944276,7.949204969406128,7.932075939178467,8.387471971511841,9.30450846195221,8.004850440944276,7.932075939178467,8.387471971511841,9.30450846195221,0.02281203096545142,0.19454262244062798,1874747.25,0.6873630565400216,51.00556599918812,0.25500011444091797,0.22011015473602016,0.027376885047309136,32.3335689322068,29.51141566396711,16.491745889690133,7.949204969406128,0.19454262244062798,8.338290214287383,7.5601197245248715,0.09789287013700536,0.0025399247059780805,0.009040240620181288,-0.0065003159142032075,8.600000381469727,7.849999904632568,7.849999904632568,0.030108922316840925,-0.047393322087358136,-0.028398751360786734,-0.006794354955094839,0.029271339959845086,0.9352795288792793,0.14161728170021975,0.6912494644843438,0.004391027810958681,0.013606024892108826,-0.1475018834563765,0.46671002635738146,1750.157717150294
2025-11-14 15:30:00,8.029999732971191,8.1899995803833,8.024999618530273,8.164999961853027,870629,1h,1H,yfinance,730d,2026-04-02T03:04:46Z,0.01554726375535842,0.01554726375535842,8.020102776268919,7.959204959869385,7.934275932312012,8.374121971130371,9.27520646095276,8.020102776268919,7.934275932312012,8.374121971130371,9.27520646095276,0.02274528425150462,0.2001567677708705,1845973.6,0.47163675580192477,54.36026814896024,0.16499996185302734,0.21617371238723496,0.026475653814721493,32.56945957145253,32.85878295429865,15.592621948829658,7.959204959869385,0.2001567677708705,8.359518495411125,7.558891424327643,0.10059133734088693,0.014901408230564073,0.010212474142257845,0.004688934088306227,8.600000381469727,7.784999847412109,7.784999847412109,0.02510983119066923,-0.03429922702186283,0.020624995231628418,0.02510983119066923,0.029098682602563757,0.9098574728049318,0.14130883774639938,0.7118545375160023,0.01806674922082685,0.029079405796992974,-0.14457150191598056,1.0281690910358157,1750.157717150294
2025-11-14 16:30:00,8.166000366210938,8.239999771118164,8.0600004196167,8.074999809265137,741482,1h,1H,yfinance,730d,2026-04-02T03:04:46Z,-0.011022676424785383,-0.011022676424785383,8.025331065125702,7.969234943389893,7.935977926254273,8.360221967697143,9.245606460571288,8.025331065125702,7.935977926254273,8.360221967697143,9.245606460571288,0.022735449632269304,0.20068124124846748,1804199.5,0.4109756155015008,51.61969994986063,0.17999935150146484,0.2135898294668228,0.02645075349992615,32.9513448679615,32.552942900391265,14.65401992764226,7.969234943389893,0.20068124124846748,8.370597425886828,7.567872460892958,0.10072798338812848,0.01723701525015997,0.011617382363838271,0.0056196328863216995,8.600000381469727,7.784999847412109,7.784999847412109,0.005603994743508478,-0.039262336013114796,0.011245789934873462,0.025474914517021885,0.02886474001771148,0.9163690192149971,0.14040316386894852,0.7174196122969664,0.006188996283937875,0.017517927129174993,-0.14164874309782094,0.5270291593637022,1750.157717150294
2025-11-14 17:30:00,8.074999809265137,8.089500427246094,8.0,8.050000190734863,353267,1h,1H,yfinance,730d,2026-04-02T03:04:46Z,-0.003095928064492215,-0.003095928064492215,8.027680505659907,7.988234949111939,7.938077926635742,8.345521965026855,9.216106462478638,8.027680505659907,7.938077926635742,8.345521965026855,9.216106462478638,0.02188430331901443,0.18910588659855695,1657289.35,0.2131595185837645,50.852782596280534,0.08950042724609375,0.20472630073677076,0.02543183799826492,32.87475896558397,31.53642813785305,16.289827937932845,7.988234949111939,0.18910588659855695,8.366446722309053,7.610023175914825,0.0946922006191519,0.016876202003837548,0.012669146291838128,0.004207055711999421,8.600000381469727,7.784999847412109,7.784999847412109,-0.0006207466482285318,-0.035928164913695326,0.020330611778656582,0.04954369109009571,0.028554598437442853,0.890638964998256,0.1374187668014114,0.6890776480041831,0.0027803404805684107,0.01409941614752519,-0.13867336939369246,0.32661723404751986,1750.157717150294
2025-11-14 18:30:00,8.052399635314941,8.085000038146973,8.010000228881836,8.029999732971191,440759,1h,1H,yfinance,730d,2026-04-02T03:04:46Z,-0.002484528855874024,-0.002484528855874024,8.027901384451457,8.007484936714173,7.941177921295166,8.330721960067748,9.189631462097168,8.027901384451457,7.941177921295166,8.330721960067748,9.189631462097168,0.021874477729489333,0.17200923525444312,1487358.25,0.29633681058346234,50.21007242298674,0.07499980926513672,0.1954601227745112,0.02434123652233158,32.80364348480484,30.672084461554117,15.84335981844249,8.007484936714173,0.17200923525444312,8.35150340722306,7.6634664662052865,0.08592422545350495,0.014805714060427633,0.01309645984555603,0.0017092542148716035,8.600000381469727,7.784999847412109,7.784999847412109,-0.011692340557391878,-0.017965265396337138,0.02033034939501066,0.05035967992219903,0.02847132257900894,0.8549387354515681,0.13233747748290384,0.6492811189075685,0.00026138195018177157,0.01118496683443393,-0.13585458197657607,0.13089295015883234,1750.157717150294
2025-11-14 19:30:00,8.029999732971191,8.114999771118164,8.010000228881836,8.050000190734863,571759,1h,1H,yfinance,730d,2026-04-02T03:04:46Z,0.0024907171144166185,0.0024907171144166185,8.030006032668924,8.03398494720459,7.946277923583985,8.315821962356567,9.164856462478637,8.030006032668924,7.946277923583985,8.315821962356567,9.164856462478637,0.021435239440559556,0.13074105970231314,1251985.0,0.45668198900146567,50.87865550221832,0.10499954223632812,0.18899865273606956,0.023478092951301703,32.858051704970755,30.5887197211239,15.214653323018423,8.03398494720459,0.13074105970231314,8.295467066609216,7.772502827799964,0.06509400282000986,0.014610288922829895,0.013399225661010802,0.0012110632618190925,8.600000381469727,7.784999847412109,7.784999847412109,-0.0347605877128454,-0.0043289854356179935,0.001243809568318932,0.07047875148306182,0.028340993101096834,0.8284146172137161,0.12654714084791205,0.5143854091357282,0.002489930640723781,0.013052937255446206,-0.13296209753896004,0.12249589812671051,1750.157717150294
2025-11-14 20:30:00,8.045000076293945,8.055000305175781,7.96999979019165,7.989999771118164,1021939,1h,1H,yfinance,730d,2026-04-02T03:04:46Z,-0.00745346809876557,-0.00745346809876557,8.026195912521233,8.032984924316406,7.950975923538208,8.301571960449218,9.139981460571288,8.026195912521233,7.950975923538208,8.301571960449218,9.139981460571288,0.016223174843404336,0.13099693162980386,1160640.45,0.8804957642136289,48.7631942813106,0.08500051498413086,0.1815702143252168,0.022724683294929167,32.581110416569665,29.56587380577549,16.27948754915923,8.032984924316406,0.13099693162980386,8.294978787576014,7.770991061056797,0.06522951697980522,0.009504320780953535,0.01262024468499935,-0.0031159239040458152,8.600000381469727,7.784999847412109,8.0,-0.0141887449245226,-0.009299418867616649,-0.02143296895927327,-0.00249693597904721,0.027937536221207267,0.8134104279989784,0.11911152255080404,0.5476339785009734,-0.004509750546532465,0.004908057571200608,-0.13008839702381214,-0.3281386263284176,1750.157717150294
2025-11-17 14:30:00,8.020000457763672,8.109999656677246,7.900000095367432,8.085000038146973,1421789,1h,1H,yfinance,730d,2026-04-02T03:04:46Z,0.01188989608888491,0.01188989608888491,8.03179630543797,8.046484923362732,7.95747591972351,8.288371963500976,9.115656461715698,8.03179630543797,7.95747591972351,8.288371963500976,9.115656461715698,0.015405161364822107,0.12139750661101456,1180639.1,1.2042536961549044,52.15522065255547,0.20999956130981445,0.18360088196697377,0.0227088288312555,31.76420803450136,27.150377889370475,17.672759816225874,8.046484923362732,0.12139750661101456,8.28927993658476,7.803689910140703,0.060348093741425086,0.012973975922454528,0.012690990932490386,0.0002829849899641419,8.600000381469727,7.784999847412109,7.96999979019165,-0.022960675425027555,0.0035374668569634338,0.001238418466630975,0.03454894164422351,0.02750205846034345,0.8257137866243888,0.10746421418419871,0.561564556159929,0.006624138696468274,0.016025699569806928,-0.12705399187171662,0.3172644633275075,1750.157717150294
2025-11-17 15:30:00,8.079999923706055,8.079999923706055,7.940000057220459,8.024999618530273,647540,1h,1H,yfinance,730d,2026-04-02T03:04:46Z,-0.007421202143921168,-0.007421202143921168,8.031149001922952,8.057484912872315,7.964075908660889,8.275021963119507,9.091665458679199,8.031149001922952,7.964075908660889,8.275021963119507,9.091665458679199,0.015524611504687152,0.10827595856148106,1173582.45,0.5517635339553689,49.90792192664225,0.14499998092651367,0.18084367474979807,0.022535038423206605,31.005655822580795,25.59544208182721,16.66061894775126,8.057484912872315,0.10827595856148106,8.274036829995277,7.840932995749353,0.05375174001927259,0.010758156865348312,0.012304424119061972,-0.00154626725371366,8.600000381469727,7.784999847412109,7.900000095367432,0.0031249523162841797,-0.003105661069842447,-0.003105661069842447,0.02818703331585848,0.02729324208174814,0.825663669992379,0.10065966036450771,0.533994847833058,-0.0007656916079138432,0.007649815316693509,-0.12402453160458915,-0.3000231517100445,1750.157717150294
2025-11-17 16:30:00,8.024999618530273,8.095000267028809,8.005000114440918,8.095000267028809,397738,1h,1H,yfinance,730d,2026-04-02T03:04:46Z,0.008722822657448948,0.008722822657448948,8.037230074790177,8.063984918594361,7.974075918197632,8.261371965408324,9.067098960876464,8.037230074790177,7.974075918197632,8.261371965408324,9.067098960876464,0.015007984492636885,0.10641490343768586,1137067.6,0.3497927475903807,52.4804931230896,0.09000015258789062,0.17435485173823326,0.02153858505087221,30.38506988154066,25.266245064270166,16.04633056134624,8.063984918594361,0.10641490343768586,8.276814725469732,7.851155111718989,0.052785269075743775,0.014483613531425021,0.012740262001534582,0.0017433515298904394,8.600000381469727,7.784999847412109,7.900000095367432,0.013750480855989844,0.011875033378601074,0.008094711857925097,0.016321420207214832,0.026842626465454315,0.8024022939257359,0.09977753824968821,0.5290295792190355,0.007187823628420853,0.015164684920445204,-0.12054826437817734,0.29145681133479023,1750.157717150294
2025-11-17 17:30:00,8.095000267028809,8.194999694824219,8.055000305175781,8.164999961853027,789751,1h,1H,yfinance,730d,2026-04-02T03:04:46Z,0.00864727517172903,0.00864727517172903,8.049398635462829,8.070734930038451,7.987875919342041,8.249171962738037,9.043398962020873,8.049398635462829,7.987875919342041,8.249171962738037,9.043398962020873,0.015020088399416898,0.10830983946665314,1105767.15,0.7142109439586807,54.970900437089526,0.1399993896484375,0.1719008901603907,0.021053385298654453,30.344197924873217,27.951631263012523,15.112870554831737,8.070734930038451,0.10830983946665314,8.287354608971757,7.854115251105145,0.053680285825537355,0.022821384426364943,0.014756486486500655,0.008064897939864289,8.600000381469727,7.784999847412109,7.900000095367432,0.03490673401955435,0.02510983119066923,0.014285685514706215,0.016811984230525434,0.02646320365732382,0.7955720543618998,0.09882531297250474,0.5431835651304472,0.014361486071878593,0.02217411040175188,-0.11671751374805661,0.8703275000568955,1750.157717150294
2025-11-17 18:30:00,8.164999961853027,8.220000267028809,8.020000457763672,8.055000305175781,899798,1h,1H,yfinance,730d,2026-04-02T03:04:46Z,-0.013472095185690813,-0.013472095185690813,8.049932127816444,8.070734930038451,7.9977759265899655,8.236271963119506,9.018398962020875,8.049932127816444,7.9977759265899655,8.236271963119506,9.018398962020875,0.015332205701235562,0.10830983946665314,1098269.1,0.8192873677316423,50.492667884957584,0.19999980926513672,0.1739079558107297,0.021590061976656198,29.98085798959629,25.655539428853636,15.308956841055583,8.070734930038451,0.10830983946665314,8.287354608971757,7.854115251105145,0.053680285825537355,0.020318851866365506,0.015868959562473625,0.004449892303891881,8.600000381469727,7.900000095367432,7.900000095367432,0.023507042224506502,0.0,0.008135236034996884,0.0,0.026233081963488444,0.8230089780036344,0.09828987846176265,0.546142559799994,0.0006295925579080652,0.007155036489027378,-0.1131712003127221,-0.14527419614092058,1750.157717150294
2025-11-17 19:30:00,8.050000190734863,8.069999694824219,7.96999979019165,8.026399612426758,879556,1h,1H,yfinance,730d,2026-04-02T03:04:46Z,-0.0035506755636800502,-0.0035506755636800502,8.047690935874568,8.06580491065979,8.002403917312622,8.223285961151124,8.992214460372924,8.047690935874568,8.002403917312622,8.223285961151124,8.992214460372924,0.015221716334952009,0.10797111818772666,1053296.9,0.8350504022180262,49.36656871110952,0.09999990463256836,0.1686288092980039,0.02100927158385271,29.185176254501055,24.568811253154443,16.778444997368737,8.06580491065979,0.10797111818772666,8.281747147035242,7.849862674284336,0.05354511763359494,0.01584508759731129,0.01586418516944116,-1.9097572129866958e-05,8.600000381469727,7.900000095367432,7.900000095367432,-0.0016915857575620086,0.00456820482888709,-0.007248042726496484,-0.012135432316706773,0.025941295749095535,0.8098774936708862,0.09629253537807864,0.5560671699354246,-0.002645643777508755,0.002998560852723653,-0.1100741699858494,-0.3649614720532811,1750.157717150294
2025-11-17 20:30:00,8.029999732971191,8.140000343322754,8.015000343322754,8.114999771118164,1083977,1h,1H,yfinance,730d,2026-04-02T03:04:46Z,0.011038593014261577,0.011038593014261577,8.054101301135864,8.054559898376464,8.009803915023804,8.210735960006714,8.967264461517335,8.054101301135864,8.009803915023804,8.210735960006714,8.967264461517335,0.014193656335764075,0.08885894674230226,1000401.85,1.0835415788165526,52.87296553585664,0.125,0.1655124657767179,0.020395868200241734,28.861932423579617,26.264394994394262,15.873331633753821,8.054559898376464,0.08885894674230226,8.232277791861069,7.876842004891859,0.04412851744275364,0.0192272497596484,0.016536798087482606,0.002690451672165795,8.600000381469727,7.900000095367432,7.940000057220459,-0.006123722102690077,0.0213970542207349,0.011214972818200941,-0.0269667796033376,0.02488653726029825,0.8195542829809221,0.09030821303632842,0.48864345732322256,0.007561175071601367,0.013133387185302547,-0.10677286820327814,0.6801776856187615,1750.157717150294
2025-11-18 14:30:00,8.020000457763672,8.100000381469727,7.820000171661377,7.929999828338623,1409881,1h,1H,yfinance,730d,2026-04-02T03:04:46Z,-0.022797282562837307,-0.022797282562837307,8.042282113250412,8.04580991268158,8.013603916168213,8.19623595714569,8.941664459705352,8.042282113250412,8.013603916168213,8.19623595714569,8.941664459705352,0.01372540646374041,0.09202120861652824,1000767.8,1.4087993238791254,45.74892508029934,0.2949995994567871,0.1747615467538657,0.022038026549425434,26.98567288499048,23.0976367346654,21.929498273940894,8.04580991268158,0.09202120861652824,8.229852329914637,7.8617674954485235,0.04574863667683083,0.006900147759013819,0.014609468021788849,-0.00770932026277503,8.34000015258789,7.900000095367432,7.96999979019165,-0.01795665440885119,0.006984105185856793,-0.02038300596014031,-0.02159157603720474,0.02390966473681664,0.9217204336408275,0.07557687121665509,0.6053258879384394,-0.013961495422647907,-0.010432770162362326,-0.1037905803465724,-1.2585151410645157,1750.157717150294
2025-11-18 15:30:00,7.934999942779541,7.945000171661377,7.769999980926514,7.880000114440918,1042793,1h,1H,yfinance,730d,2026-04-02T03:04:46Z,-0.006305134297610704,-0.006305134297610704,8.026826684792365,8.026059937477111,8.015503921508788,8.181185956001281,8.915589458942414,8.026826684792365,8.015503921508788,8.181185956001281,8.915589458942414,0.012798414223248405,0.08262015317674727,982178.95,1.06171385570827,44.02249892335642,0.17500019073486328,0.1747785927525084,0.02218002413885864,25.214308220511345,21.44571375418642,22.404528945816928,8.026059937477111,0.08262015317674727,8.191300243830606,7.860819631123617,0.04117594626521954,-0.006825053467045095,0.010322563724022061,-0.017147617191067156,8.324999809265137,7.820000171661377,7.820000171661377,-0.02111802139950336,0.01090443070109437,-0.03490506414496408,-0.04773408124452716,0.023101388123115435,0.9601165099107238,0.06516175989990755,0.6319035325084575,-0.018291982139046925,-0.01690521374510956,-0.10095636879408254,-1.76784740066665,1750.157717150294
2025-11-18 16:30:00,7.885000228881836,7.94920015335083,7.860000133514404,7.885000228881836,773841,1h,1H,yfinance,730d,2026-04-02T03:04:46Z,0.0006345322802412401,0.0006345322802412401,8.013319403277077,8.020309948921204,8.020003929138184,8.166385960578918,8.889914457798005,8.013319403277077,8.020003929138184,8.166385960578918,8.889914457798005,0.010664203762556206,0.08805659200161955,955718.1,0.8096958716173733,44.24907616736619,0.08920001983642578,0.1686658375442168,0.021390720690966314,23.538830032318568,20.81345771421667,21.558187507159843,8.020309948921204,0.08805659200161955,8.196423132924442,7.844196764917965,0.04391680249886788,-0.01710176833585475,0.004837697312046699,-0.02193946564790145,8.324999809265137,7.769999980926514,7.769999980926514,-0.018057224023805052,0.016750326787579928,-0.021104912458502434,-0.014374971389770508,0.022716756063092335,0.941627432700199,0.06272104828071748,0.700192418696697,-0.016013235955971483,-0.016833370837370132,-0.09785364446299682,-1.5366222671538252,1750.157717150294
2025-11-18 17:30:00,7.881800174713135,8.020000457763672,7.860000133514404,7.994999885559082,956270,1h,1H,yfinance,730d,2026-04-02T03:04:46Z,0.013950495051900047,0.013950495051900047,8.011574687303934,8.020799946784972,8.026203927993775,8.152985959053039,8.864739458560944,8.011574687303934,8.026203927993775,8.152985959053039,8.864739458560944,0.011122700758595356,0.08788695912901184,942721.25,1.01437195777649,49.12752463417623,0.16000032424926758,0.16804687230886328,0.02101899621191951,22.24661585043458,22.407345694371987,20.09205022228869,8.020799946784972,0.08788695912901184,8.196573865042996,7.845026028526949,0.043829523096005,-0.016183532235046982,0.000633451402627963,-0.016816983637674945,8.239999771118164,7.769999980926514,7.769999980926514,-0.006832335884797147,0.03028346001880311,-0.00391205626231983,0.001227265110880893,0.022621933627231052,0.9291423340849161,0.05704991688034884,0.7682662042773689,-0.0020688569216135155,-0.0038877709455972242,-0.0945922364088626,-0.29355960749555277,1750.157717150294
2025-11-18 18:30:00,7.994999885559082,8.010000228881836,7.960000038146973,8.005000114440918,885867,1h,1H,yfinance,730d,2026-04-02T03:04:46Z,0.0012508103846129437,0.0012508103846129437,8.010948537507456,8.026569962501526,8.031803932189941,8.14008595943451,8.840589458942413,8.010948537507456,8.031803932189941,8.14008595943451,8.840589458942413,0.010771540780902802,0.08272020499431755,934718.95,0.9477362152548635,49.55965126118868,0.05000019073486328,0.159614966482149,0.01993940839478636,21.046702681542303,21.90597328762111,19.64248338318563,8.026569962501526,0.08272020499431755,8.192010372490161,7.861129552512891,0.041223190170032446,-0.014481949712672026,-0.0023896288204320352,-0.01209232089223999,8.239999771118164,7.769999980926514,7.769999980926514,0.0018773897061894473,0.04028589160026108,-0.013555102868732294,0.01462689074919199,0.02235753128103262,0.8918430279331548,0.05371601292240497,0.7674283314657226,-0.0007425366719917559,-0.003337210167892457,-0.09148547509288196,-0.26075670462965667,1750.157717150294
2025-11-18 19:30:00,8.005000114440918,8.039999961853027,7.940000057220459,7.954999923706055,903466,1h,1H,yfinance,730d,2026-04-02T03:04:46Z,-0.006246119927551752,-0.006246119927551752,8.005620098097799,8.030819964408874,8.03440393447876,8.12803596019745,8.816514456272126,8.005620098097799,8.03440393447876,8.12803596019745,8.816514456272126,0.010859460262003615,0.07651780100774361,869036.7,1.0396177744852433,47.39204684095565,0.09999990463256836,0.15535674777860753,0.01952944679680529,20.159606259351868,22.27810207647389,18.739379263542364,8.030819964408874,0.07651780100774361,8.183855566424361,7.8777843623933865,0.038112073908695025,-0.016972383752763776,-0.0053061798068983835,-0.011666203945865393,8.239999771118164,7.769999980926514,7.769999980926514,-0.016079173015157266,0.047399623891934306,0.003152597214200581,0.010800513263404588,0.02210902534414204,0.8833246374643906,0.053680285825537355,0.7099826933217249,-0.006323079757903027,-0.009882999587804142,-0.08870971920620707,-0.9908810721722926,1750.157717150294
2025-11-18 20:30:00,7.960000038146973,7.96999979019165,7.880000114440918,7.885000228881836,901547,1h,1H,yfinance,730d,2026-04-02T03:04:46Z,-0.00879945889321987,-0.00879945889321987,7.994132491505802,8.023069977760315,8.033595943450928,8.116785960197449,8.792239458560944,7.994132491505802,8.033595943450928,8.116785960197449,8.792239458560944,0.00989804200885762,0.08278808926296524,849682.45,1.0610399214435935,44.46025644009227,0.08999967575073242,0.15068838549090216,0.01911076488481867,18.811849765361405,21.32769137262656,20.784022682766754,8.023069977760315,0.08278808926296524,8.188646156286245,7.857493799234384,0.041275017913317946,-0.02431418227439508,-0.009107780300397723,-0.015206401973997356,8.239999771118164,7.769999980926514,7.769999980926514,-0.017445407639044563,0.05484954240536832,0.0006345322802412401,-0.019278573844105806,0.021814044263040816,0.876076194509137,0.05361270172956614,0.7698738653671644,-0.013651545397818321,-0.018496787194062114,-0.08628558385899399,-1.6677489492470228,1750.157717150294
2025-11-19 14:30:00,7.800000190734863,7.900000095367432,7.579999923706055,7.627600193023682,1730869,1h,1H,yfinance,730d,2026-04-02T03:04:46Z,-0.032644264855608784,-0.032644264855608784,7.959224653555124,7.996199989318848,8.026347951889038,8.105061960220336,8.766852459907533,7.959224653555124,8.026347951889038,8.105061960220336,8.766852459907533,0.011353842295371534,0.11377382369298192,892694.45,1.9389265834463294,35.71172072841273,0.32000017166137695,0.16278208450307893,0.02134119256171317,19.305375289452453,18.332949343641054,31.029590429919708,7.996199989318848,0.11377382369298192,8.223747636704811,7.768652341932884,0.05691394604685143,-0.05032255511877981,-0.01735073526407414,-0.03297181985470567,8.239999771118164,7.769999980926514,7.860000133514404,-0.05773935251229856,0.008941832110554992,-0.032644264855608784,-0.06581748577343338,0.021564323513764205,0.9896527729279978,0.05361270172956614,1.0615757872814817,-0.04166542282272634,-0.04967984957237115,-0.0844664047222149,-3.2397592375011586,1750.157717150294
2025-11-19 15:30:00,7.625800132751465,7.704999923706055,7.525000095367432,7.664999961853027,1608345,1h,1H,yfinance,730d,2026-04-02T03:04:46Z,0.0049032156750365985,0.0049032156750365985,7.9312032543454,7.975699996948242,8.023547954559326,8.093761959075927,8.741702461242676,7.9312032543454,8.023547954559326,8.093761959075927,8.741702461242676,0.011345107695604418,0.1330354674476552,936037.6,1.7182482840432907,37.632024996248205,0.17999982833862305,0.16401192334847495,0.02139751130655254,20.029027597922788,16.895803073408036,30.992424962574077,7.975699996948242,0.1330354674476552,8.241770931843552,7.709629062052931,0.06672039695503035,-0.06714255165584326,-0.027309098542427964,-0.039833453113415296,8.239999771118164,7.579999923706055,7.579999923706055,-0.061236987426332545,-0.01667737179840101,-0.04127578842147517,-0.05077397611101875,0.021468048178712375,0.9967143323150459,0.05361270172956614,1.2444886156191532,-0.033564048726972606,-0.0446869632657404,-0.08215270536458641,-2.3354676843411255,1750.157717150294
2025-11-19 16:30:00,7.664999961853027,7.704999923706055,7.579999923706055,7.679999828338623,1510576,1h,1H,yfinance,730d,2026-04-02T03:04:46Z,0.0019569297534567376,0.0019569297534567376,7.9072791185352305,7.95719997882843,8.016647958755494,8.082505955696107,8.717677462100983,7.9072791185352305,8.016647958755494,8.082505955696107,8.717677462100983,0.011386036882874716,0.14646531491972367,993903.05,1.5198424031398232,38.42641874558969,0.125,0.16122535739501245,0.020992885546703137,20.700990455788098,15.960122811807532,29.276081550507666,7.95719997882843,0.14646531491972367,8.250130608667877,7.664269348988983,0.07362655974936971,-0.07835888379109157,-0.03751905559216069,-0.04083982819893088,8.220000267028809,7.525000095367432,7.525000095367432,-0.04655499225694626,-0.008392518809671623,-0.040599660394257664,-0.045962776848389564,0.021394115998759428,0.981245756913744,0.05361270172956614,1.3733044105995202,-0.028743046348755796,-0.041993627779201126,-0.0804147098115442,-1.8925992863343644,1750.157717150294
2025-11-19 17:30:00,7.679999828338623,7.800000190734863,7.659999847412109,7.755000114440918,777983,1h,1H,yfinance,730d,2026-04-02T03:04:46Z,0.009765662471182601,0.009765662471182601,7.892776356240534,7.943449997901917,8.002561960220337,8.071405959129333,8.693602464199067,7.892776356240534,8.002561960220337,8.071405959129333,8.693602464199067,0.011684388019951739,0.15179682324346647,1010764.25,0.7696977806644824,42.37844106611371,0.1400003433227539,0.1597092849612797,0.02059436268271334,20.482941404985638,19.209600239102105,27.442991298334924,7.943449997901917,0.15179682324346647,8.24704364438885,7.639856351414984,0.07643873797081119,-0.08027070085993682,-0.046069384645715916,-0.0342013162142209,8.220000267028809,7.525000095367432,7.525000095367432,-0.033813354815482866,0.001938028910378975,-0.0251413967546541,-0.03424652897572644,0.021365956626339742,0.9638867588697063,0.05361270172956614,1.4257579921337378,-0.017455992109884355,-0.030935323838792605,-0.07948839469305025,-1.2414613127887708,1750.157717150294
2025-11-19 18:30:00,7.755000114440918,7.804999828338623,7.71999979019165,7.769999980926514,827200,1h,1H,yfinance,730d,2026-04-02T03:04:46Z,0.0019342187316881976,0.0019342187316881976,7.88108336811539,7.929449987411499,7.9882619667053225,8.05995595932007,8.681827464103698,7.88108336811539,7.9882619667053225,8.05995595932007,8.681827464103698,0.011675100968980799,0.15421696888759562,1023536.3,0.808178469097774,43.164140720149916,0.08500003814697266,0.1543729101888292,0.019867813457886446,20.23731429021588,18.685427501730498,26.363668274453428,7.929449987411499,0.15421696888759562,8.23788392518669,7.621016049636308,0.07779453512282669,-0.07965722686818744,-0.052786953090210226,-0.02687027377797721,8.220000267028809,7.525000095367432,7.525000095367432,-0.042513838560973016,-0.0019267651611556413,-0.014584685430203304,-0.034782633934669405,0.021197288930183814,0.9372808722532311,0.05361270172956614,1.4510467223837897,-0.014094938728638207,-0.02732283776978195,-0.07988703994245738,-1.0339329558552284,1750.157717150294
2025-11-19 19:30:00,7.769999980926514,7.815000057220459,7.735000133514404,7.784999847412109,698757,1h,1H,yfinance,730d,2026-04-02T03:04:46Z,0.0019304847519197033,0.0019304847519197033,7.871932556619839,7.919199991226196,7.9768619728088375,8.050055961608887,8.671602463722229,7.871932556619839,7.9768619728088375,8.050055961608887,8.671602463722229,0.011622887531480025,0.1566454257328464,1007377.2,0.6936398798781629,43.98666303254364,0.07999992370605469,0.14906055401148818,0.01914714925280813,19.917767248066287,18.448318740485657,25.353009282036993,7.919199991226196,0.1566454257328464,8.232490842691888,7.605909139760503,0.07912184357328828,-0.07707223964083632,-0.05764401040033545,-0.019428229240500867,8.220000267028809,7.525000095367432,7.525000095367432,-0.018284991685414975,0.016318538184074693,0.020635540721233303,-0.025657062525468066,0.021036190755286982,0.9102004006117846,0.05361270172956614,1.4758040729302482,-0.011043375763506114,-0.024052331110998137,-0.08011673664929264,-0.8567128161339397,1750.157717150294
2025-11-19 20:30:00,7.784999847412109,7.804999828338623,7.730000019073486,7.760000228881836,1090089,1h,1H,yfinance,730d,2026-04-02T03:04:46Z,-0.003211254851672729,-0.003211254851672729,7.861272334930506,7.90295000076294,7.96316198348999,8.040111961364746,8.660301966667175,7.861272334930506,7.96316198348999,8.040111961364746,8.660301966667175,0.011229881322693177,0.15545569353210237,990792.2,1.1002196020517723,42.87303499206736,0.07499980926513672,0.14377050081532022,0.018527125847267737,19.656282661886905,17.760903540093178,24.656731231547518,7.90295000076294,0.15545569353210237,8.213861387827144,7.592038613698735,0.0786823621645562,-0.07616292019001758,-0.061347792358271876,-0.014815127831745704,8.220000267028809,7.525000095367432,7.525000095367432,-0.015228411651818319,0.009759308609073036,0.012394033594468779,-0.04019787355988991,0.02101413389788611,0.8816506993481873,0.05361270172956614,1.4676067354606888,-0.012882406528353041,-0.02551269897929609,-0.08049834588452254,-0.9195531449067439,1750.157717150294
2025-11-20 14:30:00,7.769999980926514,7.985000133514404,7.750400066375732,7.940000057220459,808840,1h,1H,yfinance,730d,2026-04-02T03:04:46Z,0.023195853483184647,0.023195853483184647,7.868770213243835,7.898700022697449,7.9519619846344,8.033061957359314,8.651551969051361,7.868770213243835,7.9519619846344,8.033061957359314,8.651551969051361,0.012409463500108504,0.15320652796897188,998857.2,0.8097653998990046,52.247358447566675,0.23460006713867188,0.15025832698127392,0.018924222405342726,18.627589363386875,24.336874418543243,21.906956931631285,7.898700022697449,0.15320652796897188,8.205113078635392,7.592286966759505,0.07758569259686911,-0.06022357624922936,-0.06112294913646338,0.0008993728872340179,8.220000267028809,7.525000095367432,7.579999923706055,0.0069752475259499125,0.0278317353064248,0.033854197225689386,-0.010591846149567985,0.02100107856527792,0.9011071667829023,0.05361270172956614,1.4471513297022005,0.009052220619778506,-0.0015042737172353826,-0.08086294654641846,0.2695709841513684,1750.157717150294
2025-11-20 15:30:00,7.940000057220459,7.96999979019165,7.75,7.760000228881836,642670,1h,1H,yfinance,730d,2026-04-02T03:04:46Z,-0.02267000340572234,-0.02267000340572234,7.85841116711412,7.8819500207901,7.945661993026733,8.02496196269989,8.64280196905136,7.85841116711412,7.945661993026733,8.02496196269989,8.64280196905136,0.013114702859701228,0.14908678678007645,1011103.8,0.635612288273469,44.40087604598543,0.2199997901916504,0.15523986006772938,0.02000513601661303,17.669045899579498,21.873356137098867,19.707816614632293,7.8819500207901,0.14908678678007645,8.180123594350253,7.583776447229948,0.07565984883782936,-0.061408138371075616,-0.06117998698338583,-0.00022815138768978588,8.220000267028809,7.525000095367432,7.659999847412109,-0.029393328335340252,-0.008306655842513666,0.0006447600731309677,-0.041383573452299705,0.02079362411470824,0.9620802947218096,0.053680285825537355,1.4094531665447216,-0.01252300702260456,-0.023366431180666614,-0.08066133859377855,-0.8179785381527935,1750.157717150294
2025-11-20 16:30:00,7.767199993133545,7.769999980926514,7.559999942779541,7.590000152587891,965270,1h,1H,yfinance,730d,2026-04-02T03:04:46Z,-0.021907225680383946,-0.021907225680383946,7.832848213349718,7.853200030326843,7.935561990737915,8.014061961174011,8.633101971149445,7.832848213349718,7.935561990737915,8.014061961174011,8.633101971149445,0.013554835269121601,0.1471603916179492,1019879.75,0.9464547168428434,38.51745464885125,0.21000003814697266,0.1591513013591039,0.020968550482155075,17.42234364102681,19.811793342105858,26.37773356709381,7.853200030326843,0.1471603916179492,8.147520813562743,7.558879247090945,0.07495563136029004,-0.07519766591025956,-0.06398352276876058,-0.011214143141498975,8.220000267028809,7.525000095367432,7.71999979019165,-0.051842592869470794,-0.04231958475083697,-0.023166001130048852,-0.07042251218022566,0.02078145658243421,1.0090029252270512,0.055297115936194394,1.3555070656266954,-0.031003800169130735,-0.04354598181620284,-0.08079830201735205,-1.7885239013379348,1750.157717150294
2025-11-20 17:30:00,7.590000152587891,7.637899875640869,7.494999885559082,7.505000114440918,1336832,1h,1H,yfinance,730d,2026-04-02T03:04:46Z,-0.01119895078236477,-0.01119895078236477,7.801624584882213,7.8257000207901,7.926361989974976,8.002911963462829,8.623426973819733,7.801624584882213,7.926361989974976,8.002911963462829,8.623426973819733,0.013480506314993618,0.15787945357556712,1041731.45,1.2832789103180096,35.95226565167874,0.1428999900817871,0.15799049341072413,0.02105136455717344,17.583493102357746,18.53183157669879,27.612268903447163,7.8257000207901,0.15787945357556712,8.141458927941233,7.509941113638965,0.08069793278870259,-0.09192510316880664,-0.0695718388487698,-0.022353264320036842,8.220000267028809,7.525000095367432,7.559999942779541,-0.0565681726688807,-0.06070083486490174,-0.035966568845119395,-0.06828059216601867,0.02078145658243421,1.0129879238093145,0.06181717150094089,1.3054290713944154,-0.03802085927283483,-0.05315955492153701,-0.08083387103074091,-2.031296024189003,1750.157717150294
2025-11-20 18:30:00,7.510000228881836,7.518799781799316,7.329999923706055,7.335000038146973,1834486,1h,1H,yfinance,730d,2026-04-02T03:04:46Z,-0.022651575443261573,-0.022651575443261573,7.75718415185981,7.7911300420761105,7.915573987960816,7.990111966133117,8.612776973247527,7.75718415185981,7.915573987960816,7.990111966133117,8.612776973247527,0.014116248239802447,0.18372845663417417,1089477.95,1.6838211365360813,31.44214069709524,0.18879985809326172,0.16019116231661967,0.02183928581915706,18.58386470753237,16.971728045530767,32.64500763325764,7.7911300420761105,0.18372845663417417,8.15858695534446,7.423673128807762,0.09432698755736135,-0.1175443253045767,-0.07916633613993118,-0.03837798916464552,8.140000343322754,7.494999885559082,7.494999885559082,-0.0697527171553245,-0.06021778353987417,-0.05476806420095981,-0.08614068669211727,0.02078145658243421,1.050902555002665,0.07017347835220003,1.3441971207973344,-0.054424918301264946,-0.07334578019191862,-0.08094984781938741,-2.4826312280919467,1750.157717150294
2025-11-20 19:30:00,7.329999923706055,7.364999771118164,7.269999980926514,7.275000095367432,1719598,1h,1H,yfinance,730d,2026-04-02T03:04:46Z,-0.008179951256646278,-0.008179951256646278,7.711261860765298,7.749130058288574,7.907673988342285,7.977111968994141,8.602376976013183,7.711261860765298,7.907673988342285,7.977111968994141,8.602376976013183,0.01368043944908146,0.2001676126749983,1121259.0,1.5336313911415649,30.011167169715876,0.09499979019165039,0.15553463573626472,0.02137933109242238,19.780961444896043,16.23128176124777,33.976234041110196,7.749130058288574,0.2001676126749983,8.149465283638571,7.3487948329385775,0.103323914384891,-0.1410631491904626,-0.09154569875003747,-0.04951745044042512,8.140000343322754,7.329999923706055,7.329999923706055,-0.04622687198245434,-0.09345788894880958,-0.08375314320662897,-0.10351197775018406,0.020980718014429106,1.0189990198485646,0.07429109555482988,1.390798097850552,-0.05657462724973128,-0.08000758426656929,-0.0807570965104184,-2.3686647234533513,1750.157717150294
2025-11-20 20:30:00,7.275000095367432,7.289999961853027,7.125,7.144999980926514,2075982,1h,1H,yfinance,730d,2026-04-02T03:04:46Z,-0.01786943130402152,-0.01786943130402152,7.657332157923508,7.709880065917969,7.8976739883422855,7.962311968803406,8.591475474834443,7.657332157923508,7.8976739883422855,7.962311968803406,8.591475474834443,0.013405682830930537,0.23481796161216356,1154564.05,1.798065685485357,27.13012947251066,0.16499996185302734,0.1562107304588906,0.021862943439593167,21.469758805572106,15.00667187343599,38.04304848640267,7.709880065917969,0.23481796161216356,8.179515989142295,7.2402441426936415,0.12182703731031652,-0.16825240040471456,-0.1068870390809729,-0.061365361323741666,8.100000381469727,7.269999980926514,7.269999980926514,-0.06784083281336417,-0.15536747176140742,-0.07925260693503089,-0.0989911556626819,0.020980718014429106,1.042049343809746,0.0753077400990597,1.6177226557332007,-0.06690739887349062,-0.09530325112517812,-0.08075463737566302,-2.4056085024894216,1750.157717150294
2025-11-21 14:30:00,7.050000190734863,7.235000133514404,6.929999828338623,7.121500015258789,2455076,1h,1H,yfinance,730d,2026-04-02T03:04:46Z,-0.003289008499714141,-0.003289008499714141,7.606300525288773,7.6719550609588625,7.889703989028931,7.9475269651412965,8.580307977199555,7.606300525288773,7.889703989028931,7.9475269651412965,8.580307977199555,0.013408332753177045,0.26374927819760013,1225178.2,2.003852174320438,26.632409924253523,0.30500030517578125,0.16683855722438282,0.023427446024981865,23.657294838866143,13.047104502603748,41.42393695870126,7.6719550609588625,0.26374927819760013,8.199453617354063,7.144456504563662,0.13751346357059405,-0.18951175516538932,-0.12341198229785619,-0.06609977286753313,8.039999961853027,7.125,7.125,-0.07272133145355175,-0.16069530896745,-0.06172597205671482,-0.09625635636630248,0.020980718014429106,1.1166179350425502,0.07604929340432028,1.8082148750481626,-0.06373670201672432,-0.0973679082052219,-0.08048708624512846,-2.0870390602080593,1750.157717150294
2025-11-21 15:30:00,7.125,7.284999847412109,7.070000171661377,7.284999847412109,3106323,1h,1H,yfinance,730d,2026-04-02T03:04:46Z,0.02295862273439586,0.02295862273439586,7.575700460729091,7.641955041885376,7.875203981399536,7.934726967811584,8.569982974529266,7.575700460729091,7.875203981399536,7.934726967811584,8.569982974529266,0.01469485881114589,0.2718105687627494,1341802.3,2.3150377667410464,35.49859465450503,0.21499967575073242,0.17027863711912208,0.023373869689182095,25.247467206097642,13.967800549204007,37.687987640941465,7.641955041885376,0.2718105687627494,8.185576179410875,7.098333904359878,0.14227279133308787,-0.19096554501789864,-0.13692269484186467,-0.05404285017603397,8.039999961853027,6.929999828338623,6.929999828338623,-0.060606094144808664,-0.12806699622365492,-0.0293138259392548,-0.0760938952508835,0.020980718014429106,1.1140643362685272,0.07701221528384014,1.8474055162381713,-0.03837277025720787,-0.07494461545141318,-0.08107122210098594,-1.3132498714015652,1750.157717150294
2025-11-21 16:30:00,7.284999847412109,7.46649980545044,7.28000020980835,7.414999961853027,967220,1h,1H,yfinance,730d,2026-04-02T03:04:46Z,0.01784490283649065,0.01784490283649065,7.560395651312323,7.612955045700073,7.867203979492188,7.925326972007752,8.561282975673675,7.560395651312323,7.867203979492188,7.925326972007752,8.561282975673675,0.014952860337301225,0.26340725663461934,1342349.8,0.7205424398320021,41.54712047620937,0.18649959564209073,0.17143727701361985,0.02312033417337702,25.296285452287105,20.44455774668254,34.759472002019685,7.612955045700073,0.26340725663461934,8.139769558969313,7.086140532430835,0.13839948091294532,-0.17955792913477264,-0.14544974170044628,-0.034108187434326365,8.039999961853027,6.929999828338623,6.929999828338623,-0.045688548255460315,-0.12196563294163987,0.010906601675528371,-0.07254533233373472,0.020980718014429106,1.101980120865093,0.07769011385984789,1.7814297603246723,-0.01923122759244189,-0.05747963556276692,-0.08107184380584864,-0.751517199549426,1750.157717150294
2025-11-21 17:30:00,7.414999961853027,7.429999828338623,7.320000171661377,7.335000038146973,738856,1h,1H,yfinance,730d,2026-04-02T03:04:46Z,-0.010788931101499588,-0.010788931101499588,7.538929402439432,7.579455041885376,7.857803983688354,7.9139769697189335,8.55278297662735,7.538929402439432,7.857803983688354,7.9139769697189335,8.55278297662735,0.014985906229622951,0.2538486066677981,1334999.25,0.5534504981931638,39.11621691781492,0.1099996566772461,0.16704887556102174,0.022774216045297117,25.341616680891605,19.482951097345225,33.124565548246174,7.579455041885376,0.2538486066677981,8.087152255220973,7.07175782854978,0.13396667980216895,-0.1749558544321248,-0.151350964246782,-0.023604890185342814,8.039999961853027,6.929999828338623,6.929999828338623,-0.057803444840750506,-0.1370588190415326,0.008247414706942457,-0.08369769727863885,0.02102212505193829,1.0833450942295333,0.07823844864369145,1.7122870164804962,-0.027050175615979777,-0.06653308565938343,-0.08125764383805856,-0.962995255114055,1750.157717150294
2025-11-21 18:30:00,7.329999923706055,7.415800094604492,7.320000171661377,7.385000228881836,664085,1h,1H,yfinance,730d,2026-04-02T03:04:46Z,0.006816658551442201,0.006816658551442201,7.524269481148233,7.550955057144165,7.846203985214234,7.902476973533631,8.545582978725433,7.524269481148233,7.846203985214234,7.902476973533631,8.545582978725433,0.015168154630161875,0.24179702599258637,1323030.2,0.5019424348741246,41.42307123700871,0.09579992294311523,0.1619596646597427,0.02193089500882318,25.383709964595784,18.659789700184408,31.725041240003428,7.550955057144165,0.24179702599258637,8.034549109129339,7.067361005158992,0.1280881817797688,-0.16536782223402557,-0.15415433584423072,-0.011213486389794858,8.039999961853027,6.929999828338623,6.929999828338623,-0.048324740842699,-0.08544886646209027,0.033589957816095195,-0.07165301072167307,0.021196278559443303,1.0346578031289646,0.07890210286892224,1.6233810902677455,-0.018509338695979816,-0.05878049528173268,-0.08184099262184108,-0.6863394104252439,1750.157717150294
2025-11-21 19:30:00,7.385000228881836,7.385000228881836,7.28000020980835,7.295000076293945,785354,1h,1H,yfinance,730d,2026-04-02T03:04:46Z,-0.012186885551595639,-0.012186885551595639,7.5024342997335385,7.5214550495147705,7.831503992080688,7.891026978492737,8.537882978916167,7.5024342997335385,7.831503992080688,7.891026978492737,8.537882978916167,0.015244043888815725,0.23514227629621176,1317220.55,0.5962205797654766,38.588832396490176,0.10500001907348633,0.1578911185464387,0.021643744605229887,25.615036760902715,17.773429216696112,32.02763052528925,7.5214550495147705,0.23514227629621176,7.991739602107194,7.051170496922347,0.1250514825911944,-0.16315079696065737,-0.15595362806751606,-0.007197168893141315,7.985000133514404,6.929999828338623,6.929999828338623,-0.08123425393932648,-0.098826456373731,0.02436285342461675,-0.07482563544218923,0.021360261827067774,1.013271502964579,0.07990988818099543,1.5649062392372959,-0.027648922356702355,-0.0685058599637135,-0.08273467656793176,-0.9630551204478303,1750.157717150294
2025-11-21 20:30:00,7.289999961853027,7.329999923706055,7.21999979019165,7.244999885559082,2046055,1h,1H,yfinance,730d,2026-04-02T03:04:46Z,-0.006854035669902947,-0.006854035669902947,7.477916736478829,7.50232503414154,7.815303983688355,7.878926978111267,8.529182980060577,7.477916736478829,7.815303983688355,7.878926978111267,8.529182980060577,0.013765659276433102,0.24121352765329235,1332979.85,1.5349481839504175,37.07127618982792,0.1100001335144043,0.1544703339012934,0.02132095739700253,26.112508862289044,16.86938156954878,33.17301842931455,7.50232503414154,0.24121352765329235,7.984752089448125,7.019897978834956,0.12860734588575093,-0.16354316221010823,-0.1574715348960345,-0.006071627314073735,7.985000133514404,6.929999828338623,7.070000171661377,-0.066366021666595,-0.090395512019529,-0.005490729264357785,-0.05015998450135495,0.021350144244712453,0.9986329437695882,0.08751246017303196,1.4695889663193682,-0.03114729130153726,-0.07297273392302828,-0.08369840323992583,-1.06679401891723,1750.157717150294
2025-11-24 14:30:00,7.230000019073486,7.25,6.739999771118164,6.804999828338623,3859761,1h,1H,yfinance,730d,2026-04-02T03:04:46Z,-0.060731547849638745,-0.060731547849638745,7.413829411894047,7.4593250274658205,7.788903980255127,7.862926979064941,8.51763298034668,7.413829411894047,7.788903980255127,7.862926979064941,8.51763298034668,0.018592813226634326,0.2816468193961013,1445550.65,2.6700973777708863,27.00627909222098,0.5100002288818359,0.17986532639990357,0.026431349145796527,28.131145771220588,13.452782275206044,45.516283223914755,7.4593250274658205,0.2816468193961013,8.022618666258023,6.8960313886736175,0.1510307264311747,-0.19708655080535475,-0.16539453807789856,-0.0316920127274562,7.985000133514404,6.929999828338623,7.21999979019165,-0.10342560058863948,-0.13580720964884307,-0.08226569610958756,-0.11219832195622059,0.021350144244712453,1.2379939377853373,0.09882545097112617,1.5282573967236572,-0.08212079746246592,-0.12632125834529495,-0.08555534169798096,-2.3232117462933966,1750.157717150294
2025-11-24 15:30:00,6.800000190734863,6.859300136566162,6.75,6.824999809265137,2193859,1h,1H,yfinance,730d,2026-04-02T03:04:46Z,0.0029390127011064138,0.0029390127011064138,7.357750402119865,7.416575026512146,7.758605976104736,7.847676973342896,8.505882978439331,7.357750402119865,7.758605976104736,7.847676973342896,8.505882978439331,0.018614404810319653,0.3085140580745955,1479714.8,1.4826228675958366,27.963669845697254,0.10930013656616211,0.17482495569749348,0.025615378840035057,30.005594329514164,12.852021795343488,43.483663978931084,7.416575026512146,0.3085140580745955,8.033603142661336,6.799546910362955,0.16639166028618077,-0.21952554281255932,-0.1762207390248307,-0.04330480378772861,7.985000133514404,6.739999771118164,6.739999771118164,-0.0906063017730464,-0.1101695252442687,-0.06952968319420438,-0.11132812997190444,0.02151153784882613,1.1907739474531742,0.11257547584760376,1.4780453649730012,-0.07240672267181492,-0.1203316897023714,-0.08785413627589156,-1.917498414623209,1750.157717150294
2025-11-24 16:30:00,6.829999923706055,6.949999809265137,6.760000228881836,6.925000190734863,1492475,1h,1H,yfinance,730d,2026-04-02T03:04:46Z,0.01465207095448906,0.01465207095448906,7.3165360962736745,7.375075030326843,7.735005989074707,7.835157976150513,8.494532980918883,7.3165360962736745,7.735005989074707,7.835157976150513,8.494532980918883,0.018846514937996158,0.31593415183827045,1515439.4,0.9848463752493172,32.71564926063881,0.18999958038330078,0.17590885746076543,0.025402000377721064,31.01670377472954,15.543386523882564,40.12889182639015,7.375075030326843,0.31593415183827045,8.006943334003385,6.743206726650302,0.17135237298013997,-0.2266269956603617,-0.18630199035193692,-0.04032500530842478,7.985000133514404,6.739999771118164,6.739999771118164,-0.05589636609131998,-0.09417917488397332,-0.06228842571297,-0.10702771263155453,0.021741515212193474,1.168363848140384,0.12343925995075546,1.3881513308529139,-0.05351383501520912,-0.10471947914247703,-0.08941362562842348,-1.424584322312762,1750.157717150294
2025-11-24 17:30:00,6.925000190734863,6.945199966430664,6.84499979019165,6.919899940490723,1281538,1h,1H,yfinance,730d,2026-04-02T03:04:46Z,-0.0007364982099155037,-0.0007364982099155037,7.278761224294346,7.332570028305054,7.707903995513916,7.8235069751739506,8.484182481765748,7.278761224294346,7.707903995513916,7.8235069751739506,8.484182481765748,0.018803038292592743,0.3171255987632545,1538156.3,0.8331650041026389,32.59754044470566,0.10020017623901367,0.1705010945163546,0.024639242761111884,31.955591116715244,14.890918961614322,38.444394037812316,7.332570028305054,0.3171255987632545,7.966821225831563,6.698318830778545,0.17299560592757623,-0.23001502573825405,-0.19504459742920036,-0.0349704283090537,7.985000133514404,6.739999771118164,6.739999771118164,-0.04881101721260861,-0.07980053749439697,-0.05141879806446603,-0.1094079848806413,0.021851114629375112,1.127596609098769,0.1265698321854816,1.3667996784104135,-0.049302521781570574,-0.10223324725915373,-0.09149714635678974,-1.3012828022199623,1750.157717150294
2025-11-24 18:30:00,6.920000076293945,7.039999961853027,6.900000095367432,6.985000133514404,1525172,1h,1H,yfinance,730d,2026-04-02T03:04:46Z,0.009407678374474537,0.009407678374474537,7.250783977553399,7.292570042610168,7.687603998184204,7.812706980705261,8.4723064827919,7.250783977553399,7.687603998184204,7.812706980705261,8.4723064827919,0.019022046658176434,0.3078542691968686,1579477.05,0.9656183355117441,35.78425924905193,0.1399998664855957,0.1683224353713004,0.024097699664124606,32.06297627843524,18.029144568170892,36.160422962323935,7.292570042610168,0.3078542691968686,7.908278581003906,6.676861504216431,0.16885913602370062,-0.22485503361234027,-0.20100668466582836,-0.023848348946511916,7.985000133514404,6.739999771118164,6.739999771118164,-0.022393260719275943,-0.12796505194488839,-0.0358867848380392,-0.1027616865225297,0.021896919224208174,1.1005063962369352,0.12834776383275986,1.3156375380542509,-0.03665587677991711,-0.09139438826918678,-0.09261969998388342,-0.9990763158755392,1750.157717150294
2025-11-24 19:30:00,6.985000133514404,7.0,6.929999828338623,6.940000057220459,912722,1h,1H,yfinance,730d,2026-04-02T03:04:46Z,-0.006442387320514498,-0.006442387320514498,7.221185508950263,7.251570034027099,7.66670000076294,7.801541976928711,8.460431485176086,7.221185508950263,7.66670000076294,7.801541976928711,8.460431485176086,0.019017995156973964,0.2972944350924053,1570608.7,0.581126285624166,34.56764351057603,0.07000017166137695,0.1612994165348773,0.023241990663538895,32.16269107146095,17.470271226640826,35.0395103013998,7.251570034027099,0.2972944350924053,7.84615890421191,6.656981163842289,0.16398900304203787,-0.22183960388913526,-0.20517326851048975,-0.016666335378645508,7.985000133514404,6.739999771118164,6.739999771118164,-0.02548619780235084,-0.11196417064534336,0.019838388286160358,-0.10567012209734605,0.02235255552706015,1.0397912057707224,0.13128701284395994,1.2490877771508566,-0.038938959729159395,-0.09478653703290385,-0.0938169035236418,-1.0480181935117556,1750.157717150294
2025-11-24 20:30:00,6.940000057220459,7.070000171661377,6.929999828338623,7.039999961853027,1654915,1h,1H,yfinance,730d,2026-04-02T03:04:46Z,0.014409208041508137,0.014409208041508137,7.2039297425600495,7.206570029258728,7.6497080039978025,7.791441974639892,8.448481483459473,7.2039297425600495,7.6497080039978025,7.791441974639892,8.448481483459473,0.0184455623082487,0.25475533485688734,1612912.45,1.02604143206905,39.49090680604566,0.1400003433227539,0.15977805416258278,0.02269574645289159,31.6854674080956,19.506208434455825,32.84649346860467,7.206570029258728,0.25475533485688734,7.716080698972503,6.697059359544953,0.14140171195038906,-0.20897180070067378,-0.20593297494852658,-0.0030388257521472006,7.985000133514404,6.739999771118164,6.75,-0.03363073310785514,-0.09801407857922195,0.03150185473939815,-0.11335013713872599,0.022734981249094354,0.9982742542968086,0.1357400716863815,1.041709424443862,-0.022755605144028856,-0.07970343989942319,-0.09454639641757134,-0.6538432943878248,1750.157717150294
2025-11-25 14:30:00,6.909999847412109,6.960000038146973,6.71999979019165,6.786600112915039,1945179,1h,1H,yfinance,730d,2026-04-02T03:04:46Z,-0.035994296919184876,-0.035994296919184876,7.164184063546239,7.157900023460388,7.628040008544922,7.779307975769043,8.435689482688904,7.164184063546239,7.628040008544922,7.779307975769043,8.435689482688904,0.019264422931294566,0.2367192396333179,1678037.9,1.1591984900936982,32.76357004563816,0.32000017166137695,0.17122249112678237,0.02522949463324684,32.10386549370983,16.90224893690754,37.2222204611955,7.157900023460388,0.2367192396333179,7.631338502727024,6.684461544193752,0.13228418327020966,-0.21672297645746585,-0.20809097525031445,-0.008632001207151407,7.96999979019165,6.739999771118164,6.760000228881836,-0.08474711425095538,-0.14794727144982922,-0.019985570253845397,-0.12543815557426308,0.02294727510933707,1.0994549249545167,0.1357400716863815,0.97454039641178,-0.052704389960117504,-0.1103087942233264,-0.09574196345199537,-1.5685244305469161,1750.157717150294
2025-11-25 15:30:00,6.784999847412109,6.934999942779541,6.7835001945495605,6.914999961853027,1098972,1h,1H,yfinance,730d,2026-04-02T03:04:46Z,0.01891961317915891,0.01891961317915891,7.140452244337362,7.124150013923645,7.605540008544922,7.768807973861694,8.423689484596252,7.140452244337362,7.605540008544922,7.768807973861694,8.423689484596252,0.0196811920007136,0.22025310709655874,1684723.0,0.6523161374303076,38.48217238216638,0.15149974822998047,0.16981372377701082,0.024557299307852123,32.492378001780196,15.825150033849466,34.850227658474736,7.124150013923645,0.22025310709655874,7.564656228116762,6.683643799730527,0.12366561999176869,-0.2100833344546853,-0.20848944709118863,-0.0015938873634966655,7.769999980926514,6.71999979019165,6.71999979019165,-0.057259723804998,-0.13885427250264692,-0.0007080996372539339,-0.08893282966598026,0.023181162418457957,1.059364447069247,0.1357400716863815,0.9110472571245576,-0.03157395004820962,-0.09079434805629372,-0.09712483794036064,-0.9495895646045354,1750.157717150294
2025-11-25 16:30:00,6.920000076293945,6.945000171661377,6.855000019073486,6.895599842071533,456469,1h,1H,yfinance,730d,2026-04-02T03:04:46Z,-0.0028055126375293726,-0.0028055126375293726,7.117132967931092,7.093680000305175,7.580152006149292,7.757213969230651,8.411967484951019,7.117132967931092,7.580152006149292,7.757213969230651,8.411967484951019,0.019622180707633604,0.2072255499576697,1640704.85,0.2782151829440865,37.956880909278,0.09000015258789062,0.1641127544063594,0.02379963428345599,32.76609490021211,15.640502145562571,33.48508356317133,7.093680000305175,0.2072255499576697,7.508131100220515,6.679228900389836,0.11685080237549754,-0.20403481156379843,-0.2075985199857106,0.0035637084219121706,7.637899875640869,6.71999979019165,6.71999979019165,-0.06626951545598025,-0.1439354958632676,-0.012798896168079277,-0.08119923558652498,0.023307930176360493,1.021096000518922,0.1357400716863815,0.8608423505586001,-0.031126736968068447,-0.09030850087470876,-0.09888477104670723,-0.9558674510652976,1750.157717150294
2025-11-25 17:30:00,6.894999980926514,6.909999847412109,6.860000133514404,6.862299919128418,573040,1h,1H,yfinance,730d,2026-04-02T03:04:46Z,-0.004829155360777326,-0.004829155360777326,7.092863153759409,7.070044994354248,7.555898008346557,7.745937967300415,8.400628983974457,7.092863153759409,7.555898008346557,7.745937967300415,8.400628983974457,0.019155366876153837,0.20530193402408017,1577632.55,0.36322779978138764,37.02269712405216,0.04999971389770508,0.15596182294145552,0.02272733992676675,33.02026059161317,15.282346440831402,32.71830040046115,7.070044994354248,0.20530193402408017,7.480648862402409,6.6594411263060875,0.1161531131346537,-0.19962716142464831,-0.20600424827349817,0.0063770868488498555,7.518799781799316,6.71999979019165,6.71999979019165,-0.05931461996438392,-0.15540924072265627,-0.011195985223544924,-0.06444446033540474,0.023307930176360493,0.9750904415278113,0.1357400716863815,0.8557024590573211,-0.03250637008396062,-0.09179558650103037,-0.10055568187088837,-1.0119002347121744,1750.157717150294
2025-11-25 18:30:00,6.864999771118164,6.889999866485596,6.840000152587891,6.880000114440918,543485,1h,1H,yfinance,730d,2026-04-02T03:04:46Z,0.0025793386358938797,0.0025793386358938797,7.072590483348124,7.050294995307922,7.532498006820679,7.735287966728211,8.388303983211518,7.072590483348124,7.532498006820679,7.735287966728211,8.388303983211518,0.01915729631317887,0.20362795682124546,1518826.9,0.35783208738270306,37.8976195898622,0.04999971389770508,0.14839310086690194,0.021568764302115226,33.34785805202044,14.914542977663404,32.893555194885145,7.050294995307922,0.20362795682124546,7.457550908950413,6.643039081665432,0.11552875841749194,-0.19248693947959072,-0.2033007865147167,0.010813847035125973,7.46649980545044,6.71999979019165,6.71999979019165,-0.05037954132279432,-0.17505004849046069,-0.02272725117600638,-0.05429552931250703,0.023307930176360493,0.9253830837364884,0.1357400716863815,0.8511028245543698,-0.027230527394544568,-0.08662436973616505,-0.10202371994430137,-0.8363040297875087,1750.157717150294
2025-11-25 19:30:00,6.875,6.914999961853027,6.840000152587891,6.900000095367432,991826,1h,1H,yfinance,730d,2026-04-02T03:04:46Z,0.002906973923522793,0.002906973923522793,7.056153303540439,7.038045001029968,7.509898014068604,7.725537967681885,8.375978984832763,7.056153303540439,7.509898014068604,7.725537967681885,8.375978984832763,0.018862170518740527,0.20492744709223343,1464619.1,0.6771904039760235,38.93002310135413,0.07499980926513672,0.14315072289534728,0.02074648129229111,33.39265047466679,15.603837265430908,31.66257974079671,7.038045001029968,0.20492744709223343,7.4478998952144355,6.628190106845501,0.11646839260746066,-0.18310372506719386,-0.19926137422521215,0.01615764915801829,7.46649980545044,6.71999979019165,6.71999979019165,0.013960362883947752,-0.14867359838695482,0.016709395067581845,-0.03428969716068664,0.023307930176360493,0.890103974712123,0.1357400716863815,0.8580251296503896,-0.022130075900513302,-0.08121254344048678,-0.10340056634961237,-0.6736281919347082,1750.157717150294
2025-11-25 20:30:00,6.89709997177124,6.914999961853027,6.855000019073486,6.880000114440918,1420933,1h,1H,yfinance,730d,2026-04-02T03:04:46Z,-0.002898547920302419,-0.002898547920302419,7.039376809340484,7.025970005989075,7.486498012542724,7.716387968063355,8.364628987312317,7.039376809340484,7.486498012542724,7.716387968063355,8.364628987312317,0.018860574083034314,0.2067610345431484,1412911.95,1.0056769638051402,38.245317036646796,0.059999942779541016,0.13721138145850398,0.019943514415138065,33.43424343855268,15.116461336452168,30.673619208042265,7.025970005989075,0.2067610345431484,7.439492075075372,6.612447936902778,0.1177124493084379,-0.17526099174031184,-0.1944612977282321,0.019200305987920246,7.46649980545044,6.71999979019165,6.7835001945495605,0.008058652998219396,-0.16858000826556196,-0.0050614385546186025,-0.033911381071463076,0.023181162418457957,0.8603328019158383,0.1331254315361893,0.8842221050486399,-0.022640739260908815,-0.08101222989516488,-0.10498146135370312,-0.7059835615094827,1750.157717150294
2025-11-26 14:30:00,6.900000095367432,7.059999942779541,6.849999904632568,7.019999980926514,1492031,1h,1H,yfinance,730d,2026-04-02T03:04:46Z,0.020348817464659552,0.020348817464659552,7.037531397110582,7.012720012664795,7.467098016738891,7.70903697013855,8.354078986644744,7.037531397110582,7.467098016738891,7.70903697013855,8.354078986644744,0.018698948573213893,0.19804424304897023,1332197.35,1.1199774567934697,45.47468631658757,0.21000003814697266,0.14241057122196604,0.020286406212093808,32.03012586886011,20.79698899179274,27.44278902632437,7.012720012664795,0.19804424304897023,7.408808498762736,6.616631526566855,0.11296286901020276,-0.15595104332592324,-0.18675924684777034,0.0308082035218471,7.46649980545044,6.71999979019165,6.840000152587891,0.0137183808772674,-0.12250000238418579,0.018040510137492083,-0.03637609774003403,0.02294727510933707,0.8840442325040774,0.1304457645779803,0.8659757514984223,-0.0024911315054688687,-0.05987574219732006,-0.10617340000301956,0.03675930261662937,1750.157717150294
2025-11-26 15:30:00,7.010000228881836,7.190000057220459,6.994999885559082,7.135000228881836,852402,1h,1H,yfinance,730d,2026-04-02T03:04:46Z,0.016381801747546998,0.016381801747546998,7.046814142993559,6.998720026016235,7.448098020553589,7.70278697013855,8.345003988742828,7.046814142993559,7.448098020553589,7.70278697013855,8.345003988742828,0.018625166129817284,0.17799350343942194,1326456.45,0.6426158959082298,50.59137634113164,0.19500017166137695,0.14616697125335254,0.0204859098198318,29.790879890242124,25.168015078287393,24.82770313951118,6.998720026016235,0.17799350343942194,7.354707032895079,6.642733019137391,0.10172917492213975,-0.12987113754242063,-0.1753816249867004,0.04551048744427977,7.46649980545044,6.71999979019165,6.840000152587891,0.031084306166406783,-0.10647193646215869,0.0397389086701494,-0.037761258855248725,0.022750777986031933,0.9004487597043639,0.12834776383275986,0.7926057446134803,0.012514319818688335,-0.04203728130426532,-0.10747819526499203,0.7656470614500959,1750.157717150294
2025-11-26 16:30:00,7.135000228881836,7.170000076293945,7.074999809265137,7.105000019073486,684852,1h,1H,yfinance,730d,2026-04-02T03:04:46Z,-0.004204654358231363,-0.004204654358231363,7.052355655001171,6.987220025062561,7.429698028564453,7.696886968612671,8.335753989219665,7.052355655001171,7.429698028564453,7.696886968612671,8.335753989219665,0.018520299949122326,0.16266529059078602,1323756.25,0.5173550644236807,49.291875758079435,0.0950002670288086,0.14251220666588513,0.020058016366405182,27.711580052953995,23.969637455084946,23.645529504230286,6.987220025062561,0.16266529059078602,7.312550606244133,6.661889443880988,0.09312160773945556,-0.11035132909228018,-0.16237556580781637,0.05202423671553619,7.429999828338623,6.71999979019165,6.840000152587891,0.01717965401078758,-0.09944734852399628,0.03270347396656281,-0.03135651232138115,0.02271154318982917,0.8831639575855723,0.1265698321854816,0.7357330426336556,0.007464791432488571,-0.0437027195779186,-0.10869514165449001,0.724063465433585,1750.157717150294
2025-11-26 17:30:00,7.110000133514404,7.230000019073486,7.099999904632568,7.224999904632568,695956,1h,1H,yfinance,730d,2026-04-02T03:04:46Z,0.016889498274023973,0.016889498274023973,7.0687979644898755,6.979220008850097,7.412298021316528,7.69318696975708,8.326228988170623,7.0687979644898755,7.412298021316528,7.69318696975708,8.326228988170623,0.018870975153220376,0.1459846071764973,1325349.8,0.525111181968715,54.34363389230202,0.13000011444091797,0.1416184857926732,0.01960117476290476,26.232593182093,25.42421888083982,22.095125803974554,6.979220008850097,0.1459846071764973,7.271189223203092,6.6872507944971025,0.08366815030411971,-0.08422782642614912,-0.14674601793148292,0.0625181915053338,7.415800094604492,6.71999979019165,6.840000152587891,0.04106626009542924,-0.08195679673516199,0.04710142098162251,-0.021665581488207075,0.02271154318982917,0.8630490054802917,0.12435855129148154,0.6727977242836449,0.022097383590162556,-0.025268562616522106,-0.10976529328613827,1.6836014463176925,1750.157717150294
2025-11-26 18:30:00,7.227499961853027,7.267600059509277,7.164999961853027,7.175000190734863,669350,1h,1H,yfinance,730d,2026-04-02T03:04:46Z,-0.006920375717326399,-0.006920375717326399,7.0789124622274935,6.973220014572144,7.392498025894165,7.690186972618103,8.317078988552094,7.0789124622274935,7.392498025894165,7.690186972618103,8.317078988552094,0.01874815964381302,0.1349301561265687,1319549.6,0.5072564153708204,52.0182630581935,0.10260009765625,0.13883145806864297,0.019349331620634264,25.132968572245183,26.016651871990103,20.928777311682527,6.973220014572144,0.1349301561265687,7.2430803268252815,6.703359702319006,0.07739905285913896,-0.06678941460348575,-0.13075469726588348,0.06396528266239773,7.385000228881836,6.7835001945495605,6.849999904632568,0.01917616897916896,-0.10758703671918957,0.04287791735275537,-0.016449607169852887,0.02271154318982917,0.8519602326846467,0.12068903465010329,0.6413097352508547,0.013573798096824463,-0.029421426207684953,-0.11116654824735384,1.4954416562998953,1750.157717150294
2025-11-26 19:30:00,7.175000190734863,7.210000038146973,7.159999847412109,7.175000190734863,607196,1h,1H,yfinance,730d,2026-04-02T03:04:46Z,0.0,0.0,7.088063674466291,6.969720029830933,7.374898023605347,7.686336975097657,8.308428990840913,7.088063674466291,7.374898023605347,7.686336975097657,8.308428990840913,0.018694172486341854,0.128594106397146,1247606.65,0.4866886530301839,52.01826305819351,0.05000019073486328,0.13248636754480156,0.018464998470088166,24.06544132472023,25.31531957645511,20.634174810596075,6.969720029830933,0.128594106397146,7.226908242625225,6.712531817036641,0.07380159079374969,-0.05236570830819609,-0.11507689947434602,0.06271119116614993,7.329999923706055,6.840000152587891,6.849999904632568,0.0572304351748516,-0.12124920707207032,0.022079802026992557,-0.009661793779147443,0.02271154318982917,0.8130226253563113,0.11728162584196772,0.6292681420804515,0.012265199673889615,-0.027105165689160327,-0.11235950481910317,1.596341905980897,1750.157717150294
2025-11-26 20:30:00,7.175000190734863,7.179999828338623,7.101500034332275,7.130000114440918,1230264,1h,1H,yfinance,730d,2026-04-02T03:04:46Z,-0.0062717874700622955,-0.0062717874700622955,7.092057621130541,6.985970044136048,7.35697003364563,7.679686975479126,8.298778989315032,7.092057621130541,7.35697003364563,7.679686975479126,8.298778989315032,0.012699490193366095,0.12728012127708774,1116131.8,1.1022569198368866,49.79424752269639,0.07849979400634766,0.1286301837206263,0.018040698689485577,22.532424539342326,24.211797551155538,22.983214022690156,6.985970044136048,0.12728012127708774,7.240530286690223,6.731409801581872,0.0728775648752891,-0.04405807318509947,-0.10087313421649671,0.056815061031397246,7.267600059509277,6.840000152587891,6.994999885559082,0.031091851594208242,-0.11702782874866946,-0.000700786864824221,0.047759043982465554,0.022132255377503407,0.8151315074659431,0.1166595974914791,0.6247026943549341,0.005349997890221392,-0.030851004988019626,-0.11348765365146052,1.1315990970130994,1750.157717150294
2025-11-28 14:30:00,7.099999904632568,7.429999828338623,7.064499855041504,7.409999847412109,932892,1h,1H,yfinance,730d,2026-04-02T03:04:46Z,0.03927064915526257,0.03927064915526257,7.122337833157357,7.015220046043396,7.342870035171509,7.676336975097656,8.291278989315034,7.122337833157357,7.342870035171509,7.676336975097656,8.291278989315034,0.015029128428605652,0.15178655914911476,1053083.45,0.8858671171786054,60.974657793426054,0.36549997329711914,0.1455494544046615,0.019642301943568006,22.7825452754351,32.13771853187642,18.8607251379057,7.015220046043396,0.15178655914911476,7.318793164341626,6.711646927745166,0.08654699818559393,-0.014710994909357566,-0.08364070635506889,0.06892971144571132,7.267600059509277,6.840000152587891,7.074999809265137,0.07459829704764931,-0.07950314635512201,0.04292749155803599,0.0857142936990003,0.021157622797203166,0.9283794371343329,0.11631075287105717,0.7441014355873052,0.040388706769225236,0.009142176276994762,-0.11438632753351308,2.600887743827717,1750.157717150294
2025-11-28 15:30:00,7.409999847412109,7.53000020980835,7.380000114440918,7.474999904632568,893648,1h,1H,yfinance,730d,2026-04-02T03:04:46Z,0.008771937727253709,0.008771937727253709,7.155924697107378,7.042720031738281,7.333770036697388,7.6736869764328,8.283653988838196,7.155924697107378,7.333770036697388,7.6736869764328,8.283653988838196,0.014879199533909012,0.18012719153067533,1023142.1,0.873434882603306,63.03273824542996,0.15000009536743164,0.14586735733057365,0.019514027985495168,23.510901387719695,34.67396466921068,17.47536154400263,7.042720031738281,0.18012719153067533,7.402974414799632,6.6824656486769305,0.10230546761417494,0.013634566650868152,-0.06418565175388148,0.07782021840474963,7.429999828338623,6.840000152587891,7.064499855041504,0.08928493256266323,-0.06911579661202139,0.034602076581302654,0.07942233916954455,0.020616195556061454,0.9465387506841807,0.11584093577607282,0.8831547063115692,0.0445889554503236,0.019257471563531636,-0.11466968000120825,2.3998590619266413,1750.157717150294
2025-11-28 16:30:00,7.46999979019165,7.570000171661377,7.449999809265137,7.534999847412109,725847,1h,1H,yfinance,730d,2026-04-02T03:04:46Z,0.00802674830033867,0.00802674830033867,7.192027092374495,7.073475027084351,7.326870031356812,7.6711869764328,8.277103986740112,7.192027092374495,7.326870031356812,7.6711869764328,8.277103986740112,0.014864082947667515,0.20703301064149732,995357.55,0.7292324250717744,64.87420374325981,0.12000036239624023,0.14401971483526413,0.01911343301283909,24.373341320804872,34.5941679845787,16.435300703976903,7.073475027084351,0.20703301064149732,7.487541048367346,6.659409005801356,0.1170757003304699,0.04047356824712356,-0.04325380775368048,0.08372737600080404,7.53000020980835,6.849999904632568,7.064499855041504,0.09520344797616587,-0.06397519641247873,0.0501741668442206,0.08888855506742588,0.020386158015962802,0.9375691583413048,0.11584093577607282,1.0106591382927357,0.047687911993721244,0.028406374777301124,-0.11480270839964934,2.229233004426258,1750.157717150294
2025-12-01 14:30:00,7.329999923706055,7.389999866485596,7.139999866485596,7.144999980926514,1351259,1h,1H,yfinance,730d,2026-04-02T03:04:46Z,-0.051758443846490754,-0.051758443846490754,7.187548319855639,7.081475019454956,7.312070026397705,7.666036977767944,8.268428986072541,7.187548319855639,7.312070026397705,7.666036977767944,8.268428986072541,0.019180287761971476,0.20655040118297574,986661.9,1.3695258730472921,48.10149562858819,0.39499998092651367,0.16194687669892482,0.022665763069452758,22.801620775611834,28.56719350795042,27.244864270625712,7.081475019454956,0.20655040118297574,7.4945758218209075,6.668374217089005,0.11667083516669578,0.02992893834508692,-0.028617258533927,0.05854619687901392,7.570000171661377,6.849999904632568,7.064499855041504,0.035507229300412835,-0.1057571732662761,-0.004181213799421046,0.0229062053477167,0.020386158015962802,1.11182121965821,0.11584093577607282,1.0071641288553401,-0.005919729097554116,-0.022848529194611444,-0.11566392615643684,0.30755186679731056,1750.157717150294
2025-12-01 15:30:00,7.149700164794922,7.179999828338623,7.0,7.025000095367432,1451670,1h,1H,yfinance,730d,2026-04-02T03:04:46Z,-0.01679494553945704,-0.01679494553945704,7.172067536571048,7.085725021362305,7.292670030593872,7.659436979293823,8.259428987503052,7.172067536571048,7.292670030593872,7.659436979293823,8.259428987503052,0.01951945861704069,0.2044595762448113,1013609.3,1.4321790457131756,44.30578865893467,0.17999982833862305,0.16323637324461757,0.023236494096599686,21.782164153685127,26.317130422246198,31.22503275528568,7.085725021362305,0.2044595762448113,7.494644173851928,6.676805868872682,0.11542055365027523,0.011753765205215316,-0.020543053786098536,0.032296818991313855,7.570000171661377,6.994999885559082,7.064499855041504,0.02107557827247164,-0.1311069805538907,-0.01472651015261861,0.012247844012412967,0.020386158015962802,1.1398172268852724,0.11547465603388359,0.9995314782873873,-0.020505585098537615,-0.03670396906805373,-0.11704912753314267,-0.29700211215425665,1750.157717150294
2025-12-01 16:30:00,7.03000020980835,7.070000171661377,7.010000228881836,7.014999866485596,1115040,1h,1H,yfinance,730d,2026-04-02T03:04:46Z,-0.0014235201062033909,-0.0014235201062033909,7.157108710848624,7.084475016593933,7.272870025634766,7.652336978912354,8.25012898683548,7.157108710848624,7.272870025634766,7.652336978912354,8.25012898683548,0.019270998372485422,0.20481142333753555,986615.55,1.130166659140939,43.99422730456051,0.059999942779541016,0.15586234249711212,0.022218438412486628,20.83552586189604,25.59349447247224,30.366445368588913,7.084475016593933,0.20481142333753555,7.494097863269004,6.674852169918862,0.11563957688201693,-0.0034177279086788914,-0.017117988610614608,0.013700260701935717,7.570000171661377,7.0,7.0,-0.0007122670163109968,-0.12585667290407332,-0.05330634130369982,-0.003551149929388764,0.020386158015962802,1.0898786517346286,0.11547465603388359,1.0014281995183856,-0.019855621886478048,-0.035456450925185234,-0.11845377966333626,-0.3392152106371521,1750.157717150294
2025-12-01 17:30:00,7.014999866485596,7.059999942779541,6.980000019073486,6.999100208282471,640138,1h,1H,yfinance,730d,2026-04-02T03:04:46Z,-0.0022665229516376506,-0.0022665229516376506,7.1420602820328005,7.095100021362304,7.253752031326294,7.644077982902527,8.24022449016571,7.1420602820328005,7.253752031326294,7.644077982902527,8.24022449016571,0.017434796181970965,0.19432652517308305,921363.5,0.6947724757926703,43.470815598208745,0.07999992370605469,0.15044359829775086,0.021494705579400277,20.124917541552005,24.621379992201874,30.637409596370365,7.095100021362304,0.19432652517308305,7.48375307170847,6.706446971016138,0.10955534077771667,-0.016533625698917476,-0.017001116028275184,0.00046749032935770873,7.570000171661377,7.0,7.0,-0.019046953922896015,-0.1353798669050047,-0.06366551202966075,0.031311716003870504,0.020386158015962802,1.054377463500943,0.114191711330239,0.9593983617680089,-0.020016643392099742,-0.035106221158936135,-0.11971426992270917,-0.4940129145742115,1750.157717150294
2025-12-01 18:30:00,6.994999885559082,7.065000057220459,6.929999828338623,6.934999942779541,1328171,1h,1H,yfinance,730d,2026-04-02T03:04:46Z,-0.009158358016802759,-0.009158358016802759,7.122340249722966,7.09610002040863,7.234752025604248,7.634173984527588,8.229321491718292,7.122340249722966,7.234752025604248,7.634173984527588,8.229321491718292,0.017118985574116164,0.19344662978222274,932823.45,1.423818194107363,41.33566089976811,0.13500022888183594,0.1493405004823284,0.021534318920624657,19.746532014663973,23.031584513509763,31.050636781819247,7.09610002040863,0.19344662978222274,7.482993279973075,6.709206760844185,0.10904391382639105,-0.03173460810234108,-0.019947814443088366,-0.011786793659252712,7.570000171661377,6.980000019073486,6.980000019073486,-0.02392682277798419,-0.15064299140478388,-0.0796283897522092,0.002892260453629003,0.020386158015962802,1.0563206124353015,0.11125910489395971,0.9800897996646661,-0.02630319535081349,-0.04143225389949301,-0.12085680054120429,-0.832788236271945,1750.157717150294
2025-12-01 19:30:00,6.934999942779541,7.0,6.929999828338623,6.974999904632568,1312920,1h,1H,yfinance,730d,2026-04-02T03:04:46Z,0.005767838815150084,0.005767838815150084,7.108307835904833,7.1000700235366825,7.221700019836426,7.624023985862732,8.218318991661071,7.108307835904833,7.221700019836426,7.624023985862732,8.218318991661071,0.0171433734590819,0.19007652005350914,975646.0,1.3456930075047713,43.21016584512789,0.07000017166137695,0.14367333413797473,0.020598327756614243,19.3951740254108,22.23005648006584,29.970035669797863,7.1000700235366825,0.19007652005350914,7.480223063643701,6.719916983429664,0.10708430729466427,-0.040091681597063555,-0.023976587873883404,-0.01611509372318015,7.570000171661377,6.929999828338623,6.929999828338623,-0.03460207658130254,-0.13407825693678166,-0.02379287288282128,0.011514598349602334,0.020386158015962802,1.0104075392962866,0.10929962730205386,0.9797316783041952,-0.018753820789655706,-0.034160947495219474,-0.12126798349344803,-0.6579987831685111,1750.157717150294
2025-12-01 20:30:00,6.974999904632568,6.980000019073486,6.849999904632568,6.869999885559082,1901342,1h,1H,yfinance,730d,2026-04-02T03:04:46Z,-0.015053766381236566,-0.015053766381236566,7.08561184063381,7.100455021858215,7.205800018310547,7.614673986434936,8.206443991661072,7.08561184063381,7.205800018310547,7.614673986434936,8.206443991661072,0.01745095154916717,0.18960173402129063,1042061.1,1.8245974252373494,39.63039449598094,0.13000011444091797,0.14269667558818497,0.020770986603382204,19.530253104365727,20.783476635828986,32.02428530046047,7.100455021858215,0.18960173402129063,7.479658489900796,6.721251553815634,0.10681103306062269,-0.05455843093814039,-0.030092956486734802,-0.024465474451405587,7.570000171661377,6.929999828338623,6.929999828338623,-0.04250875220458261,-0.14407452689961964,-0.022064086505929392,0.0011220678958085983,0.020386158015962802,1.0188769549965262,0.10806411056052766,0.9884043139447013,-0.030429546512590444,-0.046601367217820155,-0.12193393074604819,-1.2154695603852168,1750.157717150294
2025-12-02 14:30:00,6.920000076293945,6.96999979019165,6.769999980926514,6.775000095367432,2040947,1h,1H,yfinance,730d,2026-04-02T03:04:46Z,-0.013828208409630727,-0.013828208409630727,7.056029769656059,7.095205020904541,7.187700023651123,7.602173991203308,8.193893992900849,7.056029769656059,7.187700023651123,7.602173991203308,8.193893992900849,0.017704094641818716,0.19694487092205315,1116934.2,1.8272759487532928,36.67032400509585,0.19999980926513672,0.1467897565651101,0.021666384427873456,20.08017060933999,18.76081147935959,32.80048845950696,7.095205020904541,0.19694487092205315,7.489094762748648,6.7013152790604344,0.11102984076812236,-0.07284936105326878,-0.0386442374000416,-0.03420512365322718,7.570000171661377,6.849999904632568,6.849999904632568,-0.055749140729494995,-0.1651262740043299,-0.03421237001938826,-0.015261630425426054,0.020386158015962802,1.0627988074510268,0.10806411056052766,1.027444173576329,-0.03982830054050723,-0.05741752256294819,-0.12279802132191209,-1.6258606991793163,1750.157717150294
2025-12-02 15:30:00,6.775000095367432,6.820000171661377,6.71999979019165,6.760000228881836,2352737,1h,1H,yfinance,730d,2026-04-02T03:04:46Z,-0.0022140024021330973,-0.0022140024021330973,7.0278364800585145,7.088205027580261,7.1678000259399415,7.585180993080139,8.180668995380401,7.0278364800585145,7.1678000259399415,7.585180993080139,8.180668995380401,0.017688391995091767,0.20603676069579407,1184979.75,1.9854659963598533,36.21043102236841,0.10000038146972656,0.14344765834401127,0.021220067083893988,20.842177078259837,17.82662887213072,33.65692713496821,7.088205027580261,0.20603676069579407,7.500278548971849,6.676131506188673,0.11627020375065528,-0.08754624025282354,-0.04842463797059799,-0.03912160228222555,7.570000171661377,6.769999980926514,6.769999980926514,-0.051893391251101595,-0.14754093629052556,-0.03416153109476738,-0.02028983544211682,0.020386158015962802,1.0409056511422219,0.10806411056052766,1.0759372667536213,-0.038110768788753635,-0.05689329997799841,-0.12381248648642595,-1.5929429175165872,1750.157717150294
2025-12-02 16:30:00,6.769999980926514,6.839399814605713,6.735000133514404,6.795000076293945,1921396,1h,1H,yfinance,730d,2026-04-02T03:04:46Z,0.00517749204542528,0.00517749204542528,7.005661584461889,7.083955025672912,7.14830002784729,7.5682809972763065,8.166918995380401,7.005661584461889,7.14830002784729,7.5682809972763065,8.166918995380401,0.017729535308612696,0.21110205380804764,1210002.9,1.587926772737487,38.15928795413412,0.1043996810913086,0.14065851711167537,0.020700296619921718,21.36478155698744,17.86668024054388,31.87257911073143,7.083955025672912,0.21110205380804764,7.506159133289008,6.661750918056817,0.11920010956760409,-0.0952712006269758,-0.05779395050187356,-0.037477250125102245,7.570000171661377,6.71999979019165,6.71999979019165,-0.08299592223783225,-0.13769035817126418,-0.020187435853025293,-0.01235465650190326,0.02054211878822302,1.0077001712106437,0.10806411056052766,1.1030499297992098,-0.030070180471631236,-0.04942433168403826,-0.12472499948992888,-1.3687926960753773,1750.157717150294
2025-12-02 17:30:00,6.795000076293945,6.809999942779541,6.739999771118164,6.760000228881836,868380,1h,1H,yfinance,730d,2026-04-02T03:04:46Z,-0.005150823696708273,-0.005150823696708273,6.982265264882836,7.070955038070679,7.127800035476684,7.552331004142761,8.15224399805069,6.982265264882836,7.127800035476684,7.552331004142761,8.15224399805069,0.017092485645428517,0.2223463527361964,1178820.35,0.7366516874263326,36.94378406975194,0.07000017166137695,0.13561149243665407,0.02006087098300075,21.85005714437736,17.207933561554047,30.697433232629805,7.070955038070679,0.2223463527361964,7.515647743543072,6.6262623325982855,0.12578009705283838,-0.10302981894014618,-0.06684112418952809,-0.03618869475061809,7.570000171661377,6.71999979019165,6.71999979019165,-0.09565213175556264,-0.14267596288447226,-0.030824326693959736,-0.03703700181639635,0.02054211878822302,0.9765726305945533,0.10806411056052766,1.1639395947499873,-0.03183279746171741,-0.051600747041755546,-0.1256640457301037,-1.3985154483634645,1750.157717150294
2025-12-02 18:30:00,6.764999866485596,6.78000020980835,6.71999979019165,6.75,945620,1h,1H,yfinance,730d,2026-04-02T03:04:46Z,-0.0014793237490008382,-0.0014793237490008382,6.960144763465423,7.051705026626587,7.1076000308990475,7.535381007194519,8.137793996334075,6.960144763465423,7.1076000308990475,7.535381007194519,8.137793996334075,0.0165813916994059,0.23240665897158957,1183481.25,0.7990156160057458,36.585200815287166,0.06000041961669922,0.13021070152094302,0.019290474299398966,22.4193801896164,16.641553059814797,30.784182311343223,7.051705026626587,0.23240665897158957,7.516518344569766,6.5868917086834085,0.1318300513671762,-0.10873211856707687,-0.07521932306503785,-0.03351279550203902,7.570000171661377,6.71999979019165,6.71999979019165,-0.10418047290096721,-0.15572231436899142,-0.01746723254120064,-0.05395938563861424,0.020329599369807497,0.9488861019095247,0.10929962730205386,1.2061345003753638,-0.03019258515548362,-0.05031234584732458,-0.12659376311308823,-1.2981772035347277,1750.157717150294
2025-12-02 19:30:00,6.744999885559082,6.760000228881836,6.679999828338623,6.684999942779541,1785856,1h,1H,yfinance,730d,2026-04-02T03:04:46Z,-0.009629638106734673,-0.009629638106734673,6.933940494828672,7.0307050228118895,7.082500028610229,7.517231006622314,8.122818994522095,6.933940494828672,7.082500028610229,7.517231006622314,8.122818994522095,0.01664914972354758,0.24526203964145532,1238531.45,1.4419141314497907,34.25767255151651,0.08000040054321289,0.12662425145110515,0.01894154862153317,23.185951256990553,15.890551068157615,31.651342575095008,7.0307050228118895,0.24526203964145532,7.5212291020948,6.540180943528979,0.13953766448495614,-0.11714580952237785,-0.08360462035650586,-0.033541189165871996,7.570000171661377,6.71999979019165,6.71999979019165,-0.0643806913050996,-0.16489695849973984,-0.013284155176533585,-0.059113311071984254,0.020329599369807497,0.9317226708197807,0.11029259077291952,1.2651590057599522,-0.035901743349945225,-0.056124261803735975,-0.128073636334066,-1.4095335769764012,1750.157717150294
2025-12-02 20:30:00,6.679999828338623,6.75,6.599999904632568,6.605000019073486,4601855,1h,1H,yfinance,730d,2026-04-02T03:04:46Z,-0.011967079190847607,-0.011967079190847607,6.9026128304710355,6.999705028533936,7.059400024414063,7.502531008720398,8.107868993282318,6.9026128304710355,7.059400024414063,7.502531008720398,8.107868993282318,0.01611320089648142,0.25761634439445646,1433826.4,3.209492446226405,31.593582435110932,0.15000009536743164,0.12829395458798562,0.01942376293981934,24.34060785166786,14.56347363029819,33.46207702489745,6.999705028533936,0.25761634439445646,7.514937717322849,6.484472339745023,0.14721554313748758,-0.12878449795083302,-0.0926405958753713,-0.036143902075461726,7.570000171661377,6.679999828338623,6.679999828338623,-0.05978648691704791,-0.16970457794846006,-0.02292902434324151,-0.08581313408205682,0.020329599369807497,0.9554424849447127,0.1132251972091988,1.3002012517186174,-0.04311596473783974,-0.06436807714098791,-0.12931498643317407,-1.5321427310376154,1750.157717150294
2025-12-03 14:30:00,6.630000114440918,6.71999979019165,6.5,6.625999927520752,1878621,1h,1H,yfinance,730d,2026-04-02T03:04:46Z,0.0031793956679218027,0.0031793956679218027,6.87626874447577,6.97225501537323,7.040120019912719,7.4878410053253175,8.09292399406433,6.87626874447577,7.040120019912719,7.4878410053253175,8.09292399406433,0.016182692474330858,0.2665690025270212,1494289.95,1.2571997824117067,33.06506929232732,0.2199997901916504,0.13484437141681882,0.020350795788081678,25.893604920157387,12.866299584680691,34.859635511173856,6.97225501537323,0.2665690025270212,7.505393020427273,6.439117010319188,0.15293129808893066,-0.1347602925078082,-0.10106453520185868,-0.03369575730594951,7.570000171661377,6.599999904632568,6.599999904632568,-0.05545259392281732,-0.15967029357202966,-0.024871250459995276,-0.07651571409336544,0.02047456177234796,0.9939551339050668,0.11553006526614608,1.3237359274109604,-0.036396020320770384,-0.058822873931217656,-0.13008944294099123,-1.2989323010929588,1750.157717150294
2025-12-03 15:30:00,6.625,6.704999923706055,6.579999923706055,6.684999942779541,2143779,1h,1H,yfinance,730d,2026-04-02T03:04:46Z,0.008904318729877403,0.008904318729877403,6.858052668123749,6.947755002975464,7.023720016479492,7.475041003227234,8.07874899148941,6.858052668123749,7.023720016479492,7.475041003227234,8.07874899148941,0.016403201714053777,0.2693125990938397,1571119.1,1.364491718037162,37.15529822176345,0.125,0.1341412020299032,0.02006599897951965,27.335673626611946,12.009905925425933,32.53934360290471,6.947755002975464,0.2693125990938397,7.4863802011631435,6.409129804787785,0.15505014150815802,-0.13319989907729823,-0.1074916079769466,-0.025708291100351638,7.570000171661377,6.5,6.5,-0.04487723509533914,-0.12357756389830932,-0.01109471650338989,-0.06829271566961959,0.02047456177234796,0.9800453461533866,0.1159548903163361,1.3371591408104162,-0.025233507778171127,-0.04822516741914895,-0.13059311238922544,-0.9756508276256635,1750.157717150294
2025-12-03 16:30:00,6.690000057220459,6.860000133514404,6.659999847412109,6.829999923706055,2109583,1h,1H,yfinance,730d,2026-04-02T03:04:46Z,0.02169034886576604,0.02169034886576604,6.855380978179206,6.932754993438721,7.013620014190674,7.464597001075744,8.066198990345,6.855380978179206,7.013620014190674,7.464597001075744,8.066198990345,0.01726730988805191,0.2670897314510819,1615085.05,1.3061745571850845,45.904292068501164,0.20000028610229492,0.13884542232078834,0.02032875898561487,26.939139092075838,18.748147705774006,29.191387127596073,6.932754993438721,0.2670897314510819,7.466934456340884,6.398575530536557,0.1541030841008287,-0.1188924709985466,-0.1097717805812666,-0.009120690417280003,7.570000171661377,6.5,6.5,-0.015140594079284475,-0.10893673089400902,0.01185184054904509,-0.042075762401076355,0.02047456177234796,0.9928788323601629,0.11647051945867554,1.3231080690380663,-0.0037023550629702306,-0.026180501668624845,-0.1304925625333856,-0.38472115410204694,1750.157717150294
2025-12-03 17:30:00,6.829999923706055,6.855000019073486,6.770100116729736,6.824999809265137,1026799,1h,1H,yfinance,730d,2026-04-02T03:04:46Z,-0.0007320811854716336,-0.0007320811854716336,6.852487533520724,6.903504991531372,7.004620008468628,7.4561469984054565,8.053475487232209,6.852487533520724,7.004620008468628,7.4561469984054565,8.053475487232209,0.014459921222519122,0.2442821902813235,1619780.4,0.6339124735674047,45.668189928945075,0.08489990234375,0.13499217089385704,0.019779073211196464,26.570928452863736,17.90592113239635,27.880016941140596,6.903504991531372,0.2442821902813235,7.39206937209402,6.414940610968725,0.1415409653971356,-0.10672691714867444,-0.10916280789474818,0.0024358907460737406,7.570000171661377,6.5,6.5,-0.02150539031087395,-0.11132812997190444,0.02094238858398345,-0.0789473751947889,0.02047456177234796,0.966031577677487,0.11687326774858284,1.211063642899228,-0.0040113497647567,-0.025643103977992965,-0.13023637812350852,-0.3213708792107461,1750.157717150294
2025-12-03 18:30:00,6.824999809265137,6.869999885559082,6.800000190734863,6.864999771118164,786024,1h,1H,yfinance,730d,2026-04-02T03:04:46Z,0.0058608004352946885,0.0058608004352946885,6.85367917519667,6.873004984855652,6.999020004272461,7.448346996307373,8.041425487995149,6.85367917519667,6.999020004272461,7.448346996307373,8.041425487995149,0.014344848475636237,0.206124595563818,1614399.2,0.4868832937974697,47.97353155250689,0.06999969482421875,0.13034985117459716,0.018987597308159257,26.069602005885326,18.041039722605348,26.810591270812484,6.873004984855652,0.206124595563818,7.2852541759832885,6.460755793728016,0.11996184843049247,-0.09278835900282179,-0.1058879181163629,0.013099559113541118,7.570000171661377,6.5,6.5,-0.0007278187080363985,-0.11476471053371695,0.039364080438132776,-0.08160537007316371,0.02047456177234796,0.9273750285489905,0.118137904949037,1.0154391046822973,0.0016517545732901429,-0.019148428361754455,-0.12962944011343136,-0.03883677110725724,1750.157717150294
2025-12-03 19:30:00,6.864999771118164,6.954999923706055,6.829999923706055,6.84499979019165,1535857,1h,1H,yfinance,730d,2026-04-02T03:04:46Z,-0.002913325796550792,-0.002913325796550792,6.852852567100954,6.838504981994629,6.993489999771118,7.441596994400024,8.029100484848023,6.852852567100954,6.993489999771118,7.441596994400024,8.029100484848023,0.01407645163131554,0.1393716375120406,1654899.7,0.9280665166595897,46.90194643864439,0.125,0.12996771894784023,0.018987249515197036,24.74511887844848,21.47314133540102,24.96874714873665,6.838504981994629,0.1393716375120406,7.11724825701871,6.559761706970548,0.08152169977443768,-0.08240585911627285,-0.1011915063163449,0.018785647200072045,7.570000171661377,6.5,6.5,0.01033205813119964,-0.11904764388745392,0.033051594486334546,-0.09157267036407957,0.02047456177234796,0.9273580419601644,0.11793547236714993,0.6912398631062333,-0.0011459135932682107,-0.021232633432567538,-0.12898213031848826,0.04660064495877224,1750.157717150294
2025-12-03 20:30:00,6.84499979019165,6.894999980926514,6.820000171661377,6.894999980926514,1609301,1h,1H,yfinance,730d,2026-04-02T03:04:46Z,0.007304629987938016,0.007304629987938016,6.856866606512912,6.826004981994629,6.985690002441406,7.430446991920471,8.015975983142853,6.856866606512912,6.985690002441406,7.430446991920471,8.015975983142853,0.009265204365895847,0.12137062399728485,1667801.8,0.9649234099639418,49.9140353506905,0.07499980926513672,0.12604143968478998,0.018280121832263328,23.59835844178417,20.560470126116904,24.47419547506299,6.826004981994629,0.12137062399728485,7.068746229989198,6.5832637340000595,0.07112249365034537,-0.0693437045697145,-0.09482194596701882,0.025478241397304313,7.389999866485596,6.5,6.579999923706055,0.019970376845239723,-0.11432239999098393,0.03141361854068436,-0.03498950324245931,0.020339777386848272,0.8987375566894493,0.11773515665912967,0.6040888352173457,0.005561341149233012,-0.012982256796851499,-0.12852907529514568,0.5684653885723471,1750.157717150294
2025-12-04 14:30:00,6.940000057220459,7.099999904632568,6.920000076293945,7.085000038146973,1684857,1h,1H,yfinance,730d,2026-04-02T03:04:46Z,0.02755620852009466,0.02755620852009466,6.87859360000187,6.829004979133606,6.979090003967285,7.423146991729737,8.003675982952117,6.87859360000187,6.979090003967285,7.423146991729737,8.003675982952117,0.01060617901234948,0.1268692144884311,1679461.15,1.0032128459774137,59.35053228802372,0.2049999237060547,0.1316813314005946,0.018585932348849334,22.979913445404627,29.3940780654931,21.752685821096136,6.829004979133606,0.1268692144884311,7.082743408110468,6.575266550156743,0.07431197656237586,-0.04316288143365998,-0.08449013306034706,0.04132725162668707,7.179999828338623,6.5,6.659999847412109,0.04267843393626514,-0.08698455809609251,0.037335302677800275,0.008540917005696258,0.02019737898256726,0.9202150618103074,0.11773515665912967,0.6311791538828635,0.030007069780230378,0.015175335770062137,-0.1280144250176053,2.0177870576845938,1750.157717150294
2025-12-04 15:30:00,7.085000038146973,7.130000114440918,7.03000020980835,7.090000152587891,1420758,1h,1H,yfinance,730d,2026-04-02T03:04:46Z,0.0007057324508110696,0.0007057324508110696,6.898727557391014,6.832754993438721,6.974190006256103,7.415996994972229,7.991625983715057,6.898727557391014,6.974190006256103,7.415996994972229,7.991625983715057,0.010597208013410249,0.13325897380623447,1694747.05,0.8383304163296817,59.5664298541529,0.09999990463256836,0.12941837234573558,0.018253648739132558,22.606924578356036,29.427533228015733,20.552113009841406,6.832754993438721,0.13325897380623447,7.09927294105119,6.566237045826252,0.07801185550144783,-0.021760086298344916,-0.07194412370794663,0.050184037409601714,7.099999904632568,6.5,6.770100116729736,0.04881655510840699,-0.10705288394294121,0.03882789021664257,0.010691416611511517,0.020063434981260203,0.9097967898409203,0.11773515665912967,0.6626045925034106,0.027725778936139367,0.016605533578508913,-0.12731276207523157,1.9304152793733613,1750.157717150294
2025-12-04 16:30:00,7.085000038146973,7.090000152587891,7.010000228881836,7.050000190734863,895344,1h,1H,yfinance,730d,2026-04-02T03:04:46Z,-0.005641743440361835,-0.005641743440361835,6.913134474852333,6.835299992561341,6.967490005493164,7.406846995353699,7.979303486347199,6.913134474852333,6.967490005493164,7.406846995353699,7.979303486347199,0.010667956697181917,0.13684923946335223,1707507.35,0.5243573329274395,56.96010824143592,0.07999992370605469,0.12588848315718695,0.017856521950542648,22.065165815002036,28.09177027220806,20.754009737883038,6.835299992561341,0.13684923946335223,7.108998471488045,6.561601513634637,0.08008382345312194,-0.007934416567517921,-0.05914218227986089,0.05120776571234297,7.130000114440918,6.5,6.800000190734863,0.044444472701461235,-0.09149484757802373,0.026948350442052016,0.007272360866066752,0.019919972097098608,0.8964130001539256,0.11773515665912967,0.6802031417428102,0.019797924715684534,0.01184216772132407,-0.12680473710334172,1.5688811937534997,1750.157717150294
2025-12-04 17:30:00,7.050000190734863,7.074999809265137,7.014999866485596,7.059899806976318,907662,1h,1H,yfinance,730d,2026-04-02T03:04:46Z,0.001404200847322734,0.001404200847322734,6.927112125530808,6.841544985771179,6.962788000106811,7.39714599609375,7.967602987289428,6.927112125530808,6.962788000106811,7.39714599609375,7.967602987289428,0.010439765628387835,0.14392346657023533,1686481.9,0.5381984828891434,57.456249871485085,0.059999942779541016,0.12118215884449796,0.017164855331905766,21.562104106173322,27.098280904642856,20.02002651756138,6.841544985771179,0.14392346657023533,7.12939191891165,6.5536980526307085,0.08414676326447472,0.003777794535069212,-0.046558186916874876,0.05033598145194409,7.130000114440918,6.5,6.820000171661377,0.05608075802628942,-0.06984194136423427,0.031395182377156994,0.01801007429377388,0.0196014180755079,0.8756945679023787,0.11773515665912967,0.7147122885995636,0.0191692698254593,0.013947258895146142,-0.126112582264149,1.5171592681071295,1750.157717150294
2025-12-04 18:30:00,7.059999942779541,7.065000057220459,6.96999979019165,6.994500160217285,773262,1h,1H,yfinance,730d,2026-04-02T03:04:46Z,-0.009263537521369325,-0.009263537521369325,6.9335300335961865,6.842519998550415,6.957778005599976,7.386540994644165,7.955300488471985,6.9335300335961865,6.957778005599976,7.386540994644165,7.955300488471985,0.010605406798998695,0.14488708389898294,1659499.0,0.46596111235981463,53.101316512616386,0.0950002670288086,0.11931202371480586,0.01705797712228509,20.62536868700538,25.55709751853954,21.57543182219873,6.842519998550415,0.14488708389898294,7.132294166348381,6.552745830752449,0.08469808429039438,0.007693910677001092,-0.035707767398099687,0.04340167807510078,7.130000114440918,6.579999923706055,6.820000171661377,0.058970498110374914,-0.0680213119839056,0.014430772960988714,0.002795735605926719,0.019357118619609155,0.8812250137789109,0.11773515665912967,0.7193950107495486,0.008793518788505983,0.0052778566070594835,-0.12539092449336353,1.0489559012232765,1750.157717150294
2025-12-04 19:30:00,6.994999885559082,7.050000190734863,6.9816999435424805,7.014999866485596,1007228,1h,1H,yfinance,730d,2026-04-02T03:04:46Z,0.002930832196545996,0.002930832196545996,6.94128906529994,6.8497699975967405,6.961978006362915,7.375440993309021,7.942475488185883,6.94128906529994,6.961978006362915,7.375440993309021,7.942475488185883,0.010020637252136038,0.14963092136061232,1614793.3,0.623750420564663,54.27132700107938,0.06830024719238281,0.11566832539177564,0.016488713840806336,19.75554294063515,24.479165625082363,20.665436230587126,6.8497699975967405,0.14963092136061232,7.149031840317965,6.550508154875516,0.08737865441503045,0.012309717149468824,-0.026104270488585987,0.038413987638054814,7.130000114440918,6.659999847412109,6.920000076293945,0.05870811095984951,-0.04362647171058742,-0.009880052404302453,0.02110625667277044,0.01913903580377911,0.8615227020762742,0.11773515665912967,0.7421628075631795,0.01061918045657273,0.007615918934851695,-0.12344985933937336,1.1042494919258647,1750.157717150294
2025-12-04 20:30:00,7.014999866485596,7.059999942779541,6.989999771118164,7.014999866485596,1624515,1h,1H,yfinance,730d,2026-04-02T03:04:46Z,0.0,0.0,6.948309141603335,6.861769986152649,6.965778007507324,7.36219199180603,7.929725489616394,6.948309141603335,6.965778007507324,7.36219199180603,7.929725489616394,0.009426577726562827,0.15274466100838488,1593971.7,1.0191617580161556,54.27132700107938,0.07000017166137695,0.11240631441103288,0.016023708702840884,19.04278022796687,24.025727326484162,19.74620464574124,6.861769986152649,0.15274466100838488,7.1672593081694185,6.55628066413588,0.089040968331279,0.015785808064941342,-0.01772625477788052,0.03351206284282186,7.130000114440918,6.770100116729736,6.96999979019165,0.04936423732695583,-0.03573886260804293,-0.010578319391843616,0.03542431996159956,0.018987423411678146,0.8439116964645956,0.11773515665912967,0.7562819030264092,0.00959812287034656,0.007066239969924837,-0.12156126758376617,1.0031766696220896,1750.157717150294
2025-12-05 14:30:00,7.0,7.260000228881836,6.960000038146973,7.144999980926514,1733730,1h,1H,yfinance,730d,2026-04-02T03:04:46Z,0.018531734414137135,0.018531734414137135,6.967041602491257,6.881019973754883,6.970178003311157,7.352591996192932,7.917250487804413,6.967041602491257,6.970178003311157,7.352591996192932,7.917250487804413,0.010050131059115678,0.16264524821252158,1563021.35,1.109217094187485,61.36092055016446,0.3000001907348633,0.1258058770055922,0.017607540565630426,19.9160114747875,31.2887912821937,16.38282261791805,6.881019973754883,0.16264524821252158,7.206310470179926,6.55572947732984,0.09454717401366192,0.028699725369331297,-0.008441058748438156,0.03714078411776946,7.130000114440918,6.800000190734863,6.96999979019165,0.04612006745814656,0.0,0.013475147180350255,0.056952624113795425,0.018964399068365105,0.9284523333513857,0.106873641790633,0.8846631632417018,0.025542890166124765,0.025081422243780294,-0.11962138698934799,1.6230416201689406,1750.157717150294
2025-12-05 15:30:00,7.144999980926514,7.184999942779541,7.00029993057251,7.014500141143799,1195398,1h,1H,yfinance,730d,2026-04-02T03:04:46Z,-0.018264498268870888,-0.018264498268870888,6.971561463315308,6.891994976997376,6.972070007324219,7.339987001419067,7.9046304893493655,6.971561463315308,6.972070007324219,7.339987001419067,7.9046304893493655,0.01102675014747453,0.16387160427081124,1526721.45,0.7829836935873273,52.55286468272398,0.18470001220703125,0.13001260094855213,0.018534834746949197,20.72686906112094,28.11380225937073,14.72039719836062,6.891994976997376,0.16387160427081124,7.219738185538998,6.564251768455754,0.0951083712729023,0.028080160820367794,-0.001136814834676966,0.02921697565504476,7.260000228881836,6.820000171661377,6.960000038146973,0.027765617168429735,-0.015024906815379935,-0.0064306388296980765,0.032303173272305585,0.018763740485191253,0.9878006339715307,0.0948277726432821,1.0029590342765482,0.006159119166407212,0.006085729743821711,-0.11797648015067508,0.7475679797701448,1750.157717150294
2025-12-05 16:30:00,7.014999866485596,7.019999980926514,6.869999885559082,6.885000228881836,1549872,1h,1H,yfinance,730d,2026-04-02T03:04:46Z,-0.018461744907862565,-0.018461744907862565,6.963317536226406,6.8982449769973755,6.970070009231567,7.328837003707886,7.890805492401123,6.963317536226406,6.970070009231567,7.328837003707886,7.890805492401123,0.01179235183288325,0.1610781047654995,1560796.05,0.9930009753676657,45.563336054757684,0.15000009536743164,0.13144027912132925,0.019090816957412927,20.049659451203905,25.822118892251122,20.601364362463194,6.8982449769973755,0.1610781047654995,7.220401186528375,6.576088767466376,0.09340236845900635,0.016944267835805604,0.002479401699419548,0.014464866136386057,7.260000228881836,6.820000171661377,6.960000038146973,0.0029133952557167664,-0.05490729264357741,-0.015655147448312867,0.01849112363427774,0.018763740485191253,1.0174313044075518,0.09397477123633413,0.9939089739746397,-0.011247125660596047,-0.012205010887560652,-0.11668460007742265,-0.08222562672202718,1750.157717150294
2025-12-05 17:30:00,6.885000228881836,6.960000038146973,6.835000038146973,6.934999942779541,1793887,1h,1H,yfinance,730d,2026-04-02T03:04:46Z,0.007262122329054099,0.007262122329054099,6.9606206225648,6.907494974136353,6.969970006942749,7.3183350038528445,7.877255489826203,6.9606206225648,6.969970006942749,7.3183350038528445,7.877255489826203,0.011854717733986461,0.15757319284386256,1603209.4,1.1189349313944892,48.415991438826154,0.125,0.13098025918409145,0.018886843585408118,19.085036865328362,24.061894608052032,21.105701101920804,6.907494974136353,0.15757319284386256,7.2226413598240775,6.592348588448628,0.09124766268168807,0.012015049451298943,0.004386531249795427,0.007628518201503515,7.260000228881836,6.869999885559082,6.869999885559082,0.013148306113442754,-0.06473365091609973,-0.011404123339796124,0.027407398930302307,0.018736387967128725,1.0080301293153917,0.09232501557034721,0.988330866970304,-0.0036808039361033718,-0.005017247438421357,-0.1151778667145239,0.17455360360973743,1750.157717150294
2025-12-05 18:30:00,6.934999942779541,6.949999809265137,6.900000095367432,6.909999847412109,924636,1h,1H,yfinance,730d,2026-04-02T03:04:46Z,-0.0036049164489844188,-0.0036049164489844188,6.955799596359782,6.918744969367981,6.96737000465393,7.3085390043258665,7.863830487728119,6.955799596359782,6.96737000465393,7.3085390043258665,7.863830487728119,0.01164472611270466,0.14909010859503932,1560148.4,0.5926590060278881,47.08731104281154,0.04999971389770508,0.12519593452077815,0.018118080649114018,18.189315892729645,23.375491758878923,20.5036282557823,6.918744969367981,0.14909010859503932,7.2169251865580595,6.620564752177902,0.0861948860697252,0.006021892973143039,0.00471360359446495,0.0013082893786780896,7.260000228881836,6.835000038146973,6.835000038146973,0.0021754701272065358,-0.057941402661837005,-0.014967928876966519,0.033657428056613536,0.018560383547899267,0.9761695173139183,0.09014431550648354,0.9561877039659336,-0.006584397424509003,-0.008234119503270243,-0.11399794088557202,-0.05865662073950881,1750.157717150294
2025-12-05 19:30:00,6.909999847412109,6.965000152587891,6.900000095367432,6.900000095367432,833607,1h,1H,yfinance,730d,2026-04-02T03:04:46Z,-0.0014471421513015947,-0.0014471421513015947,6.9504853581700345,6.933494973182678,6.969638004302978,7.29883900642395,7.850305490493774,6.9504853581700345,6.969638004302978,7.29883900642395,7.850305490493774,0.011245151163525504,0.13079018193904082,1371736.0,0.6077022109210518,46.53718268170724,0.06500005722045898,0.12089622899932678,0.017521192366431255,17.49490228887263,23.364045124162008,19.71621328435001,6.933494973182678,0.13079018193904082,7.19507533706076,6.671914609304596,0.07545411510062976,0.00046007342717047095,0.0038628975610060542,-0.0034028241338355833,7.260000228881836,6.835000038146973,6.835000038146973,-0.02611149495885201,-0.06567367887378361,-0.03428969716068664,0.044663145411364624,0.01840747828960626,0.9518518555757067,0.08820981137315473,0.855393679297596,-0.007263559334494407,-0.009991610596210676,-0.11218257522044572,-0.2560962705201972,1750.157717150294
2025-12-05 20:30:00,6.900000095367432,6.909900188446045,6.800000190734863,6.824999809265137,1896759,1h,1H,yfinance,730d,2026-04-02T03:04:46Z,-0.010869606531259235,-0.010869606531259235,6.938534353512425,6.9434449672698975,6.967838001251221,7.286689004898071,7.837080488204956,6.938534353512425,6.967838001251221,7.286689004898071,7.837080488204956,0.011598409255265753,0.11343707146984668,1372642.9,1.381829899094659,42.52430652737733,0.10989999771118164,0.12011078390731642,0.017598650148570337,16.637478306128127,21.837056918452852,24.374519090285972,6.9434449672698975,0.11343707146984668,7.170319110209591,6.716570824330204,0.0653491585255261,-0.00988564930706115,0.0011131881873926131,-0.010998837494453764,7.260000228881836,6.835000038146973,6.835000038146973,-0.03737663436100591,-0.06442772612931635,-0.027015514728860213,0.03003318501677743,0.01826688528569794,0.9634182222816717,0.08678677024237783,0.7529852573499298,-0.016362900068342956,-0.020499643068687123,-0.11091406911820945,-1.0441485880234953,1750.157717150294
2025-12-08 14:30:00,6.75,6.8958001136779785,6.699999809265137,6.71999979019165,1738230,1h,1H,yfinance,730d,2026-04-02T03:04:46Z,-0.015384618609211587,-0.015384618609211587,6.917721537958066,6.945194959640503,6.964326000213623,7.272239003181458,7.8231804871559145,6.917721537958066,6.964326000213623,7.272239003181458,7.8231804871559145,0.012028183248991934,0.10964306879207356,1352365.45,1.285325649217081,37.6318958222374,0.1958003044128418,0.12551717822913966,0.018678152105352966,16.662981737571485,19.403865557467498,27.349353726429165,6.945194959640503,0.10964306879207356,7.16448109722465,6.725908822056356,0.06314758300046273,-0.02625468545732712,-0.004360386541551334,-0.021894298915775788,7.260000228881836,6.800000190734863,6.800000190734863,-0.04680856618655138,-0.07246378242377549,-0.023965204532314544,0.005235579313641159,0.01826688528569794,1.0225143374594368,0.08544648518005979,0.7390307847934646,-0.02858191771401919,-0.0350825349092615,-0.1097832893351186,-2.0538933461987576,1750.157717150294
2025-12-08 15:30:00,6.715000152587891,6.75,6.684999942779541,6.749899864196777,1124276,1h,1H,yfinance,730d,2026-04-02T03:04:46Z,0.004449415913489796,0.004449415913489796,6.901738521409372,6.941189956665039,6.962077999114991,7.258988003730774,7.809604985713959,6.901738521409372,6.962077999114991,7.258988003730774,7.809604985713959,0.011044219619305587,0.11510463233654662,1303100.1,0.8627702507274767,39.75737627226604,0.06500005722045898,0.12119452672851962,0.0179550110619221,16.800991278676104,18.66051965281837,27.185671824697856,6.941189956665039,0.11510463233654662,7.171399221338133,6.710980691991946,0.0663313541655903,-0.03639503909650177,-0.010767317052541421,-0.025627722043960348,7.260000228881836,6.699999809265137,6.699999809265137,-0.04390996349172138,-0.008096982444053658,-0.026690710902670278,-0.01172768087906706,0.01818586469412329,0.9873058754101591,0.08442242377743456,0.7857077681216746,-0.02200005936788052,-0.03047626512446211,-0.10852366901390553,-1.6618800528284716,1750.157717150294
2025-12-08 16:30:00,6.744999885559082,6.760000228881836,6.695000171661377,6.704999923706055,632911,1h,1H,yfinance,730d,2026-04-02T03:04:46Z,-0.006651941716777743,-0.006651941716777743,6.883001512104294,6.935189962387085,6.958577995300293,7.245538001060486,7.795529983043671,6.883001512104294,6.958577995300293,7.245538001060486,7.795529983043671,0.01112473400459671,0.12380369752076764,1283405.7,0.49314959408392844,37.680686772208766,0.06500005722045898,0.11718063604937243,0.017476605127924174,16.81346581567441,18.530737144016324,26.108537359630578,6.935189962387085,0.12380369752076764,7.18279735742862,6.68758256734555,0.07140608876885292,-0.04750676396296161,-0.01811520643462546,-0.029391557528336148,7.260000228881836,6.684999942779541,6.684999942779541,-0.04138969617269084,-0.017582401305884066,-0.029667138673357574,-0.017582401305884066,0.01803654585551806,0.9689552128173933,0.08283423151945621,0.8620359899407163,-0.025861041594311684,-0.036441076289652985,-0.10736306441818089,-1.8593147320371162,1750.157717150294
2025-12-08 17:30:00,6.706299781799316,6.760000228881836,6.679999828338623,6.684999942779541,654723,1h,1H,yfinance,730d,2026-04-02T03:04:46Z,-0.002982845809707202,-0.002982845809707202,6.864144219787651,6.926189970970154,6.954277992248535,7.2320880031585695,7.781404981613159,6.864144219787651,6.954277992248535,7.2320880031585695,7.781404981613159,0.01102552107940139,0.13464685225563758,1276840.65,0.5127679793089295,36.75961534796694,0.08000040054321289,0.1145249049417896,0.017131623922523407,16.95304238251079,17.606130773378425,25.7413938147448,6.926189970970154,0.13464685225563758,7.195483675481429,6.656896266458879,0.07776099288063716,-0.05726658375887794,-0.02594548189947596,-0.031321101859401984,7.260000228881836,6.684999942779541,6.684999942779541,-0.04704204276362722,-0.03465707456245626,-0.031159441973376056,-0.026219932168956905,0.017905766506232372,0.9567657389344649,0.0808027616137798,0.9623556339858573,-0.02609855959781271,-0.0387212086961638,-0.10629532729874092,-1.7912786236747282,1750.157717150294
2025-12-08 18:30:00,6.684999942779541,6.699999809265137,6.619999885559082,6.639999866485596,893504,1h,1H,yfinance,730d,2026-04-02T03:04:46Z,-0.006731499877206448,-0.006731499877206448,6.842797138520789,6.915939974784851,6.949477987289429,7.217987999916077,7.766904981136322,6.842797138520789,6.949477987289429,7.217987999916077,7.766904981136322,0.011085268039691079,0.14761557818555054,1244723.0,0.7178336063525781,34.70408698260877,0.07999992370605469,0.11205883485352283,0.016876330889571703,17.576205321455365,16.708331275928078,28.25326609647842,6.915939974784851,0.14761557818555054,7.211171131155952,6.62070881841375,0.08537701525678311,-0.06785030525480984,-0.034326446570542735,-0.033523858684267105,7.260000228881836,6.679999828338623,6.679999828338623,-0.053456879135746704,-0.04044857243777977,-0.027106219479801075,-0.029948857558739994,0.017732031258086537,0.951742676512337,0.08211529335879833,1.0397212475845743,-0.029636604436739433,-0.04453257084487028,-0.10524488143374977,-1.8693156351858926,1750.157717150294
2025-12-08 19:30:00,6.639999866485596,6.675000190734863,6.610000133514404,6.644999980926514,1405022,1h,1H,yfinance,730d,2026-04-02T03:04:46Z,0.0007530292984123665,0.0007530292984123665,6.823959313988,6.903439974784851,6.9419779872894285,7.20453800201416,7.753054981231689,6.823959313988,6.9419779872894285,7.20453800201416,7.753054981231689,0.010917011163399477,0.15900505894314365,1234509.05,1.1381220737101927,35.13809087156588,0.06500005722045898,0.10869749359401827,0.016357786893305987,18.234687519795745,15.99465830211243,27.70358282884785,6.903439974784851,0.15900505894314365,7.221450092671138,6.585429856898563,0.09213091416680232,-0.07497030236596736,-0.04245521772962766,-0.032515084636339696,7.260000228881836,6.619999885559082,6.619999885559082,-0.06997900648491862,-0.04867575462977469,-0.011160686251003304,-0.036258158185869416,0.017603095357100383,0.9292562791638751,0.08442242377743456,1.0913085652419776,-0.02622514655013397,-0.04278002709122286,-0.1046138581379451,-1.6253570520089484,1750.157717150294
2025-12-08 20:30:00,6.644999980926514,6.670000076293945,6.565000057220459,6.599999904632568,2181838,1h,1H,yfinance,730d,2026-04-02T03:04:46Z,-0.006772020530189771,-0.006772020530189771,6.8026298464303405,6.879189968109131,6.931277980804444,7.189688000679016,7.739029982089996,6.8026298464303405,6.931277980804444,7.189688000679016,7.739029982089996,0.008627363458532844,0.16628330320281076,1259358.1,1.7325000728545756,33.01146814516581,0.10500001907348633,0.10843338827112313,0.016429301490597487,19.201316272753864,14.888357365016452,28.751712092702046,6.879189968109131,0.16628330320281076,7.2117565745147525,6.546623361703509,0.09668772281252572,-0.08328403493672276,-0.050620981171046686,-0.032663053765676076,7.260000228881836,6.610000133514404,6.610000133514404,-0.05909191363187305,-0.048991376049651536,-0.022207730867137343,-0.06845449977460438,0.017559921257500798,0.9356136197694872,0.08503754977358874,1.1370003377326299,-0.029787000964649257,-0.047794660247261755,-0.10437380435983423,-1.6790023898914417,1750.157717150294
2025-12-09 14:30:00,6.579999923706055,6.650000095367432,6.519999980926514,6.559999942779541,1655957,1h,1H,yfinance,730d,2026-04-02T03:04:46Z,-0.006060600368335001,-0.006060600368335001,6.779522236558836,6.852689957618713,6.920377979278564,7.175038003921509,7.725029983520508,6.779522236558836,6.920377979278564,7.175038003921509,7.725029983520508,0.008588308649838635,0.1726845484910041,1271118.05,1.3027562624887594,31.203673779898565,0.13000011444091797,0.10997386871182277,0.016764309401079917,20.431118630259082,13.63124823539143,29.246817868997503,6.852689957618713,0.1726845484910041,7.198059054600721,6.507320860636705,0.10079810968188692,-0.09203941741277788,-0.058904668419392923,-0.033134748993384956,7.260000228881836,6.565000057220459,6.565000057220459,-0.0472041067971144,-0.06818182126057049,-0.021625649899540633,-0.07475320146712505,0.017498898747177714,0.9580208242409384,0.08578595066325415,1.1749955430063577,-0.032380201158646926,-0.052074906540956256,-0.10416166745740474,-1.6949403834728127,1750.157717150294
2025-12-09 15:30:00,6.559999942779541,6.679999828338623,6.550000190734863,6.630000114440918,1276019,1h,1H,yfinance,730d,2026-04-02T03:04:46Z,0.010670757968286981,0.010670757968286981,6.765282034452367,6.831689953804016,6.908477983474731,7.16038800239563,7.710879983901978,6.765282034452367,6.908477983474731,7.16038800239563,7.710879983901978,0.009135646172087371,0.17295064335073848,1290151.8,0.9890456301343764,37.63968376277692,0.12999963760375977,0.11140428077553256,0.016803058650463817,21.11846190576353,14.418545480218569,26.809058426179366,6.831689953804016,0.17295064335073848,7.177591240505493,6.485788667102539,0.10126375436838224,-0.09226610603028718,-0.06557695594157179,-0.02668915008871539,7.260000228881836,6.519999980926514,6.519999980926514,-0.043979788155034893,-0.02307488224863996,-0.008227349111353144,-0.059574477295179507,0.01732073022991497,0.9701126007633863,0.08678677024237783,1.1668109561581004,-0.01999649376367796,-0.04030958334092405,-0.10406101535783507,-1.1661699283423739,1750.157717150294
2025-12-09 16:30:00,6.630000114440918,6.690000057220459,6.630000114440918,6.644999980926514,1030288,1h,1H,yfinance,730d,2026-04-02T03:04:46Z,0.0022624232619430362,0.0022624232619430362,6.753826600783238,6.810944962501526,6.897877979278564,7.145188002586365,7.697179982662201,6.753826600783238,6.897877979278564,7.145188002586365,7.697179982662201,0.009158335563510128,0.16917517789468262,1296283.1,0.7948016910812151,38.9575056172876,0.059999942779541016,0.10773254234724745,0.01621257225831117,21.60368560720796,14.507993837012206,25.74256679229628,6.810944962501526,0.16917517789468262,7.149295318290891,6.4725946067121605,0.09935489352863477,-0.09019567493084857,-0.07050069973942714,-0.019694975191421424,7.260000228881836,6.519999980926514,6.519999980926514,-0.03835019860164568,-0.03904555060245596,0.0007530292984123665,-0.058768514765580204,0.01730411452522379,0.9369200738170389,0.08820981137315473,1.1263474207912418,-0.016113327494091112,-0.036660259736647105,-0.1038434862097618,-0.9809062040905226,1750.157717150294
2025-12-09 17:30:00,6.644999980926514,6.690000057220459,6.559999942779541,6.65500020980835,1622661,1h,1H,yfinance,730d,2026-04-02T03:04:46Z,0.0015049253439487487,0.0015049253439487487,6.744414563547535,6.793969964981079,6.8874779796600345,7.13118800163269,7.683729982376098,6.744414563547535,6.8874779796600345,7.13118800163269,7.683729982376098,0.009089480866528905,0.16692334479958537,1338753.05,1.2120689472939015,39.869827468115695,0.13000011444091797,0.10932308321108107,0.016427209581444828,22.623024914708182,13.275708758089532,28.12964633528594,6.793969964981079,0.16692334479958537,7.12781665458025,6.460123275381908,0.09827735221673171,-0.08674793230759903,-0.07375014625306152,-0.01299778605453751,7.260000228881836,6.519999980926514,6.519999980926514,-0.035507229300412835,-0.034891762540400606,0.0015049253439487487,-0.048538128905895817,0.01730411452522379,0.9493239054503066,0.09014431550648354,1.0902224024282843,-0.013257541169318876,-0.03375368611532892,-0.10362831652627036,-0.8325363677536033,1750.157717150294
2025-12-09 18:30:00,6.65500020980835,6.70989990234375,6.630000114440918,6.664999961853027,985854,1h,1H,yfinance,730d,2026-04-02T03:04:46Z,0.0015025922959310822,0.0015025922959310822,6.736851268148058,6.776469969749451,6.878177976608276,7.117574005126953,7.670429983139038,6.736851268148058,6.878177976608276,7.117574005126953,7.670429983139038,0.009052513453085718,0.16107794828393368,1337684.35,0.7369855227804676,40.822268490330266,0.07989978790283203,0.10722141926049186,0.01608723478982313,23.252083378483505,13.894760306283038,26.632375686331898,6.776469969749451,0.16107794828393368,7.0986258663173185,6.454314073181584,0.09508074204002667,-0.08226042801165967,-0.07545220260478115,-0.006808225406878518,7.260000228881836,6.519999980926514,6.519999980926514,-0.023443201741178754,-0.028751287411006965,0.009848493660558288,-0.0498930735985762,0.01730411452522379,0.9296768561241984,0.0916892884242452,1.036988547670795,-0.01066541377197161,-0.03099338450971134,-0.10328651826198432,-0.6920252528914412,1750.157717150294
2025-12-09 19:30:00,6.664999961853027,6.690000057220459,6.644999980926514,6.65500020980835,741726,1h,1H,yfinance,730d,2026-04-02T03:04:46Z,-0.0015003378997615613,-0.0015003378997615613,6.729055929258562,6.758469986915588,6.8630779838562015,7.102974009513855,7.656854984760284,6.729055929258562,6.8630779838562015,7.102974009513855,7.656854984760284,0.009037567689599431,0.15334609740225413,1293544.9,0.5734056854153265,40.13759785294405,0.04500007629394531,0.10277703762002426,0.015443581424467607,23.836209094846307,13.460209882272348,25.79946386260837,6.758469986915588,0.15334609740225413,7.065162181720097,6.45177779211108,0.09075787727052578,-0.07860483731029433,-0.07608272954588378,-0.0025221077644105444,7.260000228881836,6.519999980926514,6.519999980926514,-0.009672556906649366,-0.032703473966562924,0.01448174814900316,-0.051318555029082336,0.01730411452522379,0.8924803058807702,0.0916892884242452,0.989841657954528,-0.011005365422541935,-0.030318433585820648,-0.10366880429157477,-0.6747467256099706,1750.157717150294
2025-12-09 20:30:00,6.65500020980835,6.699999809265137,6.619999885559082,6.635000228881836,1469822,1h,1H,yfinance,730d,2026-04-02T03:04:46Z,-0.0030052562428227736,-0.0030052562428227736,6.720098243508398,6.7329699993133545,6.846277990341187,7.090024013519287,7.643129985332489,6.720098243508398,6.846277990341187,7.090024013519287,7.643129985332489,0.007630257297577677,0.12710917930947582,1280349.5,1.14798498378763,38.73817563134538,0.07999992370605469,0.10115010091188358,0.015244928021491555,24.60142540766119,12.699801232198551,26.107389829030183,6.7329699993133545,0.12710917930947582,6.987188357932306,6.478751640694403,0.07551447834904272,-0.07644042897361647,-0.07615426943143032,-0.00028615954218615125,7.260000228881836,6.519999980926514,6.550000190734863,-0.017022420721290787,-0.038405777220715254,0.0007541650610272121,-0.07137855191128284,0.017003977406047553,0.8965507103102605,0.09100276997610693,0.8298041737506374,-0.012663209903034711,-0.030860237015999603,-0.10425728680795665,-0.7707529146497686,1750.157717150294
2025-12-10 14:30:00,6.599999904632568,6.650000095367432,6.254499912261963,6.28000020980835,4400036,1h,1H,yfinance,730d,2026-04-02T03:04:46Z,-0.05350414571625606,-0.05350414571625606,6.678184145060774,6.696245002746582,6.821177997589111,7.074024014472961,7.627604985237122,6.678184145060774,6.821177997589111,7.074024014472961,7.627604985237122,0.012986546991862545,0.14527263529018591,1440581.4,3.054347362807822,23.24564276567604,0.39550018310546875,0.12217510678285395,0.019454634188074724,27.26304619698608,9.76328199880446,41.439318240445665,6.696245002746582,0.14527263529018591,6.986790273326954,6.40569973216621,0.08677856633417683,-0.1021926412971963,-0.08136194380458352,-0.02083069749261278,7.184999942779541,6.519999980926514,6.559999942779541,-0.06338549123544135,-0.08720928701340958,-0.05492848339591294,-0.10471165679036964,0.017003977406047553,1.1441225616516981,0.0887682218023513,0.9775859488026629,-0.05962458156337658,-0.07933787799879088,-0.1057247968672752,-2.8652663463202983,1750.157717150294
2025-12-10 15:30:00,6.284999847412109,6.300000190734863,6.210000038146973,6.21999979019165,2178578,1h,1H,yfinance,730d,2026-04-02T03:04:46Z,-0.00955420662613804,-0.00955420662613804,6.634547539835143,6.662994980812073,6.802677993774414,7.057374010086059,7.611879985332489,6.634547539835143,6.802677993774414,7.057374010086059,7.611879985332489,0.01268108450050637,0.1719233054589037,1472016.7,1.4799954375517614,21.668324990099038,0.09000015258789062,0.119876895768928,0.019272813474682505,29.87587314644063,9.239711032811883,41.86859341007436,6.662994980812073,0.1719233054589037,7.00684159172988,6.319148369894266,0.10321082693533705,-0.12599064577885866,-0.09028768419943856,-0.0357029615794201,7.019999980926514,6.254499912261963,6.254499912261963,-0.06955873695857495,-0.11396014143995448,-0.06536444867057734,-0.09658684336720569,0.017003977406047553,1.1334297273194462,0.0887682218023513,1.1627001740008178,-0.062483198312238475,-0.08565423853900056,-0.10630777063187358,-2.576702381553008,1750.157717150294
2025-12-10 16:30:00,6.21999979019165,6.230000019073486,6.050000190734863,6.105500221252441,3941646,1h,1H,yfinance,730d,2026-04-02T03:04:46Z,-0.01840829144717404,-0.01840829144717404,6.584162080922505,6.621519994735718,6.7842879962921145,7.038479013442993,7.595732486248016,6.584162080922505,6.7842879962921145,7.038479013442993,7.595732486248016,0.012675833433568224,0.19919370941361902,1579404.65,2.4956530297666277,19.01651278372384,0.17999982833862305,0.12417139095247764,0.020337627786868862,32.73410209983151,8.282999744459794,46.73723565510596,6.621519994735718,0.19919370941361902,7.019907413562956,6.22313257590848,0.12033110800661079,-0.15233388389748992,-0.10269692413904884,-0.04963695975844108,6.965000152587891,6.210000038146973,6.210000038146973,-0.08049693614166487,-0.14428871403003907,-0.08394594805744482,-0.11961063134409156,0.017003977406047553,1.1960512120908653,0.0887682218023513,1.3555651511701616,-0.07269897882024778,-0.10005291276117079,-0.10682899791758227,-2.5905425176443644,1750.157717150294
2025-12-10 17:30:00,6.1041998863220215,6.144999980926514,6.059999942779541,6.059999942779541,1638137,1h,1H,yfinance,730d,2026-04-02T03:04:46Z,-0.007452342449275506,-0.007452342449275506,6.534241877289842,6.579019999504089,6.765187997817993,7.01902901172638,7.579557485580445,6.534241877289842,6.765187997817993,7.01902901172638,7.579557485580445,0.012663166027340361,0.2224322176365238,1615079.7,1.0142762614129817,18.07011600866217,0.08500003814697266,0.12137343718065587,0.02002862018592454,35.3881718422659,7.86866144241287,44.39931129664439,6.579019999504089,0.2224322176365238,7.023884434777137,6.134155564231041,0.13523729531346024,-0.17486682618887084,-0.11713090454901325,-0.05773592163985759,6.965000152587891,6.050000190734863,6.050000190734863,-0.08803612337488764,-0.14707953180698463,-0.08940649861315986,-0.12301011916098736,0.017003977406047553,1.177878546157163,0.09144439571866406,1.4789019518432656,-0.07257795830279223,-0.10423776179847466,-0.1074428803148113,-2.333385254346014,1750.157717150294
2025-12-10 18:30:00,6.065000057220459,6.108500003814697,6.019999980926514,6.074999809265137,2468893,1h,1H,yfinance,730d,2026-04-02T03:04:46Z,0.0024752255160445102,0.0024752255160445102,6.490504537477966,6.537769985198975,6.746705989837647,7.00022901058197,7.56413248538971,6.490504537477966,6.746705989837647,7.00022901058197,7.56413248538971,0.012769198420921661,0.23521253001048334,1696844.0,1.4549911482729114,19.492563978266944,0.0885000228881836,0.11902533615976499,0.019592648542677553,37.95214956532331,7.4507571900069705,44.44171290481681,6.537769985198975,0.23521253001048334,7.008195045219941,6.067344925178008,0.14390994516049782,-0.18933148591473348,-0.1315710208221573,-0.05776046509257618,6.965000152587891,6.050000190734863,6.050000190734863,-0.07954547014446645,-0.1591695654736366,-0.08440096462680502,-0.11956525720284972,0.017003977406047553,1.152239154099871,0.0936058281034145,1.5374036860344635,-0.0640173234320367,-0.09956061248026526,-0.10806612617255718,-1.967455457892539,1750.157717150294
2025-12-10 19:30:00,6.074999809265137,6.170000076293945,6.050000190734863,6.1255998611450195,1926480,1h,1H,yfinance,730d,2026-04-02T03:04:46Z,0.008329226908404319,0.008329226908404319,6.455751711160542,6.502799987792969,6.730517988204956,6.982635006904602,7.549710483551025,6.455751711160542,6.730517988204956,6.982635006904602,7.549710483551025,0.013104063891381596,0.24180817918721162,1698330.05,1.1343378161388595,24.269124444047108,0.11999988555908203,0.11909494683114479,0.019442168853791752,39.46257294155615,10.603054326297856,41.24318421313782,6.502799987792969,0.24180817918721162,6.986416346167392,6.019183629418546,0.1487409605961327,-0.19447010138002163,-0.14415083693373018,-0.05031926444629145,6.909900188446045,6.019999980926514,6.019999980926514,-0.06621952521701724,-0.14625788176911036,-0.024586041959390625,-0.10247618573859318,0.017003977406047553,1.1433894782097889,0.0958842324262762,1.5512556844056418,-0.051140729195759516,-0.08987690518323233,-0.10850647811341763,-1.5599146725136832,1750.157717150294
2025-12-10 20:30:00,6.119999885559082,6.184999942779541,6.034999847412109,6.070000171661377,4466499,1h,1H,yfinance,730d,2026-04-02T03:04:46Z,-0.009076611392186074,-0.009076611392186074,6.419013469303479,6.470300006866455,6.712417993545532,6.967059006690979,7.536060483455658,6.419013469303479,6.712417993545532,6.967059006690979,7.536060483455658,0.012932404441939209,0.2538147810819654,1834743.5,2.434399685841645,22.677020684851456,0.15000009536743164,0.12130245744087956,0.019983929820495988,40.91870365873175,9.666517440563348,38.48358446563659,6.470300006866455,0.2538147810819654,6.977929569030386,5.962670444702524,0.1569106723413817,-0.20071520153095168,-0.15546370985317448,-0.0452514916777772,6.8958001136779785,6.019999980926514,6.019999980926514,-0.08446454496430478,-0.15400696720543394,-0.02411569511092404,-0.09672613672979535,0.017003977406047553,1.175250316045974,0.09748253751462871,1.609628517495607,-0.054371797054349136,-0.09570587268282249,-0.10929350842105301,-1.5771336621873393,1750.157717150294
2025-12-11 14:30:00,6.0,6.059999942779541,5.869999885559082,6.034999847412109,4379996,1h,1H,yfinance,730d,2026-04-02T03:04:46Z,-0.005766115858228726,-0.005766115858228726,6.382440743409063,6.434555006027222,6.695717992782593,6.95075900554657,7.522260482311249,6.382440743409063,6.695717992782593,6.95075900554657,7.522260482311249,0.012750043415016269,0.26212543837022145,1997529.5,2.192706540754467,21.711436374315895,0.20000028610229492,0.12692373091669495,0.021031273260283773,42.78279956975428,8.578515198270523,43.43777918351546,6.434555006027222,0.26212543837022145,6.958805882767665,5.910304129286779,0.16294860367170055,-0.20611278219864815,-0.16559352432226923,-0.04051925787637892,6.760000228881836,6.019999980926514,6.019999980926514,-0.09179836497596983,-0.153576472574106,-0.011547026662111937,-0.1059126848053974,0.017003977406047553,1.2368443428302776,0.09881612287268324,1.6490082684345646,-0.05443699518177969,-0.09867771403793901,-0.10987953574225295,-1.524289901427986,1750.157717150294
2025-12-11 15:30:00,6.03000020980835,6.034999847412109,5.900000095367432,5.949999809265137,2402709,1h,1H,yfinance,730d,2026-04-02T03:04:46Z,-0.014084513719320402,-0.014084513719320402,6.3412558925382125,6.396805000305176,6.679217987060547,6.933459005355835,7.50798248052597,6.3412558925382125,6.679217987060547,6.933459005355835,7.50798248052597,0.012885846206998945,0.2745311398900082,2086019.4,1.1518152707496392,19.535886409854655,0.13499975204467773,0.12750058956869373,0.021428671202670318,44.51374577284663,7.929724122874822,40.1525902180689,6.396805000305176,0.2745311398900082,6.945867280085192,5.84774272052516,0.17166766213877765,-0.21477342215003592,-0.17542950388782258,-0.03934391826221334,6.760000228881836,5.869999885559082,5.869999885559082,-0.10593544377416564,-0.19703104834163632,-0.018151837384993486,-0.11260255377059081,0.017003977406047553,1.2602152244126776,0.10007650160526085,1.7153643401315037,-0.06170009378323127,-0.1091771790063003,-0.11038444690235405,-1.6275209843919827,1750.157717150294
2025-12-11 16:30:00,5.949999809265137,6.159999847412109,5.949999809265137,6.148499965667725,2014455,1h,1H,yfinance,730d,2026-04-02T03:04:46Z,0.03336137189340582,0.03336137189340582,6.3228981852172135,6.369980001449585,6.6669879817962645,6.917394003868103,7.494399981498718,6.3228981852172135,6.6669879817962645,6.917394003868103,7.494399981498718,0.015468714604079292,0.27125213266190107,2154006.0,0.9352132723864279,35.731728728002665,0.21000003814697266,0.1333934073242851,0.02169527658276544,44.50362738195984,13.731444574664659,35.63745731338218,6.369980001449585,0.27125213266190107,6.9124842667733875,5.827475736125783,0.17033154427497327,-0.20327649314365193,-0.18099890173898847,-0.022277591404663455,6.760000228881836,5.869999885559082,5.869999885559082,-0.07749437346458787,-0.17745818807873914,0.012098791557242583,-0.08025429793627592,0.018074572182127102,1.2003203375523677,0.10103093202513458,1.6859346030045335,-0.027582006611655996,-0.07776945414394543,-0.11040403524565945,-0.8165098412624162,1750.157717150294
2025-12-11 17:30:00,6.150000095367432,6.190000057220459,6.123700141906738,6.135000228881836,1054882,1h,1H,yfinance,730d,2026-04-02T03:04:46Z,-0.0021956146802096788,-0.0021956146802096788,6.305003141756702,6.344730019569397,6.653787984848022,6.901044006347656,7.480499982833862,6.305003141756702,6.653787984848022,6.901044006347656,7.480499982833862,0.015461028100258189,0.2684313621557206,2162074.9,0.48790261613970914,35.21263125086966,0.0662999153137207,0.1286010150378162,0.02096185985982514,44.14509930163982,14.892081585958394,34.325114637982615,6.344730019569397,0.2684313621557206,6.881592743880838,5.807867295257956,0.16923106977146898,-0.1930292885301892,-0.18340497909722864,-0.009624309432960554,6.70989990234375,5.869999885559082,5.869999885559082,-0.07813673396435383,-0.18579955499416534,0.0015346036224865856,-0.07605416381898888,0.01935749116423713,1.0828810243009217,0.10223729065185964,1.6552773326881072,-0.026963176552438517,-0.07796878366842575,-0.11051560722985976,-0.7813162702124724,1750.157717150294
2025-12-11 18:30:00,6.130000114440918,6.15500020980835,6.0945000648498535,6.15500020980835,1125953,1h,1H,yfinance,730d,2026-04-02T03:04:46Z,0.003259980469496826,0.003259980469496826,6.290717148237811,6.320230031013489,6.641687984466553,6.884744009971619,7.467399985790252,6.290717148237811,6.641687984466553,6.884744009971619,7.467399985790252,0.015507735641431757,0.2621963277783721,2148121.45,0.5241570489415298,36.68028234824185,0.060500144958496094,0.12373666717500763,0.02010343833584702,43.960321236172966,14.371983360281662,34.81193955278377,6.320230031013489,0.2621963277783721,6.844622686570233,5.795837375456745,0.1659410030911973,-0.18120564782145543,-0.182965112842074,0.001759465020618578,6.70989990234375,5.869999885559082,5.869999885559082,-0.07234363263230492,-0.1385584008062919,0.01400330078140799,-0.07373961964253362,0.019448401520933238,1.0336807533621073,0.11177096747097393,1.4846521135668878,-0.021574160025217393,-0.07327772334329152,-0.11057556885863229,-0.6301759548089632,1750.157717150294
2025-12-11 19:30:00,6.15500020980835,6.170000076293945,6.119999885559082,6.125,994842,1h,1H,yfinance,730d,2026-04-02T03:04:46Z,-0.004874120030173623,-0.004874120030173623,6.274934562691353,6.29648003578186,6.629187984466553,6.8683940076828005,7.454252984523773,6.274934562691353,6.629187984466553,6.8683940076828005,7.454252984523773,0.015494452254208374,0.2572450799688798,2088771.65,0.47628088020057147,35.38538367926947,0.05000019073486328,0.11846977600071161,0.01934200424501414,43.60060528741617,14.843100952877306,33.76248344661246,6.29648003578186,0.2572450799688798,6.810970195719619,5.781989875844101,0.16342151710606448,-0.17227026915605936,-0.18082614410487108,0.008555874948811715,6.70989990234375,5.869999885559082,5.869999885559082,-0.02468156124680765,-0.12811389083979197,0.014913033117388341,-0.07196968356001998,0.019448401520933238,0.9945292534296674,0.1277842016600355,1.2788867088659406,-0.0238942033886399,-0.0760557681646622,-0.11068379377117843,-0.666601809459698,1750.157717150294
2025-12-11 20:30:00,6.125,6.25,6.085000038146973,6.239999771118164,1923163,1h,1H,yfinance,730d,2026-04-02T03:04:46Z,0.018775472835618645,0.018775472835618645,6.271607439684383,6.2804800271987915,6.620287981033325,6.851394004821778,7.442227981090546,6.271607439684383,6.620287981033325,6.851394004821778,7.442227981090546,0.016225926711695572,0.2502126991964188,2102131.95,0.9148631226503169,43.60416645057313,0.16499996185302734,0.12179336070444845,0.019518167495481163,42.308493210962276,18.098545401393558,30.49535222385171,6.2804800271987915,0.2502126991964188,6.780905425591629,5.780054628805954,0.15935896499173696,-0.15413265148963085,-0.17548744558182305,0.02135479409219221,6.70989990234375,5.869999885559082,5.900000095367432,0.0032154311255849777,-0.11047756380866403,0.04873949094947028,-0.04878051439826525,0.019486400841777943,1.0016301960511411,0.13957362023697903,1.1417556177246446,-0.0050398034108795065,-0.05744285007006655,-0.11044273329782861,-0.16178337954321872,1750.157717150294
2025-12-12 14:30:00,6.230000019073486,6.335000038146973,6.184999942779541,6.184999942779541,1245988,1h,1H,yfinance,730d,2026-04-02T03:04:46Z,-0.008814075377564845,-0.008814075377564845,6.263359106645826,6.2582300186157225,6.611887979507446,6.8356440019607545,7.430302982330322,6.263359106645826,6.611887979507446,6.8356440019607545,7.430302982330322,0.015997391026084253,0.23761089982144917,2100630.4,0.5931495611983908,40.923176939843664,0.15000009536743164,0.1238081274660901,0.02001748239474529,40.21677750003993,21.436210127841782,27.856299916831585,6.2582300186157225,0.23761089982144917,6.7334518182586205,5.7830082189728245,0.15187099171149154,-0.1425532205188471,-0.16890060056922787,0.02634738005038076,6.70989990234375,5.869999885559082,5.949999809265137,0.013021000515301306,-0.1163149892524119,0.00593640356438585,-0.06711918008751072,0.01955540801907936,1.0236289815694517,0.14632545287831528,1.0378986616756822,-0.012510725080913998,-0.06456371282317253,-0.11014557613183651,-0.3081932516193896,1750.157717150294
2025-12-12 15:30:00,6.184999942779541,6.355000019073486,6.179999828338623,6.34499979019165,1298705,1h,1H,yfinance,730d,2026-04-02T03:04:46Z,0.025869013563839305,0.025869013563839305,6.271134409840666,6.24323000907898,6.606267976760864,6.823193998336792,7.418627979755402,6.271134409840666,6.606267976760864,6.823193998336792,7.418627979755402,0.017193257625499822,0.22165477415009258,2114051.25,0.6143204901016472,50.46483147977007,0.17500019073486328,0.12746470341385963,0.020089000414294664,38.07595741030209,20.45479402852301,25.124530892572423,6.24323000907898,0.22165477415009258,6.686539557379165,5.799920460778795,0.1420128836052873,-0.11909295804995779,-0.15893907206537386,0.03984611401541607,6.70989990234375,5.869999885559082,6.085000038146973,0.047029678234846495,-0.08507572566055699,0.034229756067684525,-0.045146755695405494,0.01978828918158677,1.0151964240035318,0.14632545287831528,0.9705275521913859,0.011778631348592139,-0.03954852989438018,-0.10950272816097217,0.45913642736951643,1750.157717150294
2025-12-12 16:30:00,6.34499979019165,6.480000019073486,6.25,6.425000190734863,1530462,1h,1H,yfinance,730d,2026-04-02T03:04:46Z,0.012608416578181902,0.012608416578181902,6.285788293735352,6.2317300081253055,6.601067981719971,6.812393999099731,7.407652981281281,6.285788293735352,6.601067981719971,6.812393999099731,7.407652981281281,0.01747945279246664,0.20536035137805747,2109441.3,0.7255295513556126,54.42816271975499,0.23000001907348633,0.1347886545324044,0.02097877829276576,35.742658760692656,24.585809893078046,22.062253981809125,6.2317300081253055,0.20536035137805747,6.642450710881421,5.8210093053691905,0.13181594909297822,-0.09297342749054405,-0.1457459431504079,0.05277251565986385,6.70989990234375,5.869999885559082,6.085000038146973,0.05761323332651491,-0.07885300665486938,0.04386677038552378,-0.034560482617942645,0.02000070610762064,1.048901882757652,0.14632545287831528,0.9008408755966524,0.022147086490051704,-0.026672621986727596,-0.10888536512165248,0.941127054529419,1750.157717150294
2025-12-12 17:30:00,6.425000190734863,6.445799827575684,6.289999961853027,6.295000076293945,1642588,1h,1H,yfinance,730d,2026-04-02T03:04:46Z,-0.020233480246177105,-0.020233480246177105,6.286665606359979,6.213230013847351,6.590367984771729,6.801993999481201,7.396052982807159,6.286665606359979,6.590367984771729,6.801993999481201,7.396052982807159,0.01792270203966989,0.18067826810653434,2142278.0,0.7667482931720346,47.74326053028545,0.15579986572265625,0.1362894553317081,0.021650429496411664,33.57602430034104,22.57828330160324,20.260785503488933,6.213230013847351,0.18067826810653434,6.5745865500604195,5.851873477634283,0.11631841583450715,-0.08182026108184015,-0.13296080673669436,0.05114054565485421,6.70989990234375,5.869999885559082,6.085000038146973,0.027654469601163356,-0.08369720798304547,0.027755114496970767,-0.0555138616169194,0.020023051290334916,1.0812752353514812,0.14632545287831528,0.7949294777255049,0.0013257377528612668,-0.044818120803009176,-0.10893445462171825,0.4525727598760228,1750.157717150294
2025-12-12 18:30:00,6.296800136566162,6.340000152587891,6.224999904632568,6.235000133514404,1119100,1h,1H,yfinance,730d,2026-04-02T03:04:46Z,-0.009531364901089079,-0.009531364901089079,6.281745085136591,6.192230010032654,6.578567991256714,6.791593999862671,7.384352984428406,6.281745085136591,6.578567991256714,6.791593999862671,7.384352984428406,0.017981430397434422,0.14989759173950745,2161146.7,0.5178269480734463,44.99637420363969,0.11500024795532227,0.13476879766196626,0.021614882883090304,31.385254995387132,21.202112607191058,22.47092530148712,6.192230010032654,0.14989759173950745,6.492025193511669,5.8924348265536395,0.09682947274028464,-0.07693592088556134,-0.12175582956646776,0.04481990868090642,6.699999809265137,5.900000095367432,6.085000038146973,0.02718285950358812,-0.07970479029546662,-0.0008012240043502317,-0.06311045275023974,0.0200588103001096,1.0775755171767192,0.14632545287831528,0.6617404616598613,-0.007441395820532604,-0.05222532596743401,-0.10912059524658069,0.2853289568259122,1750.157717150294
2025-12-12 19:30:00,6.235000133514404,6.25,6.210000038146973,6.215000152587891,885066,1h,1H,yfinance,730d,2026-04-02T03:04:46Z,-0.0032076953485549176,-0.0032076953485549176,6.275388424893857,6.171230006217956,6.565567998886109,6.7822940015792845,7.372302985191345,6.275388424893857,6.565567998886109,6.7822940015792845,7.372302985191345,0.01798143621978098,0.11068847493618349,2131908.9,0.4151518857114392,44.08585048240145,0.039999961853027344,0.1279995951041849,0.02059526821586426,29.484314451105384,20.72885011935666,22.80638980778863,6.171230006217956,0.11068847493618349,6.392606956090323,5.94985305634559,0.07174483843555131,-0.07382783606625498,-0.1121702308664252,0.038342394800170224,6.699999809265137,5.949999809265137,6.179999828338623,0.029826066234776683,-0.0806213103315373,0.004850478591090779,-0.0633006875366342,0.02009621937507084,1.0248329713902549,0.14632545287831528,0.49031003850857413,-0.009623033383306168,-0.05339489993214508,-0.10942781216747532,0.39543544524549257,1750.157717150294
2025-12-12 20:30:00,6.215000152587891,6.21999979019165,6.114999771118164,6.130000114440918,1621905,1h,1H,yfinance,730d,2026-04-02T03:04:46Z,-0.013676594699933986,-0.013676594699933986,6.261541919136435,6.163730001449585,6.551268005371094,6.772379002571106,7.359952983856201,6.261541919136435,6.551268005371094,6.772379002571106,7.359952983856201,0.014068956603205281,0.10811630659394056,1993002.35,0.813799843236512,40.348881701269015,0.10500001907348633,0.1263567682448493,0.020612849247291336,28.507747035390068,19.49847357288837,26.822996027939368,6.163730001449585,0.10811630659394056,6.379962614637465,5.947497388261704,0.07016290886752896,-0.07733201383987609,-0.10520258746111538,0.027870573621239292,6.650000095367432,6.085000038146973,6.179999828338623,0.030252153100154944,-0.09786607128571578,-0.03388489879591283,-0.023885364706382584,0.020220533061357942,1.0194018715897812,0.14632545287831528,0.4794990036755715,-0.021007893326322802,-0.06430326016044485,-0.10987637832183561,-0.3119777956839403,1750.157717150294
2025-12-15 14:30:00,6.150000095367432,6.199999809265137,5.949999809265137,5.979899883270264,2534211,1h,1H,yfinance,730d,2026-04-02T03:04:46Z,-0.024486171022583103,-0.024486171022583103,6.234718868101561,6.151725006103516,6.532966003417969,6.759328002929688,7.347027485370636,6.234718868101561,6.532966003417969,6.759328002929688,7.347027485370636,0.014870623494985661,0.11435198730014702,2010784.0,1.2603099089708294,34.74754925458116,0.25,0.13518842765593148,0.022607138964674468,28.672559370261702,16.92290527814154,31.997914445853738,6.151725006103516,0.11435198730014702,6.38042898070381,5.923021031503222,0.07435442071073803,-0.09116998337025883,-0.10239606664294408,0.011226083272685247,6.480000019073486,6.085000038146973,6.114999771118164,-0.02742133582807149,-0.1153994555027712,-0.06927631038929061,-0.03860127251129519,0.02046644800136656,1.1045951385000938,0.14632545287831528,0.5081441352009443,-0.040870966313335755,-0.08465773736742976,-0.11080147496026416,-1.5025984846441862,1750.157717150294
2025-12-15 15:30:00,5.970099925994873,6.168799877166748,5.96999979019165,6.135000228881836,1949080,1h,1H,yfinance,730d,2026-04-02T03:04:46Z,0.025936946878574174,0.025936946878574174,6.22522185484254,6.153200006484985,6.513966007232666,6.746528005599975,7.335927488803864,6.22522185484254,6.513966007232666,6.746528005599975,7.335927488803864,0.015528828242167792,0.11393573076650276,1911155.7,1.0198436474851316,43.47898891272688,0.19880008697509766,0.1397321176073005,0.022776220439158494,28.825599395499644,15.203147757836689,28.74618827366946,6.153200006484985,0.11393573076650276,6.381071468017991,5.925328544951979,0.07406600185036973,-0.08860004607752447,-0.09963686252986016,0.011036816452335688,6.480000019073486,5.949999809265137,5.949999809265137,0.0,-0.09111107720269096,-0.025416973069570803,0.004831710189233673,0.0206040587315778,1.1054239718435492,0.14632545287831528,0.5061730573420009,-0.014492917371373926,-0.0581774264603242,-0.11204602046921541,-0.15973722624772785,1750.157717150294
2025-12-15 16:30:00,6.139999866485596,6.139999866485596,5.940000057220459,6.010000228881836,1458563,1h,1H,yfinance,730d,2026-04-02T03:04:46Z,-0.02037489736537179,-0.02037489736537179,6.204724557131997,6.1507000207901,6.492366008758545,6.733278007507324,7.323627488613129,6.204724557131997,6.492366008758545,6.733278007507324,7.323627488613129,0.016098859733706262,0.11647358944570643,1902177.0,0.7667861613298868,38.95488205666327,0.19999980926513672,0.14403695272571737,0.02396621418307592,29.146681262148544,13.695287352048446,27.3828184564662,6.1507000207901,0.11647358944570643,6.383647199681513,5.917752841898687,0.07574655831174461,-0.09554838528034004,-0.09881916707995614,0.003270781799616096,6.480000019073486,5.949999809265137,5.949999809265137,-0.023558078957568118,-0.10097228416984072,-0.036086591790615685,-0.008250777948814902,0.02078735455355824,1.1529227599080685,0.14632545287831528,0.5176581163547513,-0.03138323489740347,-0.07429737929530955,-0.11350406354597364,-1.207997388745802,1750.157717150294
2025-12-15 17:30:00,6.010000228881836,6.054999828338623,5.989999771118164,6.014999866485596,1243154,1h,1H,yfinance,730d,2026-04-02T03:04:46Z,0.0008318864248513247,0.0008318864248513247,6.186655538975197,6.147700023651123,6.47166600227356,6.7195780038833615,7.311027488708496,6.186655538975197,6.47166600227356,6.7195780038833615,7.311027488708496,0.016088751251199712,0.11912723260531229,1840890.05,0.6753005156391605,39.227262182339125,0.06500005722045898,0.1383914601896275,0.02300772456550127,29.444828709751096,13.23582750825564,26.464158981334208,6.147700023651123,0.11912723260531229,6.385954488861747,5.909445558440499,0.07751011412203705,-0.09950453880383758,-0.09895624142473243,-0.0005482973791051532,6.480000019073486,5.940000057220459,5.940000057220459,-0.01795920547173946,-0.08932629082272925,-0.03218025441544292,-0.009876534100961343,0.02097031907629545,1.09715662798421,0.14537692210071002,0.5331665645551489,-0.027746117657301395,-0.07056392212260842,-0.1148075954756409,-1.1139363709151586,1750.157717150294
2025-12-15 18:30:00,6.014999866485596,6.059999942779541,6.000100135803223,6.034999847412109,681198,1h,1H,yfinance,730d,2026-04-02T03:04:46Z,0.0033250176841981283,0.0033250176841981283,6.172212139778712,6.143170022964478,6.451168003082276,6.7069780015945435,7.29900249004364,6.172212139778712,6.451168003082276,6.7069780015945435,7.29900249004364,0.01599016633714676,0.1215788726261868,1778625.95,0.3829911511186487,40.37340885819887,0.05989980697631836,0.132784913531534,0.02200247172971744,29.65547702871853,13.078316031861782,25.611438392713126,6.143170022964478,0.1215788726261868,6.3863277682168516,5.900012277712104,0.0791636058723422,-0.09987469435313656,-0.09913993201041327,-0.0007347623427232941,6.480000019073486,5.940000057220459,5.940000057220459,-0.03285255308099477,-0.08919409697756775,-0.015497596289600235,-0.014790390457527391,0.021005025776524765,1.04748606185037,0.13691441634913276,0.578197738289841,-0.02223065073902697,-0.06451051274301445,-0.11615758291874423,-0.8897119476091425,1750.157717150294
2025-12-15 19:30:00,6.034999847412109,6.065000057220459,5.989999771118164,5.994999885559082,979189,1h,1H,yfinance,730d,2026-04-02T03:04:46Z,-0.006627997160626231,-0.006627997160626231,6.155334782233986,6.139420008659362,6.431177997589112,6.694478001594543,7.286702489852905,6.155334782233986,6.431177997589112,6.694478001594543,7.286702489852905,0.015934206735326705,0.12488950230390362,1604260.45,0.6103678489362497,38.79743471634159,0.07500028610229492,0.1286574401437312,0.021460791092531083,29.92302194519623,12.53374842269633,25.105760714608394,6.139420008659362,0.12488950230390362,6.38919901326717,5.889641004051555,0.0813689254866115,-0.10221740925492995,-0.0997554274593166,-0.002461981795613341,6.480000019073486,5.940000057220459,5.940000057220459,-0.030719492154930084,-0.10321616501518849,0.002525126270267908,-0.012355895219318791,0.021229972231477046,1.0108723110203512,0.12406718246374268,0.6558456786942083,-0.026048119614496823,-0.06782242882929723,-0.1174090054390382,-1.1563832062429984,1750.157717150294
2025-12-15 20:30:00,5.994999885559082,6.019999980926514,5.90500020980835,5.914999961853027,2527328,1h,1H,yfinance,730d,2026-04-02T03:04:46Z,-0.01334444123990075,-0.01334444123990075,6.132445751721514,6.133420014381409,6.40917799949646,6.685578002929687,7.2742524909973145,6.132445751721514,6.40917799949646,6.685578002929687,7.2742524909973145,0.01614377182788345,0.1324176242841714,1511627.05,1.6719256247762964,35.78850589434232,0.11499977111816406,0.1276818923561907,0.021586118880749922,30.737344366977695,11.727403969269307,28.245706678014415,6.133420014381409,0.1324176242841714,6.3982552629497516,5.8685847658130665,0.08635809970534121,-0.10926975918297277,-0.10165829380404784,-0.007611465378924931,6.480000019073486,5.940000057220459,5.940000057220459,-0.06776987274346857,-0.13396778507671425,-0.035859862888530936,-0.019883991481878804,0.0214447311476007,1.0065931222068523,0.10657394428739589,0.8103115661409791,-0.03545824923236296,-0.0771047453639544,-0.11892280238711517,-1.649478713344434,1750.157717150294
2025-12-16 14:30:00,5.929999828338623,6.019899845123291,5.909999847412109,5.929999828338623,1524800,1h,1H,yfinance,730d,2026-04-02T03:04:46Z,0.002535903057029998,0.002535903057029998,6.11316518758981,6.132420015335083,6.38747799873352,6.676628003120422,7.262152488231659,6.11316518758981,6.38747799873352,6.676628003120422,7.262152488231659,0.015867781796145175,0.1338666024264851,1467731.6,1.0388820408308985,36.77855295620275,0.10989999771118164,0.12641175702440435,0.021317328951731263,31.493500901489053,10.999147979411394,26.49168633984444,6.132420015335083,0.1338666024264851,6.400153220188053,5.864686810482113,0.08731730839813999,-0.11235329460144339,-0.10379729396352695,-0.008556000637916436,6.480000019073486,5.90500020980835,5.90500020980835,-0.07704285567338232,-0.1311355320056603,-0.013311214225710133,-0.0033613414399392694,0.021389060022131173,0.9966463663982573,0.09207339056921232,0.9483446613438532,-0.02996244230779599,-0.07162109528762428,-0.12044287019799593,-1.5121037161425106,1750.157717150294
2025-12-16 15:30:00,5.925000190734863,6.070000171661377,5.9145002365112305,5.965000152587891,2545062,1h,1H,yfinance,730d,2026-04-02T03:04:46Z,0.005902247093162893,0.005902247093162893,6.099054231875342,6.123245024681092,6.363878002166748,6.667028002738952,7.251092989444732,6.099054231875342,6.363878002166748,6.667028002738952,7.251092989444732,0.01399556536882821,0.13865290863768104,1494261.95,1.7032234542276876,39.13668450265399,0.15549993515014648,0.12848948403338595,0.021540566763882028,31.436513357079285,12.833464772575065,24.20164039403133,6.123245024681092,0.13865290863768104,6.400550841956454,5.8459392074057295,0.09057479037916001,-0.11069674184558664,-0.10517718353993889,-0.005519558305647751,6.480000019073486,5.90500020980835,5.90500020980835,-0.052422544830267204,-0.1310997303039505,-0.008312504573157797,-0.029844647329343554,0.021389060022131173,1.0070833754075257,0.08894604938865,1.0183115607911175,-0.021979486358204126,-0.06267842492314424,-0.12235603495493508,-1.1413022175158003,1750.157717150294
2025-12-16 16:30:00,5.965000152587891,5.96999979019165,5.71999979019165,5.755000114440918,3620652,1h,1H,yfinance,730d,2026-04-02T03:04:46Z,-0.03520537012155234,-0.03520537012155234,6.066287173072063,6.104245018959046,6.338688001632691,6.655379004478455,7.239442989826203,6.066287173072063,6.338688001632691,6.655379004478455,7.239442989826203,0.015817938174858066,0.16011538124381045,1622550.45,2.2314572714826832,31.536148261399262,0.25,0.1371688066024298,0.02383471831012385,32.56772146710258,11.162756836329715,31.17929643767838,6.104245018959046,0.16011538124381045,6.424475781446667,5.7840142564714245,0.10492067782109765,-0.12488951134094872,-0.10911964910014087,-0.015769862240807855,6.480000019073486,5.90500020980835,5.90500020980835,-0.07698476484280858,-0.1592402789131735,-0.04639598012438384,-0.06193970664450599,0.021500678928206556,1.1085565432473525,0.08894604938865,1.1795990776683793,-0.05131426352727453,-0.09208339123828613,-0.12442324491806467,-2.1812077128700484,1750.157717150294
2025-12-16 17:30:00,5.755000114440918,5.789999961853027,5.730000019073486,5.7846999168396,1507278,1h,1H,yfinance,730d,2026-04-02T03:04:46Z,0.005160695361961176,0.005160695361961176,6.039469339145162,6.085730004310608,6.316681995391845,6.643376002311706,7.228041491508484,6.039469339145162,6.316681995391845,6.643376002311706,7.228041491508484,0.01586131357432523,0.17398499558277317,1641616.7,0.9181668290777013,33.503041793394004,0.059999942779541016,0.1316567449007949,0.022759477033118765,33.6181289978385,10.79938509374779,30.164343281826728,6.085730004310608,0.17398499558277317,6.433699995476154,5.737760013145062,0.11435603975827847,-0.1322167452403722,-0.11373906832818714,-0.018477676912185048,6.480000019073486,5.71999979019165,5.71999979019165,-0.06923575626448153,-0.161029741429777,-0.035079228145785124,-0.0601625150846713,0.021563342822315975,1.0554707227288018,0.08894604938865,1.2856786843741588,-0.04218407412953651,-0.0842185943411965,-0.12608664424343785,-1.7302071736858102,1750.157717150294
2025-12-16 18:30:00,5.784999847412109,5.880000114440918,5.75,5.755000114440918,1496287,1h,1H,yfinance,730d,2026-04-02T03:04:46Z,-0.0051341993233259275,-0.0051341993233259275,6.012377032030472,6.067230010032654,6.293081998825073,6.631526002883911,7.216533989906311,6.012377032030472,6.293081998825073,6.631526002883911,7.216533989906311,0.01586297461633485,0.18793758345323502,1666688.95,0.8977601969461668,32.49760322912417,0.13000011444091797,0.13153841415366083,0.022856370380183635,33.3967590677072,14.924249632687012,28.034944644117893,6.067230010032654,0.18793758345323502,6.443105176939124,5.6913548431261844,0.12390338466975204,-0.13881992703109347,-0.11875524006876842,-0.02006468696232505,6.480000019073486,5.71999979019165,5.71999979019165,-0.06117455024455598,-0.18772052456529076,-0.027049847581399722,-0.060408144581074574,0.021600500881920115,1.0581407581763393,0.08894604938865,1.3930172899344395,-0.04280784724883335,-0.08550371415541957,-0.1279633675075681,-1.6613488896404223,1750.157717150294
2025-12-16 19:30:00,5.755000114440918,5.809899806976318,5.71999979019165,5.795000076293945,2382106,1h,1H,yfinance,730d,2026-04-02T03:04:46Z,0.006950471078646325,0.006950471078646325,5.99167446481747,6.0449800252914425,6.27078200340271,6.6190760040283205,7.205258989334107,5.99167446481747,6.27078200340271,6.6190760040283205,7.205258989334107,0.015249416644583097,0.19245378867964427,1689636.1,1.4098337505928051,35.31324479101946,0.08990001678466797,0.1285642429130185,0.02218537380852611,33.38592869313359,14.178824476206584,28.30144786455513,6.0449800252914425,0.19245378867964427,6.429887602650731,5.660072447932154,0.12734784093541524,-0.13922048643975238,-0.12284828934296523,-0.016372197096787153,6.480000019073486,5.71999979019165,5.71999979019165,-0.030920217827326124,-0.1826516288326543,-0.022765557496230104,-0.0713140562735114,0.021632656189750986,1.0255501503803766,0.08894604938865,1.4317425204459449,-0.03282461183069563,-0.07587282205801305,-0.12969373999112266,-1.2989089521828543,1750.157717150294
2025-12-16 20:30:00,5.795000076293945,5.940000057220459,5.789999961853027,5.925000190734863,2085006,1h,1H,yfinance,730d,2026-04-02T03:04:46Z,0.022433151463227663,0.022433151463227663,5.9853245339524594,6.031980037689209,6.251282005310059,6.6104600048065185,7.194883990287781,5.9853245339524594,6.251282005310059,6.6104600048065185,7.194883990287781,0.016203548618290067,0.1913346290398926,1731587.0,1.2041012088910346,43.55388695266039,0.15000009536743164,0.13009537523119086,0.021957024648644855,31.901942507972674,20.15422081328654,25.970619494997386,6.031980037689209,0.1913346290398926,6.414649295768994,5.649310779609424,0.12688014737740472,-0.12757737728669394,-0.12379410693171097,-0.003783270354982965,6.480000019073486,5.71999979019165,5.71999979019165,-0.03422983379174982,-0.15957446376788464,-0.006705777171803318,-0.04203714704123884,0.02180372707252826,1.0070307968727852,0.08894604938865,1.4264843492148995,-0.010078708827800265,-0.0521943841756044,-0.13114902008864493,-0.5591243335885674,1750.157717150294
2025-12-17 14:30:00,5.920000076293945,6.09499979019165,5.900000095367432,5.965000152587891,1274853,1h,1H,yfinance,730d,2026-04-02T03:04:46Z,0.006751048196686371,0.006751048196686371,5.983388878584405,6.012980055809021,6.234082012176514,6.600960006713867,7.184883990287781,5.983388878584405,6.234082012176514,6.600960006713867,7.184883990287781,0.015053588623389787,0.17768845752034781,1730394.4,0.7367412885755987,45.84013722563767,0.19499969482421875,0.1347313980592643,0.022586989876406227,30.055818636534596,26.288068578844438,23.28577343998483,6.012980055809021,0.17768845752034781,6.3683569708497165,5.657603140768326,0.11820325753363267,-0.1138105298276546,-0.1217973915108997,0.007986861683245097,6.480000019073486,5.71999979019165,5.71999979019165,-0.007487533208017427,-0.15508713782403694,0.03649001459096812,-0.059889621776060276,0.021979748189181147,1.0276273268464458,0.08894604938865,1.3289320700140737,-0.0030732961486643617,-0.043163028504124235,-0.1323336576340718,-0.27002262212578537,1750.157717150294
2025-12-17 15:30:00,5.960000038146973,5.989999771118164,5.889999866485596,5.934999942779541,1119218,1h,1H,yfinance,730d,2026-04-02T03:04:46Z,-0.005029372848437297,-0.005029372848437297,5.978780408507752,5.988480043411255,6.218382015228271,6.591354007720947,7.1742839884758,5.978780408507752,6.218382015228271,6.591354007720947,7.1742839884758,0.014625720358650259,0.15096010284395867,1709832.2,0.6545776831200161,44.38800956435871,0.09999990463256836,0.1322505771002146,0.022283164005942286,28.25530660562387,24.868250658467613,22.568222028846048,5.988480043411255,0.15096010284395867,6.290400249099172,5.686559837723338,0.10083366847656143,-0.10412073126380061,-0.11826205946147988,0.01414132819767927,6.480000019073486,5.71999979019165,5.71999979019165,-0.013300070736792291,-0.15147618745709357,0.02598233756299262,-0.07626462776793752,0.022093922769121775,1.0085653072475202,0.08894604938865,1.1336497705026611,-0.0073226415316929305,-0.045571673106404864,-0.1332400522174776,-0.3542664559986042,1750.157717150294
2025-12-17 16:30:00,5.929999828338623,5.940000057220459,5.880000114440918,5.914999961853027,849966,1h,1H,yfinance,730d,2026-04-02T03:04:46Z,-0.003369836751362598,-0.003369836751362598,5.972706080254921,5.969480037689209,6.201684017181396,6.581881008148193,7.163909487724304,5.972706080254921,6.201684017181396,6.581881008148193,7.163909487724304,0.014134828911438531,0.13416479428147504,1670201.1,0.5089003952877291,43.40093947341546,0.059999942779541016,0.12708981750588078,0.02148602169492941,26.492687787435663,24.02964598062331,22.36919696539741,5.969480037689209,0.13416479428147504,6.237809626252159,5.701150449126259,0.08990048944591851,-0.09693788777613044,-0.11399722512441,0.017059337348279566,6.445799827575684,5.71999979019165,5.71999979019165,-0.019883991481878804,-0.15680683187006972,0.027801884314584857,-0.06036538678878545,0.022093922769121775,0.9724855979381823,0.08860889892202925,1.0145763071159002,-0.009661637058060335,-0.04622680783705324,-0.13431569343411254,-0.40606834399405506,1750.157717150294
2025-12-17 17:30:00,5.914400100708008,5.939799785614014,5.832467079162598,5.889999866485596,733321,1h,1H,yfinance,730d,2026-04-02T03:04:46Z,-0.004226558838319905,-0.004226558838319905,5.964829297991176,5.952230024337768,6.185384016036988,6.57198100566864,7.153634486198425,5.964829297991176,6.185384016036988,6.57198100566864,7.153634486198425,0.014059501447434864,0.12038869498562656,1650912.15,0.4441914126078726,42.139494218090285,0.10733270645141602,0.12567859528770473,0.021337622773613705,24.776701479847002,22.563794063297767,23.70614304656472,5.952230024337768,0.12038869498562656,6.1930074143090215,5.711452634366515,0.08090325440608,-0.09219990817520163,-0.10963776173456834,0.01743785355936671,6.340000152587891,5.71999979019165,5.71999979019165,-0.017514599012155685,-0.16037063740724022,0.016393406202059202,-0.055332840359434976,0.022093922769121775,0.9657688676016797,0.0868377040517406,0.9316604496806516,-0.01254510863048186,-0.04775518363702924,-0.1353508446691667,-0.5169103117165815,1750.157717150294
2025-12-17 18:30:00,5.894999980926514,5.989999771118164,5.885000228881836,5.954999923706055,1170574,1h,1H,yfinance,730d,2026-04-02T03:04:46Z,0.011035663615259539,0.011035663615259539,5.963893167106878,5.939230012893677,6.170784015655517,6.562531003952026,7.144034485816956,5.963893167106878,6.170784015655517,6.562531003952026,7.144034485816956,0.0143751131404374,0.10427086930150642,1665187.55,0.7029682632445816,46.49390401410919,0.10499954223632812,0.12420152006974926,0.020856678700417727,23.286354464980768,24.0882811003815,22.274636430381392,5.939230012893677,0.10427086930150642,6.147771751496689,5.730688274290664,0.07022517671492179,-0.08225191494121642,-0.10416059237589796,0.021908677434681542,6.25,5.71999979019165,5.789999961853027,0.006762461895349903,-0.16655004344256807,0.005063245908093483,-0.04183430772299712,0.022093922769121775,0.9440007063646838,0.0868377040517406,0.8086945351880728,-0.001491180869884312,-0.034968667093518424,-0.13623261087185845,0.15123985172482182,1750.157717150294
2025-12-17 19:30:00,5.954999923706055,6.025000095367432,5.940000057220459,5.996747970581055,1165310,1h,1H,yfinance,730d,2026-04-02T03:04:46Z,0.007010587306442551,0.007010587306442551,5.9670221960091805,5.932567405700683,6.157918977737427,6.553698482513428,7.135043225288391,5.9670221960091805,6.157918977737427,6.553698482513428,7.135043225288391,0.014243585049956355,0.09577984151632722,1642357.8,0.7095347919923417,49.141303061952286,0.08500003814697266,0.12140141421812237,0.02024454167720495,22.209029426343577,24.942900241267036,21.1606549697356,5.932567405700683,0.09577984151632722,6.124127088733338,5.741007722668029,0.06457901610981512,-0.07019023086255238,-0.09736652007322885,0.02717628921067647,6.21999979019165,5.71999979019165,5.832467079162598,0.011256010822032758,-0.14509261530883477,0.005322349904616663,-0.02173770658600005,0.022093922769121775,0.9162945796795533,0.0868377040517406,0.7436748451034234,0.00498167655413706,-0.02617296650687506,-0.13694720784420622,0.6700842668384522,1750.157717150294
2025-12-17 20:30:00,5.99970006942749,6.050000190734863,5.931000232696533,5.945000171661377,1944530,1h,1H,yfinance,730d,2026-04-02T03:04:46Z,-0.00862931028176317,-0.00862931028176317,5.964924860357009,5.930822420120239,6.143918981552124,6.542948484420776,7.125992727279663,5.964924860357009,6.143918981552124,6.542948484420776,7.125992727279663,0.013325745530125117,0.09521787425712,1612873.75,1.2056306328998163,46.09672825734869,0.11899995803833008,0.1212298816338515,0.020391905489209237,21.42646000709732,24.66704030416014,19.67698195616319,5.930822420120239,0.09521787425712,6.121258168634479,5.740386671605999,0.06421900202851766,-0.06406833435163506,-0.0907068829289101,0.026638548577275045,6.199999809265137,5.71999979019165,5.832467079162598,-0.003352888585901659,-0.13652868932048245,0.0016849585473042161,-0.005836169884135378,0.021979748189181147,0.9277588311610651,0.0868377040517406,0.7395290182966374,-0.0033403084132797023,-0.03237653531695739,-0.1378157097982956,0.14889800525112773,1750.157717150294
2025-12-18 14:30:00,5.994999885559082,6.329999923706055,5.889999866485596,6.270100116729736,2319403,1h,1H,yfinance,730d,2026-04-02T03:04:46Z,0.05468459809606818,0.05468459809606818,5.993989170487745,5.937577414512634,6.137320985794068,6.534299483299256,7.118543226718902,5.993989170487745,6.137320985794068,6.534299483299256,7.118543226718902,0.01708736983522227,0.11265812229973225,1631389.9,1.4217343137897325,62.017735297698756,0.440000057220459,0.14399917989003774,0.022966009666388332,22.513064736359173,33.172284255114235,15.382377543808124,5.937577414512634,0.11265812229973225,6.162893659112099,5.71226116991317,0.07589500864401239,-0.03260795446610043,-0.07908709723634817,0.04647914277024774,6.168799877166748,5.71999979019165,5.832467079162598,0.08950477707138305,-0.09587596705636214,0.06003383891239533,0.022021170791793665,0.021979748189181147,1.0448713728982866,0.0868377040517406,0.8739868179701271,0.04606463882208245,0.02163470531246614,-0.13784031502989158,2.951608773776736,1750.157717150294
2025-12-18 15:30:00,6.275000095367432,6.320000171661377,6.110000133514404,6.114999771118164,2108871,1h,1H,yfinance,730d,2026-04-02T03:04:46Z,-0.024736502244635195,-0.024736502244635195,6.0055139895954035,5.9428273916244505,6.12842098236084,6.524399480819702,7.110643224716187,6.0055139895954035,6.12842098236084,6.524399480819702,7.110643224716187,0.01738697099509965,0.1182200139127977,1663905.3,1.267422490931425,53.84640649114589,0.21000003814697266,0.14871352690839024,0.02431946565407591,23.522054842102325,29.82635894113433,13.830832705436352,5.9428273916244505,0.1182200139127977,6.179267419450046,5.706387363798855,0.0795715615630442,-0.01996058520894195,-0.06726179483086693,0.04730120962192498,6.329999923706055,5.71999979019165,5.832467079162598,0.057098874449311054,-0.11505066481176318,0.038200324233083505,0.017470805031211123,0.021979748189181147,1.1064487838876342,0.0868377040517406,0.9163250276128097,0.018230876110262306,-0.002189994989134303,-0.13813409157433165,1.4563725192987425,1750.157717150294
2025-12-18 16:30:00,6.117499828338623,6.130000114440918,6.010000228881836,6.025000095367432,1058608,1h,1H,yfinance,730d,2026-04-02T03:04:46Z,-0.014717854312245593,-0.014717854312245593,6.007369809192739,5.943327403068542,6.11632098197937,6.512399482727051,7.102793226242065,6.007369809192739,6.11632098197937,6.512399482727051,7.102793226242065,0.01772224894432471,0.11854491146287265,1654678.0,0.6397667703323547,49.75017703307613,0.11999988555908203,0.14666255252629679,0.02434233198420433,23.425100197583227,28.083212807408426,17.892777225480195,5.943327403068542,0.11854491146287265,6.1804172259942876,5.706237580142797,0.07978353095719945,-0.01700366792821928,-0.057210169450337404,0.040206501522118125,6.329999923706055,5.789999961853027,5.885000228881836,0.0469157212089375,-0.12681159245018903,0.011754856852762563,0.0016625484794363654,0.021979748189181147,1.1074891201977506,0.0868377040517406,0.9187660110136254,0.0029347762389646537,-0.014930689033652467,-0.13888511362235112,0.6889599164656576,1750.157717150294
2025-12-18 17:30:00,6.025000095367432,6.175000190734863,6.025000095367432,6.114999771118164,1150942,1h,1H,yfinance,730d,2026-04-02T03:04:46Z,0.0149377052823505,0.0149377052823505,6.017620281757066,5.947327399253846,6.1057209777832036,6.5017994785308835,7.095993225574493,6.017620281757066,6.1057209777832036,6.5017994785308835,7.095993225574493,0.018001891378627455,0.12284247762581937,1678165.2,0.6858335520245563,53.55513561378957,0.15000009536743164,0.1469009484435207,0.02402305052198865,23.606543969364747,28.22301693738552,16.587758766906816,5.947327399253846,0.12284247762581937,6.193012354505484,5.701642444002207,0.08262028933616879,-0.007313759538099873,-0.0472308874678899,0.039917127929790026,6.329999923706055,5.832467079162598,5.889999866485596,0.05521996386734607,-0.10402931252585923,0.019719321391732825,0.013255994321252462,0.022071199228585484,1.088434310849554,0.0868377040517406,0.9514333691611774,0.016182391842887167,0.0015196883985892917,-0.13955371944582384,1.364938049972029,1750.157717150294
2025-12-18 18:30:00,6.119999885559082,6.139999866485596,6.059999942779541,6.070000171661377,715090,1h,1H,yfinance,730d,2026-04-02T03:04:46Z,-0.007358888166983268,-0.007358888166983268,6.0226088427003335,5.95107741355896,6.094020977020263,6.490749478340149,7.088543226718903,6.0226088427003335,6.094020977020263,6.490749478340149,7.088543226718903,0.0180177069685551,0.12535951842178855,1664960.25,0.42949373716279415,51.457098909186264,0.07999992370605469,0.14212230381941598,0.023413887940717585,23.7750274717333,27.08826029214405,15.92081839224134,5.95107741355896,0.12535951842178855,6.201796450402537,5.700358376715383,0.08426004886857559,-0.00322831492087694,-0.03843037295848731,0.03520205803761037,6.329999923706055,5.832467079162598,5.889999866485596,0.024472569832699076,-0.09672613672979535,0.021026071722562767,0.012510473316764692,0.0222342689072342,1.0530540958376007,0.0868377040517406,0.970316405629182,0.00786890369253923,-0.0039417004715713855,-0.14029994850704708,0.9486535972664284,1750.157717150294
2025-12-18 19:30:00,6.074999809265137,6.099999904632568,6.03000020980835,6.065000057220459,1484350,1h,1H,yfinance,730d,2026-04-02T03:04:46Z,-0.000823742059227861,-0.000823742059227861,6.02664610122606,5.958577418327332,6.082020978927613,6.480099477767944,7.079893226623535,6.02664610122606,6.082020978927613,6.480099477767944,7.079893226623535,0.017731224954117882,0.1274464518857969,1612811.35,0.9203494258643454,51.217004464014074,0.06999969482421875,0.1369706888911876,0.02258379020592461,23.604150374053695,26.099430403939994,16.904094910103986,5.958577418327332,0.1274464518857969,6.213470322098925,5.703684514555738,0.08555495242458257,-0.00038954761297294027,-0.030822207889384435,0.030432660276411495,6.329999923706055,5.832467079162598,5.889999866485596,0.016764442929508405,-0.10146814334375609,-0.03271081094256123,0.025359272415014456,0.02243347710593345,1.0067003924216191,0.08643613041136128,0.9898054438278869,0.0063640630875265725,-0.0027985634653556746,-0.14094453344910352,0.8350380675053317,1750.157717150294
2025-12-18 20:30:00,6.065000057220459,6.090000152587891,6.039999961853027,6.070000171661377,2346224,1h,1H,yfinance,730d,2026-04-02T03:04:46Z,0.0008244211696197823,0.0008244211696197823,6.030775060315138,5.965577435493469,6.0703209781646725,6.466699481010437,7.071518228054047,6.030775060315138,6.0703209781646725,6.466699481010437,7.071518228054047,0.017729707405845518,0.12951260719907312,1653882.55,1.4186158503214148,51.46090523368845,0.05000019073486328,0.13075851045145015,0.021541763880323115,23.445478783351206,25.386569675431065,16.442388841201357,5.965577435493469,0.12951260719907312,6.224602649891616,5.706552221095323,0.08683994707939624,0.0022378666447790962,-0.02421019298255173,0.026448059627330826,6.329999923706055,5.832467079162598,6.010000228881836,0.022746458329132135,-0.09470540779569381,-0.007358888166983268,0.02360882755067073,0.02243347710593345,0.9602507796094398,0.0861974497519894,1.007453785805212,0.006504157584048542,-5.284835916408159e-05,-0.14158165440590054,0.8062746818724753,1750.157717150294
2025-12-19 14:30:00,6.059999942779541,6.320000171661377,6.059999942779541,6.28000020980835,2271595,1h,1H,yfinance,730d,2026-04-02T03:04:46Z,0.034596380923906045,0.034596380923906045,6.054510788838301,5.9813274383544925,6.063220977783203,6.454749484062194,7.064218230247498,6.054510788838301,6.063220977783203,6.454749484062194,7.064218230247498,0.019146584818855675,0.14652139850886944,1640209.2,1.3849422378560003,60.41294517379343,0.26000022888183594,0.1399900617679063,0.022291410364806096,24.67064093499499,33.75424937972377,14.261098863445554,5.9813274383544925,0.14652139850886944,6.274370235372231,5.688284641336754,0.09798587354995464,0.02102301913030047,-0.01516355055998129,0.03618656969028176,6.329999923706055,5.885000228881836,6.010000228881836,0.06170756556369894,-0.060583356236020736,0.04232366977670021,0.05280805518232845,0.02243760028536535,0.9934846009065147,0.0861974497519894,1.1367607026876474,0.03724321069602299,0.03575314718356237,-0.1416996502427169,2.038424247198114,1750.157717150294
2025-12-19 15:30:00,6.275000095367432,6.355000019073486,6.175000190734863,6.341100215911865,1699293,1h,1H,yfinance,730d,2026-04-02T03:04:46Z,0.009729300009908792,0.009729300009908792,6.081805019988164,6.010632443428039,6.064442977905274,6.442810487747193,7.056998732089997,6.081805019988164,6.064442977905274,6.442810487747193,7.056998732089997,0.017085506415155403,0.15658977167972324,1544141.25,1.100477692698126,62.57562137024972,0.17999982833862305,0.1428479022372432,0.022527305573690783,25.971696189392407,32.46627889178452,12.977518162205792,6.010632443428039,0.15658977167972324,6.323811986787486,5.697452900068593,0.1042085159280945,0.040375227186983054,-0.004055795010588422,0.044431022197571474,6.329999923706055,5.889999866485596,6.025000095367432,0.07658749739419424,-0.045015008521669064,0.03697472661595169,0.101841892235633,0.02240935796924844,1.0052633192170968,0.0861974497519894,1.2089512651235883,0.04263457889089084,0.04561956292021274,-0.14064842461588034,2.1104045873426482,1750.157717150294
2025-12-19 16:30:00,6.34499979019165,6.360000133514404,6.28000020980835,6.300000190734863,1346689,1h,1H,yfinance,730d,2026-04-02T03:04:46Z,-0.006481529037164369,-0.006481529037164369,6.102585512440231,6.036397457122803,6.0660429859161376,6.434360489845276,7.05019873380661,6.102585512440231,6.0660429859161376,6.434360489845276,7.05019873380661,0.017267621977689898,0.15965879241230713,1536111.8,0.8766868401115074,60.193449682577835,0.07999992370605469,0.13835876091358687,0.021961707416622796,27.203848247048484,31.383540707360403,12.441540711774376,6.036397457122803,0.15965879241230713,6.355715041947417,5.717079872298188,0.10579740220645258,0.051798462519985655,0.007115056495526395,0.04468340602445926,6.355000019073486,5.889999866485596,6.03000020980835,0.05793455439947337,-0.05191870446680524,0.03789127060445119,0.08907986262091039,0.02228728718537419,0.9853916824401556,0.0861974497519894,1.227384365904756,0.032349350597742355,0.03856833942026405,-0.13959262498109726,1.6510380019117632,1750.157717150294
2025-12-19 17:30:00,6.303699970245361,6.340000152587891,6.300000190734863,6.304999828338623,611284,1h,1H,yfinance,730d,2026-04-02T03:04:46Z,0.0007935932464118167,0.0007935932464118167,6.121863066335316,6.063897442817688,6.070032978057862,6.427160487174988,7.043298733234406,6.121863066335316,6.070032978057862,6.427160487174988,7.043298733234406,0.01715152988671861,0.15614998959031107,1491861.65,0.4097457696563217,60.390984229290055,0.039999961853027344,0.1313331324092612,0.020829997777155797,28.347989443443414,30.700794685807338,12.170876145842774,6.063897442817688,0.15614998959031107,6.37619742199831,5.751597463637066,0.10300305443012472,0.060556826392923035,0.017803410475005724,0.042753415917917315,6.360000133514404,5.889999866485596,6.03000020980835,0.05140317039665421,-0.04469698190251237,0.03957127268819094,0.09556901875946111,0.0222342689072342,0.9368420371302829,0.0861974497519894,1.1949663792431104,0.029915200653603646,0.038709320217884535,-0.13818322806387673,1.5440435580784375,1750.157717150294
2025-12-19 18:30:00,6.304999828338623,6.324999809265137,6.28000020980835,6.300000190734863,922431,1h,1H,yfinance,730d,2026-04-02T03:04:46Z,-0.0007929639555719348,-0.0007929639555719348,6.1388285067543205,6.089147448539734,6.074832983016968,6.42001049041748,7.036173734664917,6.1388285067543205,6.074832983016968,6.42001049041748,7.036173734664917,0.017184147673335915,0.15138425331791588,1418877.9,0.6501130224101737,60.06996534415069,0.04499959945678711,0.12516645148408448,0.01986769011025767,29.138314549920285,29.9124025387984,12.999665971499708,6.089147448539734,0.15138425331791588,6.391915955175565,5.7863789419039025,0.09944528661674623,0.06632985461680008,0.027508699303364595,0.03882115531343548,6.360000133514404,6.010000228881836,6.039999961853027,0.05971404690040205,-0.039634108889109676,0.03789127060445119,0.08714410833345121,0.022122435711282543,0.8980787816291431,0.0861974497519894,1.1536917496152614,0.026254469204215702,0.03706557996695237,-0.13662834203648766,1.3928314046793637,1750.157717150294
2025-12-19 19:30:00,6.295000076293945,6.349999904632568,6.28000020980835,6.315000057220459,989842,1h,1H,yfinance,730d,2026-04-02T03:04:46Z,0.0023809311161062663,0.0023809311161062663,6.155606749655857,6.108647441864013,6.079632987976074,6.413169488906861,7.028623735904693,6.155606749655857,6.079632987976074,6.413169488906861,7.028623735904693,0.016676223736911567,0.15407853952814976,1364119.7,0.7256269372841695,60.7441767799949,0.06999969482421875,0.12122596886552264,0.019196511127013375,30.02177975848618,30.15171387929334,12.463493342024815,6.108647441864013,0.15407853952814976,6.416804520920313,5.800490362807714,0.10089208191797942,0.07129355719427988,0.036265670881547654,0.03502788631273222,6.360000133514404,6.010000228881836,6.059999942779541,0.007160960695176355,-0.04751132002763503,0.005573223924012716,0.06582276015711397,0.022122435711282543,0.8677394920498319,0.0861974497519894,1.1704764144214241,0.02589400428698818,0.038714025946940955,-0.13501800403410968,1.3392690246700163,1750.157717150294
2025-12-19 20:30:00,6.315000057220459,6.425000190734863,6.315000057220459,6.375,2775899,1h,1H,yfinance,730d,2026-04-02T03:04:46Z,0.009501178501326812,0.009501178501326812,6.176501344926728,6.1291474342346195,6.084620990753174,6.407569489479065,7.0208717370033265,6.176501344926728,6.084620990753174,6.407569489479065,7.0208717370033265,0.016715167686684667,0.16073395326250492,1439172.0,1.9288167084962742,63.40585847041772,0.1100001335144043,0.12042412348329991,0.018890058585615672,31.261858958397042,32.633025013412485,11.650304391871874,6.1291474342346195,0.16073395326250492,6.450615340759629,5.80767952770961,0.10489808247373425,0.07915635599159376,0.04484380790355688,0.03431254808803688,6.360000133514404,6.025000095367432,6.175000190734863,0.04251843640450259,-0.040632051422348936,0.005346041370402732,0.06873425598056904,0.021751735648472957,0.8684391393356151,0.0861974497519894,1.216951113699431,0.032137717453314396,0.04772343416099645,-0.13335249258516813,1.529562116623007,1750.157717150294
2025-12-22 14:30:00,6.480000019073486,6.659999847412109,6.369999885559082,6.447999954223633,2019513,1h,1H,yfinance,730d,2026-04-02T03:04:46Z,0.011450973211550197,0.011450973211550197,6.202358355335957,6.154797434806824,6.0921809864044185,6.402299489974975,7.013161737918853,6.202358355335957,6.0921809864044185,6.402299489974975,7.013161737918853,0.01668222423266815,0.16845226402542463,1484186.75,1.3606865847576122,66.3916258330469,0.28999996185302734,0.13253668336685187,0.020554696697855337,33.364833035082945,40.19771756392395,9.829467352973792,6.154797434806824,0.16845226402542463,6.491701962857673,5.817892906755975,0.10947704830887683,0.09023795987637051,0.05392263829811961,0.0363153215782509,6.425000190734863,6.03000020980835,6.28000020980835,0.07020744434202442,-0.031104470181628763,0.02349202523936844,0.08643639703285966,0.021513892787626263,0.9554150381225935,0.0861974497519894,1.2700729386294884,0.03960454795011126,0.05840584326258136,-0.1313217612727886,1.7405674011751828,1750.157717150294
2025-12-22 15:30:00,6.445000171661377,6.53000020980835,6.389999866485596,6.523600101470947,1534083,1h,1H,yfinance,730d,2026-04-02T03:04:46Z,0.011724588676182313,0.011724588676182313,6.232952807348814,6.1852274417877195,6.101952991485596,6.398835492134094,7.006754739284515,6.232952807348814,6.101952991485596,6.398835492134094,7.006754739284515,0.01666002361280319,0.17713217910817672,1518392.6,1.0103335593179261,69.19481828454322,0.1400003433227539,0.1330698019351306,0.02039821568847022,35.31759467771985,37.176910772568014,9.090795519478371,6.1852274417877195,0.17713217910817672,6.539491800004073,5.830963083571366,0.11455176436129888,0.10392255632005387,0.06392262190250647,0.0399999344175474,6.659999847412109,6.03000020980835,6.28000020980835,0.06681935333548972,-0.02121528299945674,0.03467094037811025,0.10289097946625514,0.02143969332696841,0.951422922771561,0.0861974497519894,1.328946096327578,0.04663075481326495,0.06910035370211798,-0.12913278421549435,1.9102833905553633,1750.157717150294
2025-12-22 16:30:00,6.519999980926514,6.539999961853027,6.454999923706055,6.519999980926514,1177266,1h,1H,yfinance,730d,2026-04-02T03:04:46Z,-0.000551861010551824,-0.000551861010551824,6.260290633403833,6.216727447509766,6.113352994918824,6.396285490989685,6.999229741096497,6.260290633403833,6.113352994918824,6.396285490989685,6.999229741096497,0.01657681312862698,0.17784607137144068,1540589.85,0.7641657511893901,68.90010184630303,0.08500003814697266,0.1296362473788336,0.019882860085593416,37.16550888732233,35.98673238988886,8.665033886135692,6.216727447509766,0.17784607137144068,6.572419590252647,5.861035304766885,0.11443066975225383,0.1131726145009333,0.07377262042219185,0.03939999407874145,6.659999847412109,6.039999961853027,6.28000020980835,0.07413505709044665,-0.020285533377274456,0.03492060056048807,0.1069609726182934,0.02119922129037042,0.9379052095005513,0.09241291031467544,1.238254150449387,0.04148519018221242,0.06651783176035786,-0.1265677480160684,1.705252925060951,1750.157717150294
2025-12-22 17:30:00,6.514999866485596,6.570000171661377,6.510000228881836,6.554999828338623,1147763,1h,1H,yfinance,730d,2026-04-02T03:04:46Z,0.005368074772162057,0.005368074772162057,6.2883581757785745,6.246727442741394,6.121482992172242,6.394235486984253,6.989708240032196,6.2883581757785745,6.121482992172242,6.394235486984253,6.989708240032196,0.016523481842687843,0.1817293887463391,1539449.3,0.7455672622670977,70.22773021610578,0.059999942779541016,0.12466222562174128,0.019017883888081986,38.987714119029995,36.46850228130399,8.367142332288621,6.246727442741394,0.1817293887463391,6.6101862202340715,5.883268665248716,0.11636774001241615,0.1219221052965942,0.08340251739707233,0.03851958789952187,6.659999847412109,6.059999942779541,6.28000020980835,0.08079138771562144,-0.012057331994500209,0.03800471400530747,0.1007556527824709,0.021185880828739456,0.8976678402855689,0.09871558008335043,1.1788183781543007,0.04240242764591495,0.07081892357141806,-0.12421480526001971,1.6963265420295948,1750.157717150294
2025-12-22 18:30:00,6.559999942779541,6.59499979019165,6.525000095367432,6.543300151824951,1244509,1h,1H,yfinance,730d,2026-04-02T03:04:46Z,-0.0017848477223586512,-0.0017848477223586512,6.312638363973467,6.274055051803589,6.129648990631104,6.391718487739563,6.9799997425079345,6.312638363973467,6.129648990631104,6.391718487739563,6.9799997425079345,0.01657961666439572,0.18317219843808702,1543409.25,0.8063376580126107,69.16482334182902,0.06999969482421875,0.12075775913620397,0.018455176491105053,40.76843587193349,36.43725780727947,8.02070058335696,6.274055051803589,0.18317219843808702,6.640399448679763,5.907710654927414,0.11678074031908986,0.12645438622319727,0.09201289116229733,0.03444149506089994,6.659999847412109,6.175000190734863,6.315000057220459,0.07797363538361002,0.04192674095860216,0.02640002381567852,0.09114142930888236,0.021185880828739456,0.8711073492903775,0.10016868426736283,1.1658408131566085,0.0365396803288911,0.06748366208670276,-0.12182675977740043,1.4699015588458337,1750.157717150294
2025-12-22 19:30:00,6.550000190734863,6.570000171661377,6.514999866485596,6.565000057220459,1289624,1h,1H,yfinance,730d,2026-04-02T03:04:46Z,0.0033163548808707866,0.0033163548808707866,6.336672810949371,6.305055046081543,6.137848987579345,6.389768486022949,6.971049745082855,6.336672810949371,6.137848987579345,6.389768486022949,6.971049745082855,0.016308624377223465,0.17722767486199711,1510663.95,0.8536802642308371,70.06965336027159,0.05500030517578125,0.11606079813903092,0.0176787200498776,42.256568543417416,35.203876971358646,8.364659413148111,6.305055046081543,0.17722767486199711,6.659510395805538,5.950599696357549,0.11243529109052927,0.1302952895308822,0.0996693708360143,0.0306259186948679,6.659999847412109,6.28000020980835,6.369999885559082,0.04538213979148997,0.05546628274374554,0.018145177392594025,0.10428929649396768,0.021185880828739456,0.8344576368000589,0.10194756817405207,1.1028736938439947,0.03603267094310958,0.06959295846240332,-0.11952299696200297,1.4667292303040624,1750.157717150294
2025-12-22 20:30:00,6.565000057220459,6.619999885559082,6.53000020980835,6.614999771118164,2459511,1h,1H,yfinance,730d,2026-04-02T03:04:46Z,0.00761610258368739,0.00761610258368739,6.363180140489256,6.3223000288009645,6.147648983001709,6.388418483734131,6.961899745464325,6.363180140489256,6.147648983001709,6.388418483734131,6.961899745464325,0.011740172093631727,0.1893527226701495,1517669.35,1.6205842201399139,72.10108509972413,0.08999967575073242,0.1141992893970096,0.017263687581005913,43.83227385363298,36.34951449605708,7.893792938707037,6.3223000288009645,0.1893527226701495,6.7010054741412635,5.943594583460666,0.11979989675122112,0.1358082788204129,0.10689715243289404,0.028911126387518873,6.659999847412109,6.28000020980835,6.389999866485596,0.04319432683290447,0.08344927219758702,0.014010618098219796,0.05500704103084009,0.020692347237505567,0.8343030098448622,0.10360578517910962,1.156305089953382,0.039574493424532564,0.07602105933645253,-0.11695812813062989,1.5457910411305755,1750.157717150294
2025-12-23 14:30:00,6.610000133514404,6.6682000160217285,6.449999809265137,6.625,2271424,1h,1H,yfinance,730d,2026-04-02T03:04:46Z,0.0015117504501660495,0.0015117504501660495,6.388115365204564,6.3478000402450565,6.1553489875793455,6.387818484306336,6.952524745464325,6.388115365204564,6.1553489875793455,6.387818484306336,6.952524745464325,0.009920262762251228,0.1940023112887497,1525797.0,1.4886803421425,72.50306275595415,0.2182002067565918,0.12162792635126547,0.0183589322794363,44.02111493448492,31.691590109963713,11.58045378997506,6.3478000402450565,0.1940023112887497,6.735804662822556,5.959795417667557,0.12224853338717344,0.13937763878631237,0.11339324970357771,0.025984389082734663,6.659999847412109,6.28000020980835,6.454999923706055,0.05158726975010253,0.09323433375501167,0.016104297451020155,0.08340151234193405,0.020476456193162778,0.8965873833952999,0.10455329920091438,1.1692460622620342,0.03708208466079421,0.07629965634253177,-0.11465989508416208,1.4288487488294088,1750.157717150294
2025-12-23 15:30:00,6.625,6.730000019073486,6.625,6.659999847412109,1950540,1h,1H,yfinance,730d,2026-04-02T03:04:46Z,0.005282995835790061,0.005282995835790061,6.414009125414807,6.37955002784729,6.1648489856719975,6.388368482589722,6.9454497456550595,6.414009125414807,6.1648489856719975,6.388368482589722,6.9454497456550595,0.008935992196895915,0.19050533019247118,1570393.6,1.2420707776700057,73.91941979266163,0.10500001907348633,0.12044021868856697,0.018084117334532177,44.51318255046971,33.383231211617485,10.859320765245888,6.37955002784729,0.19050533019247118,6.760560688232232,5.998539367462348,0.1194475029498311,0.1433778073419143,0.11939016123124503,0.023987646110669267,6.6682000160217285,6.28000020980835,6.449999809265137,0.056304524780142584,0.09629630559901825,0.0160183099654021,0.10539414804871505,0.020140537887031816,0.897896443281004,0.10534774234009342,1.133840178218718,0.038352100408244105,0.08031840891657116,-0.1123902394472569,1.4721363401300935,1750.157717150294
2025-12-23 16:30:00,6.664999961853027,6.760000228881836,6.659999847412109,6.755000114440918,1182836,1h,1H,yfinance,730d,2026-04-02T03:04:46Z,0.014264304685490892,0.014264304685490892,6.446484457703008,6.411550045013428,6.173048992156982,6.3896584844589235,6.93874974489212,6.446484457703008,6.173048992156982,6.3896584844589235,6.93874974489212,0.008899913901471471,0.1970204968841955,1571988.3,0.7524458038269114,77.33242425502151,0.10000038146972656,0.11898023031579266,0.01761365333827831,45.11565546007144,33.180127316529244,10.207389998413891,6.411550045013428,0.1970204968841955,6.805591038781818,6.017509051245037,0.12291598474688827,0.1524562762884365,0.12600338424268334,0.026452892045753157,6.730000019073486,6.315000057220459,6.449999809265137,0.0722222079255177,0.10274916213320018,0.03235369885285233,0.10466073054418557,0.019875275097925544,0.8862092852298036,0.1076372252576647,1.1419467981699536,0.047857969527757005,0.09427288249669163,-0.11035140059616644,1.7432199941580846,1750.157717150294
2025-12-23 17:30:00,6.760000228881836,6.909999847412109,6.755000114440918,6.855000019073486,2181968,1h,1H,yfinance,730d,2026-04-02T03:04:46Z,0.014803834631888169,0.014803834631888169,6.485390701643054,6.450800037384033,6.1816489887237545,6.391358485221863,6.933199744224549,6.485390701643054,6.1816489887237545,6.391358485221863,6.933199744224549,0.008665235725573166,0.203165185173927,1645332.2,1.3261565050510773,80.26069311737889,0.1549997329711914,0.12155305193403543,0.01773202794979195,46.289068153982804,38.972454689039346,9.277670894043162,6.450800037384033,0.203165185173927,6.857130407731887,6.044469667036179,0.12597828734205557,0.16580884376664784,0.13396447614747625,0.03184436761917159,6.760000228881836,6.369999885559082,6.449999809265137,0.08551068202059642,0.12932451815685075,0.044173641938368924,0.12932451815685075,0.01953210061863552,0.9078402930647343,0.11095616969970305,1.135387853447078,0.056991064136936886,0.10892741266578287,-0.10839883217367952,1.9895140072518982,1750.157717150294
2025-12-23 18:30:00,6.860000133514404,6.934999942779541,6.824999809265137,6.916500091552734,1898343,1h,1H,yfinance,730d,2026-04-02T03:04:46Z,0.008971564158735124,0.008971564158735124,6.526448738777309,6.493375039100647,6.194078989028931,6.392223486900329,6.928410243988037,6.526448738777309,6.194078989028931,6.392223486900329,6.928410243988037,0.008533819711870661,0.2070391448096527,1666031.85,1.1394398012258888,81.81646169202736,0.1100001335144043,0.12072784347549034,0.01745504834489018,47.46587533358947,37.91519728914101,8.673865906094239,6.493375039100647,0.2070391448096527,6.907453328719952,6.079296749481341,0.1275386950933475,0.1792866862477318,0.14302891816752739,0.03625776808020442,6.909999847412109,6.389999866485596,6.449999809265137,0.0849411908318014,0.14606466717950695,0.0455782813101453,0.1403957174441497,0.01910719750754768,0.91353262758681,0.11343298042139155,1.1243528524028437,0.05976471560374175,0.11663091539571413,-0.10598842001255693,2.04369590514441,1750.157717150294
2025-12-23 19:30:00,6.920000076293945,7.050000190734863,6.909999847412109,7.0,3628435,1h,1H,yfinance,730d,2026-04-02T03:04:46Z,0.012072566665508377,0.012072566665508377,6.571548858893756,6.539875030517578,6.209378986358643,6.393973488807678,6.925060243606567,6.571548858893756,6.209378986358643,6.393973488807678,6.925060243606567,0.008503518450004929,0.21112576089404717,1730142.4,2.0971886475934007,83.6954224178419,0.1400003433227539,0.12210445060743774,0.017443492943919676,48.92008260057876,41.53732111550415,7.963499729111175,6.539875030517578,0.21112576089404717,6.962126552305673,6.1176235087294835,0.12913137325031634,0.19446405768314623,0.15331594607065116,0.04114811161249507,6.934999942779541,6.449999809265137,6.449999809265137,0.08560794815372019,0.17647062594856533,0.05660377358490565,0.15321248797989395,0.01895397123684883,0.9203080835116707,0.11449121705677635,1.1278714347693581,0.06519789326779324,0.12732690585938933,-0.10334657491372201,2.1793880933048917,1750.157717150294
2025-12-23 20:30:00,6.994999885559082,7.050000190734863,6.989999771118164,7.036399841308594,3598880,1h,1H,yfinance,730d,2026-04-02T03:04:46Z,0.005199977329799044,0.005199977329799044,6.615820381028502,6.57769501209259,6.225806980133057,6.395687489509583,6.922017242908478,6.615820381028502,6.225806980133057,6.395687489509583,6.922017242908478,0.005726085304025437,0.22824073731780717,1796506.65,2.0032656155211006,84.44977463072445,0.06000041961669922,0.11766844839381356,0.016722820056787758,50.270417919925954,40.02444032284151,7.673451515625169,6.57769501209259,0.22824073731780717,7.034176486728205,6.121213537456976,0.13879678939093654,0.20704273708669874,0.16406130427386068,0.04298143281283806,7.050000190734863,6.449999809265137,6.625,0.07860686306047793,0.14440918607770437,0.05651651689492798,0.1204457971703361,0.018672617538360362,0.8955798522854651,0.11545975218685751,1.2021227030377726,0.0635717773544977,0.1301988422966196,-0.10057909975429191,2.0097412697072268,1750.157717150294
2025-12-24 14:30:00,7.079999923706055,7.40500020980835,7.03000020980835,7.130000114440918,4488437,1h,1H,yfinance,730d,2026-04-02T03:04:46Z,0.013302295952942522,0.013302295952942522,6.664789879448732,6.617140007019043,6.2458069801330565,6.398537492752075,6.9200672435760495,6.664789879448732,6.2458069801330565,6.398537492752075,6.9200672435760495,0.005901473231608597,0.25098031391254255,1935963.85,2.3184508326433884,86.21584164808593,0.375,0.13604927350854115,0.0190812442250864,52.27651290317318,50.78253671891181,6.162683581462602,6.617140007019043,0.25098031391254255,7.119100634844128,6.115179379193958,0.1517152810104174,0.22200505485118693,0.17565005438932593,0.046355000461861,7.050000190734863,6.449999809265137,6.659999847412109,0.09355830295995204,0.16218416437458405,0.05551443281226898,0.12441057098410901,0.018672617538360362,1.0218837388966262,0.116574240165753,1.3014477366071486,0.06980118554475201,0.14156587565391354,-0.09743550744668183,2.0434276275572265,1750.157717150294
2025-12-24 15:30:00,7.130000114440918,7.139999866485596,6.880000114440918,7.0584001541137695,2645055,1h,1H,yfinance,730d,2026-04-02T03:04:46Z,-0.01004207001092916,-0.01004207001092916,6.702276572273974,6.6550600051879885,6.267376985549927,6.400171494483947,6.915309243202209,6.702276572273974,6.267376985549927,6.400171494483947,6.915309243202209,0.006311669132412883,0.25740985689668244,2000882.15,1.321944423363465,78.83959817560805,0.25999975204467773,0.1449028791182652,0.020529139175229822,52.48789149455832,44.274016255580065,12.7669659094202,6.6550600051879885,0.25740985689668244,7.1698797189813535,6.1402402913946235,0.15471527330844034,0.22548601860238193,0.18561724723193715,0.03986877137044478,7.40500020980835,6.449999809265137,6.755000114440918,0.0767963903826272,0.14677496563944858,0.02967179204585535,0.1203809429235021,0.018672617538360362,1.0994248199565748,0.11811412163446047,1.3098795568852732,0.05313471892714938,0.12621279530298346,-0.09369534099855392,1.5669180418668707,1750.157717150294
2025-12-24 16:30:00,7.054999828338623,7.269999980926514,7.050000190734863,7.244999885559082,1658327,1h,1H,yfinance,730d,2026-04-02T03:04:46Z,0.026436547570423352,0.026436547570423352,6.753964506872556,6.702060008049012,6.289576978683471,6.401771492958069,6.912459242343902,6.753964506872556,6.289576978683471,6.401771492958069,6.912459242343902,0.0076446009519394904,0.274454333014542,2053234.3,0.8076657398524854,82.93683203522775,0.2199997901916504,0.15026694419493555,0.020740779374538217,53.02926665136881,45.823514514156166,11.431851525146866,6.702060008049012,0.274454333014542,7.250968674078096,6.153151342019927,0.1638029696451116,0.2405290768292705,0.19659961315140384,0.043929463677866654,7.40500020980835,6.449999809265137,6.824999809265137,0.10723942314314039,0.18285712417291133,0.047495089952727776,0.14908803851120012,0.018672617538360362,1.1107590744537608,0.11962369985052611,1.369318703984152,0.0727032808932988,0.15190574980061688,-0.09011008120595032,1.9782521614672512,1750.157717150294
2025-12-26 14:30:00,7.230000019073486,7.300000190734863,6.949999809265137,7.034999847412109,2285845,1h,1H,yfinance,730d,2026-04-02T03:04:46Z,-0.02898551296951024,-0.02898551296951024,6.780729777400133,6.738809990882873,6.310076971054077,6.401221489906311,6.90860924243927,6.780729777400133,6.310076971054077,6.401221489906311,6.90860924243927,0.01087054597746751,0.26727226131604087,2121405.0,1.0775146659878712,67.17321075253396,0.35000038146972656,0.16453361828599206,0.023387863803084132,52.59362818530109,38.86086989854742,14.03613291098964,6.738809990882873,0.26727226131604087,7.273354513514955,6.204265468250791,0.1586465632226706,0.2328217367636345,0.20384403787384997,0.02897769888978452,7.40500020980835,6.449999809265137,6.880000114440918,0.07159174197945739,0.12740386305358586,0.0049999782017298156,0.11666660863886613,0.018672617538360362,1.2525219752954793,0.12102421506919728,1.31086628516419,0.03749892391515841,0.11488336508150976,-0.08663571065916376,1.1081952727559745,1750.157717150294
2025-12-26 15:30:00,7.034999847412109,7.050000190734863,6.930099964141846,7.00600004196167,1521461,1h,1H,yfinance,730d,2026-04-02T03:04:46Z,-0.004122218348179163,-0.004122218348179163,6.802184088310756,6.773359990119934,6.3298969745635985,6.400781488418579,6.903814241886139,6.802184088310756,6.3298969745635985,6.400781488418579,6.903814241886139,0.011057386131061959,0.25461646136480803,2147985.95,0.708319810006206,65.3266676509048,0.11990022659301758,0.16134551887935103,0.023029620027546348,52.00770896147495,36.798115232660045,14.172065233633255,6.773359990119934,0.25461646136480803,7.28259291284955,6.2641270673903175,0.15036346022429536,0.22181660850803198,0.2074385520006864,0.014378056507345582,7.40500020980835,6.625,6.880000114440918,0.059108130668523495,0.13274051847657264,-0.004320362690087065,0.10942200767696497,0.018672617538360362,1.233336460741785,0.12258225906703085,1.226633130835622,0.02996331046099776,0.10681106977174526,-0.08313046197571872,0.9136881825893236,1750.157717150294
2025-12-26 16:30:00,7.005000114440918,7.039999961853027,6.889999866485596,6.914999961853027,1486258,1h,1H,yfinance,730d,2026-04-02T03:04:46Z,-0.012988878042193508,-0.012988878042193508,6.812928457219543,6.800359988212586,6.347496976852417,6.399332489967346,6.898239243030548,6.812928457219543,6.347496976852417,6.399332489967346,6.898239243030548,0.011694799693462047,0.2391006116557287,2083503.9,0.7133454369823834,59.77393735376903,0.15000009536743164,0.1605351314856425,0.023215492750722093,51.09077859612827,34.342168254770925,15.010421393518895,6.800359988212586,0.2391006116557287,7.2785612115240435,6.322158764901128,0.14063997321916735,0.20340726677764742,0.2066322949560786,-0.0032250281784311774,7.40500020980835,6.659999847412109,6.880000114440918,0.04377357914762681,0.08983454539155478,-0.030154298616690722,0.08470587636910243,0.01873653018959352,1.2390497341720315,0.12444713604447191,1.1301181986936915,0.014982030895293041,0.08940579051398334,-0.07983809299373867,0.4794633223502874,1750.157717150294
2025-12-26 17:30:00,6.914999961853027,6.920000076293945,6.829999923706055,6.90500020980835,987804,1h,1H,yfinance,730d,2026-04-02T03:04:46Z,-0.0014460957483501957,-0.0014460957483501957,6.821697195561335,6.823210000991821,6.365696983337402,6.398437490463257,6.892489242553711,6.821697195561335,6.365696983337402,6.398437490463257,6.892489242553711,0.011629411510568328,0.22580207822621606,2031918.45,0.48614352608491745,59.17866816815639,0.09000015258789062,0.15549691870723165,0.022519466181384448,49.69212930321848,32.922387993057775,17.145996123313317,6.823210000991821,0.22580207822621606,7.274814157444253,6.371605844539389,0.1323729319152677,0.18586826079412244,0.20247948812368738,-0.016611227329564937,7.40500020980835,6.755000114440918,6.880000114440918,0.036786842043463386,0.07470817195704793,-0.02173296227984689,0.07087472996729294,0.01873653018959352,1.2019016303185108,0.12675849121770155,1.0442924228872652,0.01221147932236244,0.08472021647945316,-0.07642989936987243,0.3622207973417683,1750.157717150294
2025-12-26 18:30:00,6.908400058746338,6.929999828338623,6.880000114440918,6.929999828338623,915909,1h,1H,yfinance,730d,2026-04-02T03:04:46Z,0.003620509452666232,0.003620509452666232,6.832011732016315,6.843529987335205,6.385996980667114,6.397587490081787,6.886514241695404,6.832011732016315,6.385996980667114,6.397587490081787,6.886514241695404,0.011475866315624401,0.21599901725002263,2001009.75,0.4577234068949439,60.24459298985699,0.04999971389770508,0.14796140407797975,0.02135085248818131,48.44124563846738,32.61046554078974,16.73213583029634,6.843529987335205,0.21599901725002263,7.2755280218352505,6.411531952835159,0.12625005963282435,0.17200298908529543,0.19638418831600898,-0.02438119923071355,7.40500020980835,6.824999809265137,6.829999923706055,0.025906692958241218,0.10087366868127523,-0.04347826945426525,0.06229684844968353,0.01873653018959352,1.1395307600785025,0.12689437736308593,0.9949224091433304,0.014342495324344062,0.08518683133086591,-0.07268078500409325,0.400325159365553,1750.157717150294
2025-12-26 19:30:00,6.925000190734863,6.960000038146973,6.914999961853027,6.940100193023682,1197508,1h,1H,yfinance,730d,2026-04-02T03:04:46Z,0.001457484117641128,0.001457484117641128,6.842305871159874,6.864534997940064,6.406198987960815,6.396838493347168,6.879515242576599,6.842305871159874,6.406198987960815,6.396838493347168,6.879515242576599,0.011452294782115702,0.20358553966689485,2002021.85,0.5981493159028209,60.69119187832496,0.04500007629394531,0.1406070235219773,0.020260085533537125,47.42814249961715,33.389001910722726,16.34963746709539,6.864534997940064,0.20358553966689485,7.271706077273853,6.457363918606275,0.11863034552405217,0.15998546354373655,0.1891044433615545,-0.02911897981781794,7.40500020980835,6.829999923706055,6.829999923706055,0.01241432147533339,0.11308741690625146,-0.013489645550360252,0.06443254805615362,0.01873653018959352,1.0813147006690602,0.12689437736308593,0.9348747201352533,0.014292597218725334,0.08334133954724599,-0.06880081487231537,0.3711717207776987,1750.157717150294
2025-12-26 20:30:00,6.940000057220459,6.965000152587891,6.909999847412109,6.945000171661377,2252711,1h,1H,yfinance,730d,2026-04-02T03:04:46Z,0.0007060386019528408,0.0007060386019528408,6.852086280731445,6.8840350151062015,6.425798988342285,6.3948384952545165,6.873715245723725,6.852086280731445,6.425798988342285,6.3948384952545165,6.873715245723725,0.011453091200810225,0.19131114039718575,2057269.25,1.0950005693226592,60.92054872343472,0.05500030517578125,0.13449225792582042,0.01936533543578694,46.487403870684794,32.41369070113762,15.872055515501032,6.8840350151062015,0.19131114039718575,7.266657295900573,6.50141273431183,0.11116221226497307,0.149137708625652,0.181111096414374,-0.031973387788721996,7.40500020980835,6.829999923706055,6.829999923706055,0.0041205927465324255,0.1174577636606362,-0.008706804158569947,0.05949662143951584,0.018768210358095727,1.0318157707260374,0.12689437736308593,0.8760215745958702,0.013559941764191175,0.08079947478298477,-0.06516363296546179,0.3186701852730801,1750.157717150294
2025-12-29 14:30:00,6.949999809265137,7.130000114440918,6.945000171661377,6.989999771118164,2496180,1h,1H,yfinance,730d,2026-04-02T03:04:46Z,0.006479423807706386,0.006479423807706386,6.865220898863513,6.906369996070862,6.45049898147583,6.39459349155426,6.867290246486664,6.865220898863513,6.45049898147583,6.39459349155426,6.867290246486664,0.011423506128735049,0.17566307292214045,2119852.8,1.1775251564636942,63.05263347433602,0.18499994277954102,0.1380999497010862,0.01975678887311249,46.38159507259759,37.846332206207485,14.353316283249834,6.906369996070862,0.17566307292214045,7.257696141915143,6.555043850226581,0.10173974057114103,0.14252889195275742,0.1733946555220507,-0.03086576356929327,7.40500020980835,6.829999923706055,6.829999923706055,-0.0014286041259765625,0.14029357922054153,0.010845959461876609,0.06826824521699915,0.01922328983043667,1.027752744061067,0.12689437736308593,0.8017671285783662,0.018175507255026035,0.08363706299181528,-0.060692245420100877,0.47608056523279363,1750.157717150294
2025-12-29 15:30:00,6.985000133514404,7.019999980926514,6.914999961853027,6.945000171661377,1041260,1h,1H,yfinance,730d,2026-04-02T03:04:46Z,-0.006437711148821523,-0.006437711148821523,6.872818924844262,6.925370001792908,6.473704986572265,6.395193490982056,6.862015247344971,6.872818924844262,6.473704986572265,6.395193490982056,6.862015247344971,0.011621997783990668,0.1573037117705201,2107434.6,0.49408887943663826,59.55359533797823,0.10500001907348633,0.13573566894197192,0.01954437229473838,45.962057119211494,35.75515348125908,15.13894118250278,6.925370001792908,0.1573037117705201,7.239977425333948,6.610762578251868,0.0908564953091579,0.13213707161758048,0.16514313874115666,-0.03300606712357618,7.40500020980835,6.829999923706055,6.829999923706055,-0.012989550296820362,0.16139071008381545,0.005792897992415558,0.057882728275528095,0.01945485386526266,1.0046013416546684,0.12689437736308593,0.7160009544724589,0.010502422311198911,0.07280146161536094,-0.05658837043869136,0.12479152365524615,1750.157717150294
2025-12-29 16:30:00,6.945000171661377,7.010000228881836,6.934999942779541,6.989999771118164,767703,1h,1H,yfinance,730d,2026-04-02T03:04:46Z,0.006479423807706386,0.006479423807706386,6.883979005441777,6.944120001792908,6.4984049797058105,6.395743489265442,6.857039246559143,6.883979005441777,6.4984049797058105,6.395743489265442,6.857039246559143,0.011601484666772396,0.1406600923733525,2022844.2,0.3795166231783941,61.834470030679796,0.07500028610229492,0.13139742731056642,0.018797915824473235,45.57248616249583,34.29739133410985,14.521716160231838,6.944120001792908,0.1406600923733525,7.225440186539613,6.662799817046203,0.08102399862734826,0.1260792081023272,0.1573303526133908,-0.03125114451106359,7.40500020980835,6.829999923706055,6.880000114440918,-0.01963539145521198,0.13936422336404064,0.00865800061555344,0.056689344365103755,0.01945485386526266,0.9662326920911797,0.12689437736308593,0.6385152779111114,0.015401087887191078,0.07564853113149761,-0.05230162085382484,0.3261747418982067,1750.157717150294
2025-12-29 17:30:00,6.989999771118164,7.079999923706055,6.989999771118164,7.074999809265137,1011727,1h,1H,yfinance,730d,2026-04-02T03:04:46Z,0.012160234753967103,0.012160234753967103,6.902171462948764,6.966619992256165,6.524004974365234,6.3973934888839725,6.852966246604919,6.902171462948764,6.524004974365234,6.3973934888839725,6.852966246604919,0.011771938829981104,0.12265239271460071,1959859.35,0.5162242892583082,65.76204494332653,0.09000015258789062,0.12844047911608958,0.018154131813245995,45.53982085493598,36.47360726136019,13.794888850663343,6.966619992256165,0.12265239271460071,7.2119247776853665,6.721315206826963,0.07042289824961698,0.1266768484698808,0.1511996517846888,-0.024522803314807995,7.40500020980835,6.829999923706055,6.909999847412109,0.0023517588672969936,0.17720458233350933,0.0194377044263796,0.06792449951171875,0.01945485386526266,0.9331415151701986,0.12689437736308593,0.5549725662636277,0.025039706307518506,0.08445653200218661,-0.048002756821202475,0.8836339398707069,1750.157717150294
2025-12-29 18:30:00,7.079899787902832,7.090000152587891,7.039999961853027,7.054999828338623,804156,1h,1H,yfinance,730d,2026-04-02T03:04:46Z,-0.0028268525039848447,-0.0028268525039848447,6.916726545366846,6.986369991302491,6.546604967117309,6.3989434862136845,6.848891246318817,6.916726545366846,6.546604967117309,6.3989434862136845,6.848891246318817,0.011838229510741021,0.10170202105354395,1902540.15,0.4226749170050367,64.09078533395368,0.05000019073486328,0.12283760137457342,0.017411425140105262,45.555647031514084,35.994656410541154,13.3938093149994,6.986369991302491,0.10170202105354395,7.189774033409578,6.782965949195403,0.05822882050630309,0.12410603434240297,0.14578092829623165,-0.021674893953828683,7.40500020980835,6.829999923706055,6.909999847412109,-0.026224991058891756,0.17290107812764943,0.015838683075357185,0.05930930780426369,0.01945485386526266,0.89496560913233,0.12689437736308593,0.45887628527221164,0.019991144953446227,0.07765778808633028,-0.044136527845143214,0.6748129125182312,1750.157717150294
2025-12-29 19:30:00,7.054999828338623,7.079999923706055,6.980000019073486,6.985000133514404,1062407,1h,1H,yfinance,730d,2026-04-02T03:04:46Z,-0.009921998090353323,-0.009921998090353323,6.923228791857089,6.997869992256165,6.56700496673584,6.400543489456177,6.843616247177124,6.923228791857089,6.56700496673584,6.400543489456177,6.843616247177124,0.011856544975529171,0.08680175052389245,1896518.7,0.560187990764341,58.48820433024699,0.09999990463256836,0.12120633732157306,0.017352374374342325,44.834268008498654,33.873443533936694,16.140373990681486,6.997869992256165,0.08680175052389245,7.1714734933039495,6.82426649120838,0.049616097824021876,0.11509352870848844,0.13964344837868303,-0.024549919670194598,7.40500020980835,6.829999923706055,6.914999961853027,-0.0071072800258976665,0.15741513009477015,-0.0007152557607251753,0.03404885494846832,0.01945485386526266,0.8919303375146709,0.12689437736308593,0.39100312287323924,0.008922331402649641,0.06365080716336524,-0.04041887657791765,-0.14826727184745128,1750.157717150294
2025-12-29 20:30:00,6.985000133514404,7.019999980926514,6.909999847412109,7.019999980926514,2179977,1h,1H,yfinance,730d,2026-04-02T03:04:46Z,0.005010715353343853,0.005010715353343853,6.932445095577987,7.006119990348816,6.58870496749878,6.403543491363525,6.837891247272491,6.932445095577987,6.58870496749878,6.403543491363525,6.837891247272491,0.011504146710287284,0.08043865229819482,1896419.15,1.14952277295871,60.35433867398137,0.1100001335144043,0.12040589419248958,0.01715183682615882,43.37509586296476,31.663013473707675,19.239755881546355,7.006119990348816,0.08043865229819482,7.166997294945206,6.845242685752426,0.045924792843401015,0.10951285225087659,0.13361732915312174,-0.024104476902245153,7.40500020980835,6.829999923706055,6.914999961853027,0.0019982784586058955,0.17097583234930158,0.010799108338566787,0.024070016250026027,0.01945485386526266,0.8816224961105484,0.12689437736308593,0.3619135362632759,0.012629726473329939,0.06545975507406321,-0.03644197761599488,0.17255374351925698,1750.157717150294
2025-12-30 14:30:00,7.03000020980835,7.340000152587891,7.019999980926514,7.130000114440918,1977763,1h,1H,yfinance,730d,2026-04-02T03:04:46Z,0.015669534731236112,0.015669534731236112,6.951259859279219,7.016794991493225,6.613004970550537,6.407344493865967,6.833166248798371,6.951259859279219,6.613004970550537,6.407344493865967,6.833166248798371,0.0118171085644014,0.08198871311564497,1900390.15,1.0407141922936194,65.58996083385131,0.32000017166137695,0.1346626282974101,0.018886763833939904,43.56735167468119,43.26229028214905,15.974068213111755,7.016794991493225,0.08198871311564497,7.180772417724516,6.852817565261935,0.04673855412053152,0.11266745710431447,0.12942735474336028,-0.016759897639045812,7.40500020980835,6.880000114440918,6.909999847412109,0.031091851594208242,0.20541000176224178,0.02002866207538645,0.03086821659251271,0.01945485386526266,0.9707995734505566,0.12244020257843827,0.3817255536684499,0.025713361143174573,0.07817855062754342,-0.032219511458037475,1.380740331757824,1750.157717150294
2025-12-30 15:30:00,7.130000114440918,7.169899940490723,7.099999904632568,7.150000095367432,756937,1h,1H,yfinance,730d,2026-04-02T03:04:46Z,0.0028050463682329774,0.0028050463682329774,6.97018750081143,7.024294996261597,6.638204975128174,6.411794495582581,6.828666248321533,6.97018750081143,6.638204975128174,6.411794495582581,6.828666248321533,0.011576270089659139,0.08682727339251195,1756815.25,0.4308574848721287,66.45730533988603,0.0699000358581543,0.13003672883746326,0.018186954839583228,43.74587492841788,41.60120154368088,15.360731641162603,7.024294996261597,0.08682727339251195,7.1979495430466205,6.850640449476574,0.0494439788982223,0.11545049406220809,0.12663198260712985,-0.011181488544921764,7.40500020980835,6.909999847412109,6.909999847412109,0.03548151746774275,0.2057336091644728,0.010600747438053393,0.021428585052490234,0.01945485386526266,0.9348286533293724,0.11489627889451262,0.43033577217602753,0.02579738271532417,0.07709842075633944,-0.027891430956985874,1.4477605272432235,1750.157717150294
2025-12-30 16:30:00,7.150000095367432,7.15500020980835,7.119999885559082,7.130000114440918,742111,1h,1H,yfinance,730d,2026-04-02T03:04:46Z,-0.0027972000922730222,-0.0027972000922730222,6.985407749728524,7.028975009918213,6.661704978942871,6.4162444972991945,6.824166250228882,6.985407749728524,6.661704978942871,6.4162444972991945,6.824166250228882,0.011566818393524693,0.0898244126823914,1613976.8,0.4598027679208276,64.70099165466735,0.03500032424926758,0.1232484142240207,0.017285892320590086,43.91164652117337,40.75734510929684,15.049148038976712,7.028975009918213,0.0898244126823914,7.208623835282996,6.84932618455343,0.051116649329750095,0.11471982090331778,0.12424955026636744,-0.00952972936304966,7.40500020980835,6.909999847412109,6.909999847412109,0.02886007085951725,0.1953059399919037,0.010630799139219382,0.013302295952942522,0.01945485386526266,0.8885130898595268,0.10645097641805705,0.48018957692791336,0.020699201806510636,0.07029658878294542,-0.023806757533282874,1.1246954085847243,1750.157717150294
2025-12-30 17:30:00,7.130000114440918,7.150000095367432,7.099999904632568,7.114999771118164,893303,1h,1H,yfinance,730d,2026-04-02T03:04:46Z,-0.0021038349343602825,-0.0021038349343602825,6.997749847003728,7.028224992752075,6.684070014953614,6.42099449634552,6.819491248130799,6.997749847003728,6.684070014953614,6.42099449634552,6.819491248130799,0.011211294988033678,0.08903691356831338,1434220.1,0.6228493102279071,63.34875183385622,0.05000019073486328,0.11801639826050947,0.016586985531548724,43.83731394140274,39.523935987859645,15.804211281212105,7.028224992752075,0.08903691356831338,7.206298819888702,6.850151165615448,0.05067391192520657,0.11164339920717747,0.12172832005452945,-0.010084920847351977,7.40500020980835,6.909999847412109,6.909999847412109,0.025201304481208275,0.2363161823862736,0.018611257712081386,-0.0021038349343602825,0.01945485386526266,0.8525885440427482,0.09629811794014947,0.5262191308525995,0.016755375181729315,0.06447116131346231,-0.01985796714884025,0.9745932882041254,1750.157717150294
2025-12-30 18:30:00,7.114999771118164,7.144999980926514,7.079999923706055,7.09499979019165,1220393,1h,1H,yfinance,730d,2026-04-02T03:04:46Z,-0.0028109601644260573,-0.0028109601644260573,7.007011746354959,7.030054974555969,6.707070007324218,6.425494494438172,6.815016248226166,7.007011746354959,6.707070007324218,6.425494494438172,6.815016248226166,0.010997543724664929,0.09000910956599525,1362987.0,0.8953812472165912,61.50308730222368,0.06500005722045898,0.11422951675764872,0.016100002837993482,43.53338167676037,37.91748473721086,16.41246253501526,7.030054974555969,0.09000910956599525,7.210073193687959,6.850036755423979,0.051213886600754675,0.10636536778492722,0.11865572960060901,-0.012290361815681786,7.340000152587891,6.909999847412109,6.909999847412109,0.021598216677133797,0.22651129569188044,0.010683733542580232,0.005185259446724544,0.01912604963486342,0.841784014229787,0.08594024696825309,0.5959243591617026,0.012557142334242988,0.057838934504009565,-0.015839469338028933,0.721536030617694,1750.157717150294
2025-12-30 19:30:00,7.099999904632568,7.119999885559082,7.054999828338623,7.054999828338623,1171034,1h,1H,yfinance,730d,2026-04-02T03:04:46Z,-0.005637767869750232,-0.005637767869750232,7.011582039877212,7.0205549716949465,6.722768001556396,6.430044493675232,6.809866247177124,7.011582039877212,6.722768001556396,6.430044493675232,6.809866247177124,0.00927590945049039,0.07571285425017948,1338622.35,0.874805354923291,57.87151862135875,0.06500005722045898,0.1107131267907066,0.015692860309647713,42.951498246959865,36.32737862305915,17.33711642874644,7.0205549716949465,0.07571285425017948,7.171980680195306,6.869129263194587,0.04313781719846038,0.09782713688993194,0.1144900110584736,-0.01666287416854166,7.340000152587891,6.909999847412109,7.019999980926514,0.009299007059918818,0.22589047576830446,-0.010518974039059437,-0.026224991058891756,0.01884233982920657,0.8328509331586831,0.07572344843848261,0.5696758149294449,0.006192295578156148,0.04941890404448168,-0.012790008270255226,0.4549406700460632,1750.157717150294
2025-12-30 20:30:00,7.050000190734863,7.099999904632568,6.989999771118164,7.025000095367432,1700322,1h,1H,yfinance,730d,2026-04-02T03:04:46Z,-0.004252265584853476,-0.004252265584853476,7.0128599499239,7.020054984092712,6.740968008041381,6.434694495201111,6.80486624956131,7.0128599499239,6.740968008041381,6.434694495201111,6.80486624956131,0.006825416801114256,0.07564880399322582,1309346.2,1.298603837548847,55.237181504681104,0.1100001335144043,0.11066219869954216,0.015752625935552267,41.66052101178754,33.74809000177718,20.301685730706552,7.020054984092712,0.07564880399322582,7.171352592079164,6.86875737610626,0.04310439400525747,0.08762965949142387,0.10911794074506366,-0.021488281253639788,7.340000152587891,6.909999847412109,7.054999828338623,0.011519067203553002,0.21225194182570295,-0.017482517249333918,-0.001421428892902754,0.018492435332028233,0.8518416126765783,0.06432585937796004,0.6700943356541665,0.0017311261782240184,0.04213520773088142,-0.009390080447804205,0.06536932527264065,1750.157717150294
2025-12-31 14:30:00,6.980000019073486,7.079999923706055,6.909999847412109,7.065000057220459,1482531,1h,1H,yfinance,730d,2026-04-02T03:04:46Z,0.005693944670464024,0.005693944670464024,7.017825674428335,7.0230049848556515,6.761768007278443,6.439044494628906,6.799716248512268,7.017825674428335,6.761768007278443,6.439044494628906,6.799716248512268,0.00686759248449663,0.07619163307812578,1307399.7,1.1339539086631274,57.98351373709976,0.1700000762939453,0.11490061852771381,0.016263357055501353,39.62964791112603,30.181543320833793,23.12941155509708,7.0230049848556515,0.07619163307812578,7.175388251011903,6.8706217186994,0.043395460058721066,0.08183243444677668,0.10366083948540626,-0.02182840503862958,7.340000152587891,6.909999847412109,6.989999771118164,0.010729655015467632,0.19240503456324864,-0.009116417416152545,0.008421355253413587,0.01817054332641461,0.8950396674082512,0.05472135355352888,0.793026071920375,0.0067220795985314385,0.04484508335920623,-0.005580856589733063,0.5511769556343064,1750.157717150294
2025-12-31 15:30:00,7.065000057220459,7.072000026702881,6.949999809265137,6.954999923706055,1277229,1h,1H,yfinance,730d,2026-04-02T03:04:46Z,-0.015569728609129085,-0.015569728609129085,7.011842269597642,7.025004982948303,6.778568010330201,6.442144494056702,6.793666248321533,7.011842269597642,6.778568010330201,6.442144494056702,6.793666248321533,0.007137700291584083,0.07381832513779558,1296948.25,0.9847956539514973,49.06789660800491,0.12200021743774414,0.11540773273557313,0.01659349158900878,37.743837174797484,27.90257072238512,21.382937075910238,7.025004982948303,0.07381832513779558,7.172641633223894,6.877368332672712,0.04203175674151048,0.06758294623176742,0.0964452608346785,-0.028862314602911082,7.340000152587891,6.909999847412109,6.909999847412109,-0.01696111502390929,0.16596810491088698,-0.02248768131540846,0.005784520907258006,0.01778277847667563,0.9331214247972133,0.051165267965252385,0.8214900148681973,-0.008106620729055436,0.026027903401866004,-0.0022223991346443928,-0.9483425573740818,1750.157717150294
2025-12-31 16:30:00,6.954999923706055,6.980000019073486,6.909999847412109,6.945000171661377,1312143,1h,1H,yfinance,730d,2026-04-02T03:04:46Z,-0.0014377788863223495,-0.0014377788863223495,7.005476355508474,7.027004981040955,6.7960680103302,6.445044493675232,6.788116247653961,7.005476355508474,6.7960680103302,6.445044493675232,6.788116247653961,0.007137597983659468,0.0710290528334213,1313165.2,0.9992215754727586,48.34022364626014,0.07000017166137695,0.11216433551598769,0.01615037188532651,35.5776689897407,26.65874223538658,22.97701833932052,7.027004981040955,0.0710290528334213,7.169063086707798,6.884946875374112,0.04043204923011137,0.054850940245141366,0.08812639671677108,-0.033275456471629716,7.340000152587891,6.909999847412109,6.909999847412109,-0.01559173059585317,0.17017695680192757,-0.02114159590781628,0.005792897992415558,0.017381899757223793,0.9291488336086239,0.050895280627478334,0.7944164710682847,-0.00863270115807957,0.021914460112052447,0.0011714240572981982,-1.1545248895814118,1750.157717150294
2025-12-31 17:30:00,6.945000171661377,6.974999904632568,6.920000076293945,6.954999923706055,777421,1h,1H,yfinance,730d,2026-04-02T03:04:46Z,0.0014398490709159883,0.0014398490709159883,7.000669076289196,7.028254985809326,6.813868007659912,6.447944493293762,6.782759249210358,7.000669076289196,6.813868007659912,6.447944493293762,6.782759249210358,0.007102831236630612,0.06951474855051976,1306240.8,0.5951590242779126,49.15229618725841,0.05499982833862305,0.10808115643189022,0.01554006579690915,33.56622710361654,25.689744033959094,22.141844299661063,7.028254985809326,0.06951474855051976,7.1672844829103655,6.889225488708287,0.03956302023240541,0.04504834095724508,0.07951078556486589,-0.03446244460762081,7.340000152587891,6.909999847412109,6.909999847412109,-0.0042949476356352045,0.17582417050890742,-0.014174331263749673,0.0036075174583987124,0.017319133347466206,0.8972773339829193,0.05014500487461422,0.7889723080360909,-0.006523541119493714,0.020712452293981443,0.004586445914791293,-1.0538060430447138,1750.157717150294
2025-12-31 18:30:00,6.954999923706055,6.989999771118164,6.940000057220459,6.954999923706055,706061,1h,1H,yfinance,730d,2026-04-02T03:04:46Z,0.0,0.0,6.996319633186039,7.028999972343445,6.831568002700806,6.4509444904327395,6.776959249973297,6.996319633186039,6.831568002700806,6.4509444904327395,6.776959249973297,0.0070970844114696405,0.06864034595439976,1281668.45,0.550892081333515,49.15229618725841,0.04999971389770508,0.1039324819651627,0.014943563350865005,31.842835195477548,25.837853097982144,21.380989162049655,7.028999972343445,0.06864034595439976,7.166280664252244,6.891719280434645,0.03906122989015472,0.036854870393140615,0.07097960253052084,-0.03412473213738022,7.340000152587891,6.909999847412109,6.909999847412109,-0.009259267435479446,0.1808149543908082,-0.009964437111899538,0.0021469042618937895,0.017218864573374452,0.867859973413825,0.04953003836112209,0.7886371822561575,-0.005905920776402285,0.018067875626276653,0.008058002226843053,-1.0780838529944305,1750.157717150294
2025-12-31 19:30:00,6.954999923706055,6.97790002822876,6.920000076293945,6.925000190734863,1231657,1h,1H,yfinance,730d,2026-04-02T03:04:46Z,-0.004313405219306676,-0.004313405219306676,6.989527305333547,7.027999973297119,6.844468002319336,6.45384449005127,6.771934251785279,6.989527305333547,6.844468002319336,6.45384449005127,6.771934251785279,0.0071608260058460445,0.06998925987354991,1230615.75,1.00084612113895,46.6033706007672,0.05789995193481445,0.10064444410585212,0.014533493333401913,30.00493686495658,24.77611650227006,21.92181799951948,7.027999973297119,0.06998925987354991,7.1679784930442185,6.888021453550019,0.03983452483749233,0.027622345008825988,0.062308151026181875,-0.03468580601735589,7.340000152587891,6.909999847412109,6.909999847412109,-0.02875174199378383,0.16288837606317474,-0.019815975279790066,-0.002879766800888306,0.0168726642075838,0.8613632769903349,0.04809126650937691,0.8283109955052926,-0.009231971173421782,0.01176602599182841,0.010710935433984048,-1.471651261184158,1750.157717150294
2025-12-31 20:30:00,6.929999828338623,6.940000057220459,6.820000171661377,6.824999809265137,2601446,1h,1H,yfinance,730d,2026-04-02T03:04:46Z,-0.014440487901143939,-0.014440487901143939,6.973858019993698,7.019749975204467,6.854145994186402,6.459294486045837,6.7666592502594,6.973858019993698,6.854145994186402,6.459294486045837,6.7666592502594,0.007632988935584082,0.08257533887721581,1235879.05,2.104935754028681,39.28933634871294,0.11999988555908203,0.10202697563822569,0.014949007837292696,28.491184521433173,22.69464237232089,27.0810801638138,7.019749975204467,0.08257533887721581,7.184900652958899,6.854599297450036,0.04705315099192586,0.012096861983542873,0.052265893217654076,-0.040169031234111204,7.340000152587891,6.909999847412109,6.909999847412109,-0.04545458486257459,0.1381168331147704,-0.018691605444568604,-0.023605145530159688,0.016590238560278754,0.9010725061594002,0.04689585255622869,1.0033542078269837,-0.02134517369034361,-0.004252343756025345,0.012929089627743195,-2.3584543350032336,1750.157717150294
2026-01-02 14:30:00,6.860000133514404,7.139999866485596,6.860000133514404,7.014400005340576,1681848,1h,1H,yfinance,730d,2026-04-02T03:04:46Z,0.027750945255459625,0.027750945255459625,6.977719161455306,7.023219966888428,6.868433990478516,6.467238488197327,6.762306249141693,6.977719161455306,6.868433990478516,6.467238488197327,6.762306249141693,0.00978546793991439,0.08080037252878844,1267908.45,1.3264743207603042,54.01100481781237,0.315000057220459,0.1172393386083852,0.016714093652931444,27.633734584423838,30.524271325717983,21.88381087175247,7.023219966888428,0.08080037252878844,7.184820711946005,6.861619221830852,0.04601899009840416,0.014904013579626785,0.04479351729004862,-0.029889503710421837,7.340000152587891,6.820000171661377,6.820000171661377,-0.016213198772074167,0.1798822208242843,0.009992776380680413,0.009992776380680413,0.016590238560278754,1.0074655401851322,0.046378772109467836,0.9922425283227749,0.00525685299687817,0.021251716921849795,0.01569401583229002,-0.10915743667777578,1750.157717150294
2026-01-02 15:30:00,7.014999866485596,7.085999965667725,6.945000171661377,7.065000057220459,1000671,1h,1H,yfinance,730d,2026-04-02T03:04:46Z,0.0072137391425293185,0.0072137391425293185,6.986031627718654,7.026969981193543,6.883633995056153,6.476833486557007,6.75765625,6.986031627718654,6.883633995056153,6.476833486557007,6.75765625,0.0098090151921981,0.08091191086953357,1279556.85,0.7820449712726714,57.01025144454633,0.14099979400634766,0.11893651399395395,0.016834609063081374,26.837531071486598,27.93950943133043,20.030713713700674,7.026969981193543,0.08091191086953357,7.18879380293261,6.865146159454476,0.046057923165222066,0.02096997394213762,0.04002880862046642,-0.0190588346783288,7.340000152587891,6.820000171661377,6.820000171661377,-0.007027366901776744,0.12677627560838922,0.015815979111584166,0.010729655015467632,0.016590238560278754,1.0147297763027776,0.046038456631813114,1.0004228320155177,0.01130376066270311,0.026347429612696427,0.018642224522171125,0.4700182657685335,1750.157717150294
2026-01-02 16:30:00,7.070000171661377,7.159999847412109,7.03000020980835,7.125,848764,1h,1H,yfinance,730d,2026-04-02T03:04:46Z,0.008492560834195695,0.008492560834195695,6.9992667107930675,7.029469990730286,6.900133991241455,6.487483487129212,6.753256249427795,6.9992667107930675,6.900133991241455,6.487483487129212,6.753256249427795,0.009623360661839034,0.08310017017434997,1271408.7,0.6675776247244494,60.31521621376588,0.12999963760375977,0.11972673710894009,0.016803752576693348,26.63935892552444,30.18740335838097,18.47718464849973,7.029469990730286,0.08310017017434997,7.195670331078986,6.863269650381586,0.0472867344388318,0.030269853149399673,0.038077017526253074,-0.007807164376853401,7.340000152587891,6.820000171661377,6.820000171661377,0.004228359506059931,0.16516766421679718,0.02444285811053737,0.007067164958702188,0.016590238560278754,1.012869858118002,0.046038456631813114,1.027113806550937,0.017963780264731,0.03258864379213122,0.02174917349332106,1.149576578113924,1750.157717150294
2026-01-02 17:30:00,7.122099876403809,7.139999866485596,7.059999942779541,7.125,584300,1h,1H,yfinance,730d,2026-04-02T03:04:46Z,0.0,0.0,7.011241309765157,7.032969999313354,6.916333990097046,6.49798348903656,6.749106249809265,7.011241309765157,6.916333990097046,6.49798348903656,6.749106249809265,0.009595674644547521,0.08554004165338339,1260415.9,0.4635771414816332,60.31521621376588,0.07999992370605469,0.11688910758016256,0.01640548878318071,26.455341932845293,28.711651794997845,17.573902779296766,7.032969999313354,0.08554004165338339,7.204050082620121,6.861889916006588,0.04865087817052246,0.037211127706093805,0.03790383956222122,-0.0006927118561274176,7.340000152587891,6.820000171661377,6.820000171661377,0.009922065678896086,0.1825725953893924,0.028880838087589122,0.009922065678896086,0.016496237157364715,0.9944988439897949,0.046038456631813114,1.0567443335384126,0.016225185414229237,0.030170030857637364,0.02477776080240357,1.0758704217091715,1750.157717150294
2026-01-02 18:30:00,7.125,7.190000057220459,7.099999904632568,7.170000076293945,588975,1h,1H,yfinance,730d,2026-04-02T03:04:46Z,0.006315800181606379,0.006315800181606379,7.026361192291708,7.0422199964523315,6.932233991622925,6.5084274911880495,6.7455312490463255,7.026361192291708,6.932233991622925,6.5084274911880495,6.7455312490463255,0.00936022798874251,0.08975156253580427,1236744.3,0.4762302118554336,62.80261876677965,0.09000015258789062,0.11496846793785742,0.016034653656138136,26.64447317072125,30.21266337931703,16.591239594667012,7.0422199964523315,0.08975156253580427,7.22172312152394,6.862716871380723,0.050979130206678325,0.04581513946819271,0.039486099543415525,0.006329039924777187,7.340000152587891,6.820000171661377,6.820000171661377,0.020640566399726,0.1725266303620594,0.05054949108723217,0.02648531699976653,0.01633442291934103,0.9816480040535777,0.046038456631813114,1.1073162294378727,0.020442855138135485,0.034298623641144,0.027677989424924165,1.4237086935465766,1750.157717150294
2026-01-02 19:30:00,7.164999961853027,7.199999809265137,7.139999866485596,7.144999980926514,988168,1h,1H,yfinance,730d,2026-04-02T03:04:46Z,-0.003486763612470356,-0.003486763612470356,7.037660124542643,7.048469996452331,6.946173992156982,6.5191774892807,6.74311824798584,7.037660124542643,6.946173992156982,6.5191774892807,6.74311824798584,0.009377325954365263,0.09230265588565521,1177153.85,0.8394552674656757,60.53262500619223,0.059999942779541016,0.1110421447122634,0.015541237929837507,26.89146565813938,29.689835588111595,15.950894931642775,7.048469996452331,0.09230265588565521,7.233075308223642,6.863864684681021,0.052381669174793075,0.05003975487108914,0.04159683060895025,0.008442924262138884,7.340000152587891,6.820000171661377,6.860000133514404,0.01132341444559426,0.17710045780293715,0.01861883774613693,0.017806267854647784,0.01620686447041393,0.9589293449210028,0.04639823864287679,1.1289581395097825,0.015252208047038529,0.028623813482649307,0.03011303327385595,1.0457985585351315,1750.157717150294
2026-01-02 20:30:00,7.144999980926514,7.15500020980835,7.03000020980835,7.050000190734863,1620958,1h,1H,yfinance,730d,2026-04-02T03:04:46Z,-0.013295981867774809,-0.013295981867774809,7.038835368941902,7.044470000267029,6.956701993942261,6.529327492713929,6.740043249130249,7.038835368941902,6.956701993942261,6.529327492713929,6.740043249130249,0.009224045359981553,0.0903965673121978,1159313.6,1.3982049378183778,52.732666275367094,0.125,0.11203913437567316,0.015892075368014232,25.791251223824947,27.323806796224087,21.69257735579552,7.044470000267029,0.0903965673121978,7.225263134891424,6.863676865642633,0.051329094912049435,0.045201054275493036,0.04231767534225881,0.002883378933234225,7.340000152587891,6.820000171661377,6.945000171661377,0.013659276501930773,0.16240727522199272,-0.00212312333533049,-0.011220185472932132,0.016125187361659996,0.9855436102280571,0.04655553707857396,1.1025346958283162,0.0015861745882317368,0.013411268281125821,0.03214500809619736,0.06117699634251958,1750.157717150294
2026-01-05 14:30:00,7.21999979019165,7.21999979019165,6.8007001876831055,6.824999809265137,4219373,1h,1H,yfinance,730d,2026-04-02T03:04:46Z,-0.03191494686275653,-0.03191494686275653,7.018470077544115,7.028219985961914,6.962801990509033,6.538077492713928,6.735768249034882,7.018470077544115,6.962801990509033,6.538077492713928,6.735768249034882,0.011436463751053592,0.09878767435888741,1332435.4,3.1666623387520327,39.688580292022365,0.4192996025085449,0.1339863106708783,0.019631694419828108,25.064343037323923,21.216113900844498,29.06769814270074,7.028219985961914,0.09878767435888741,7.225795334679689,6.830644637244139,0.056223438968162606,0.02294618942636717,0.038443378159080485,-0.015497188732713316,7.199999809265137,6.820000171661377,7.03000020980835,-0.017278669464385943,0.12438214435785011,-0.04210528992770013,-0.04545458486257459,0.016125187361659996,1.2174552753728212,0.04655553707857396,1.2076638461558649,-0.02756587491880802,-0.01979119633614934,0.03370569370564103,-2.057141014966049,1750.157717150294
2026-01-05 15:30:00,6.824999809265137,6.965000152587891,6.78000020980835,6.925000190734863,2817545,1h,1H,yfinance,730d,2026-04-02T03:04:46Z,0.01465207095448906,0.01465207095448906,7.009568183562282,7.017969989776612,6.970201997756958,6.5458424949645995,6.731618249416352,7.009568183562282,6.970201997756958,6.5458424949645995,6.731618249416352,0.012013076200160835,0.09832954165516297,1436207.1,1.9617957605139258,46.073287069571904,0.18499994277954102,0.1376301415357828,0.019874388122028026,24.528522750963916,19.179091334492533,27.3511281962231,7.017969989776612,0.09832954165516297,7.214629073086938,6.821310906466286,0.05604443552674295,0.013225785124194367,0.03339985955210326,-0.020174074427908896,7.21999979019165,6.8007001876831055,6.8007001876831055,-0.004313405219306676,0.10270699990091203,-0.028070148668791095,-0.02875174199378383,0.016125187361659996,1.23250587272445,0.04655553707857396,1.2038189019740904,-0.01206465086190811,-0.006485006752550482,0.035442257641584485,-0.9454920411181115,1750.157717150294
2026-01-05 16:30:00,6.925000190734863,6.974999904632568,6.869999885559082,6.90500020980835,929832,1h,1H,yfinance,730d,2026-04-02T03:04:46Z,-0.0028880838087589344,-0.0028880838087589344,6.99960932891905,7.007470011711121,6.977435998916626,6.553542494773865,6.72729325056076,6.99960932891905,6.977435998916626,6.553542494773865,6.72729325056076,0.012016637191321816,0.09861956630751842,1438033.55,0.6465996568717051,45.046188641831876,0.10500001907348633,0.13529941850276161,0.019594411932178188,23.931307770527788,18.643860572820582,25.834983478051672,7.007470011711121,0.09861956630751842,7.2047091443261575,6.810230879096084,0.05629396409414644,0.0038639224759418056,0.027492672136870972,-0.023628749660929167,7.21999979019165,6.78000020980835,6.78000020980835,-0.007189031552291114,0.088927784563549,-0.036959534681423545,-0.029515048217185202,0.016125187361659996,1.2151432099801074,0.04655553707857396,1.209178706265089,-0.013516342793564284,-0.010381433684167551,0.037183268075167586,-1.0390412951446841,1750.157717150294
2026-01-05 17:30:00,6.90500020980835,6.929999828338623,6.880000114440918,6.917300224304199,883554,1h,1H,yfinance,730d,2026-04-02T03:04:46Z,0.0017813199307912253,0.0017813199307912253,6.991770366574778,6.998585033416748,6.984482002258301,6.561165494918823,6.722954752445221,6.991770366574778,6.984482002258301,6.561165494918823,6.722954752445221,0.012031815336583958,0.09833784846842784,1421191.6,0.6216994246236749,45.84575787440084,0.04999971389770508,0.1292065824595433,0.018678758803264174,23.376751002979955,18.12852432554628,25.12087690221825,6.998585033416748,0.09833784846842784,7.195260730353604,6.801909336479892,0.056204417320864515,-0.002533705764198757,0.02148739655665703,-0.024021102320855785,7.21999979019165,6.78000020980835,6.78000020980835,-0.001111908479217938,0.0979841293460868,-0.03186840549057468,-0.025045746461206164,0.01620686447041393,1.152521441600425,0.04655553707857396,1.2072552664574718,-0.010651113861890438,-0.009618720176010176,0.0389006410786803,-0.8265872233176405,1750.157717150294
2026-01-05 18:30:00,6.909999847412109,6.9355998039245605,6.820000171661377,6.835000038146973,1224891,1h,1H,yfinance,730d,2026-04-02T03:04:46Z,-0.011897732278275508,-0.011897732278275508,6.976839859105463,6.987585043907165,6.988882007598877,6.568265495300293,6.718329751491547,6.976839859105463,6.988882007598877,6.568265495300293,6.718329751491547,0.012223224677687819,0.10357704259031192,1423884.45,0.8602460684221954,41.49528119350104,0.1155996322631836,0.12823465744551762,0.018761471357691923,23.318643076879244,16.96121634542081,26.84541077495429,6.987585043907165,0.10357704259031192,7.194739129087789,6.780430958726542,0.05929203977596002,-0.014082475437658282,0.014373422157793967,-0.02845589759545225,7.21999979019165,6.78000020980835,6.78000020980835,0.0014652350419497306,0.0840603051924278,-0.03049647471931205,-0.031183528780249214,0.01633442291934103,1.1485848903469438,0.04716994271537883,1.256987741827997,-0.02033009554796872,-0.022018109518030515,0.040270761649837894,-1.4731546870258347,1750.157717150294
2026-01-05 19:30:00,6.834000110626221,6.869999885559082,6.783999919891357,6.824999809265137,1283853,1h,1H,yfinance,730d,2026-04-02T03:04:46Z,-0.0014630912693524012,-0.0014630912693524012,6.9623789019778135,6.977585029602051,6.99288200378418,6.574115495681763,6.71275475025177,6.9623789019778135,6.99288200378418,6.574115495681763,6.71275475025177,0.012207017708563136,0.10899498652710697,1403061.0,0.9150371936786783,40.98633649379807,0.08599996566772461,0.12521789374710385,0.018346944651502686,23.524544754893125,16.12914447240752,27.582024331062406,6.977585029602051,0.10899498652710697,7.195575002656265,6.759595056547837,0.06248292844283599,-0.023767911811282794,0.0067451553639786156,-0.030513067175261407,7.21999979019165,6.78000020980835,6.78000020980835,-0.027001624648043343,0.083333270259637,0.0,-0.028469791229495223,0.016499490186094746,1.1119703969377743,0.04796880630467713,1.3025741780183444,-0.019731631191983956,-0.024007582914768788,0.041730595553472805,-1.399928796715493,1750.157717150294
2026-01-05 20:30:00,6.824999809265137,6.849899768829346,6.7631001472473145,6.829999923706055,1609097,1h,1H,yfinance,730d,2026-04-02T03:04:46Z,0.0007326175209749763,0.0007326175209749763,6.949771380237646,6.96583502292633,6.996282005310059,6.580565495491028,6.708104748725891,6.949771380237646,6.996282005310059,6.580565495491028,6.708104748725891,0.012111012684211107,0.11157438439267776,1409389.3,1.141698039001715,41.37352313771706,0.08679962158203125,0.12247373144959867,0.017931732476966514,23.866152993253063,15.312640732569688,27.404649846405515,6.96583502292633,0.11157438439267776,7.188983791711686,6.742686254140975,0.06406949577499792,-0.030686487740501533,-0.0007411732569174145,-0.029945314483584118,7.21999979019165,6.78000020980835,6.78000020980835,-0.03326258055358866,0.08155183876787997,-0.013718449734616889,-0.03326258055358866,0.016653792620970113,1.0767356652674567,0.049815004188600395,1.2861485574191622,-0.017233870005015306,-0.023767206850409783,0.04295956419566993,-1.2174398268890658,1750.157717150294
2026-01-06 14:30:00,6.789999961853027,6.940000057220459,6.699999809265137,6.934500217437744,2353104,1h,1H,yfinance,730d,2026-04-02T03:04:46Z,0.01530018958989765,0.01530018958989765,6.948316983780512,6.964810037612915,6.999872007369995,6.586460499763489,6.70482724905014,6.948316983780512,6.999872007369995,6.586460499763489,6.70482724905014,0.012201155650347913,0.11176321483702505,1463183.05,1.6082088977178897,48.916922418843036,0.24000024795532227,0.13086848262857892,0.01887208573438246,23.111274182370064,18.224501534283995,23.814828421894706,6.964810037612915,0.11176321483702505,7.188336467286965,6.741283607938866,0.0641873729410889,-0.027421115105418892,-0.00607716162661771,-0.02134395347880118,7.21999979019165,6.7631001472473145,6.7631001472473145,-0.02673681158768504,0.08776473999023438,0.004272267448665712,-0.0029474775691136212,0.016758923114812398,1.1260917903312262,0.051154112559363876,1.2547842143991852,-0.0019885054719035455,-0.00933899789359327,0.04400482627820912,-0.2711967459004247,1750.157717150294
2026-01-06 15:30:00,6.922399997711182,7.019999980926514,6.920000076293945,6.965000152587891,2112346,1h,1H,yfinance,730d,2026-04-02T03:04:46Z,0.004398288873572964,0.004398288873572964,6.949905857000263,6.96581003665924,7.002072010040283,6.591860499382019,6.702127249240875,6.949905857000263,7.002072010040283,6.591860499382019,6.702127249240875,0.01223476669885483,0.11167092934308666,1503193.2,1.4052391934716044,50.902552319349944,0.09999990463256836,0.12866358420029245,0.018472876005966296,21.596171993255254,21.65401224160509,22.492731294483757,6.96581003665924,0.11167092934308666,7.189151895345414,6.742468177973067,0.06412516491571932,-0.022117240121733772,-0.009285177325640923,-0.01283206279609285,7.21999979019165,6.699999809265137,6.699999809265137,-0.022456118935032854,0.08017993207732688,0.006895743532439935,0.002879766800888195,0.016819180819887362,1.0983219815392893,0.05185538204342126,1.236615417509101,0.0021718705113715764,-0.005294412482367394,0.04475366546246673,-0.0072524163281702,1750.157717150294
2026-01-06 16:30:00,6.965000152587891,6.96999979019165,6.84499979019165,6.864999771118164,866816,1h,1H,yfinance,730d,2026-04-02T03:04:46Z,-0.014357556249667947,-0.014357556249667947,6.94181956310673,6.961310029029846,7.001042003631592,6.597560496330261,6.699777247905732,6.94181956310673,7.001042003631592,6.597560496330261,6.699777247905732,0.012633869215530847,0.1138087823786202,1507662.95,0.5749401747917199,44.759379522051866,0.125,0.12840189961455728,0.0187038461610383,20.83538408600643,20.14827599007995,25.100857594179693,6.961310029029846,0.1138087823786202,7.188927593787087,6.733692464272606,0.0653950373731486,-0.02568697260079844,-0.012565536380672428,-0.013121436220126013,7.21999979019165,6.699999809265137,6.699999809265137,-0.042538396364066866,0.05233301617771424,0.004389134279993989,-0.012940352778599729,0.017383170770023944,1.0759743667301347,0.05421305235076801,1.2062600155776357,-0.011066232893294337,-0.01943171208555239,0.044966383892842465,-0.8462462729042842,1750.157717150294
2026-01-06 17:30:00,6.879899978637695,6.909999847412109,6.850100040435791,6.875,764667,1h,1H,yfinance,730d,2026-04-02T03:04:46Z,0.0014566976278582722,0.0014566976278582722,6.935455795191803,6.957310032844544,6.9985420036315915,6.603960494995118,6.697777247428894,6.935455795191803,6.9985420036315915,6.603960494995118,6.697777247428894,0.01264114812952907,0.11535562041408505,1510593.25,0.5062031092751142,45.46813509926172,0.05989980697631836,0.12350889299754021,0.017964929890551304,20.128938172132525,19.45030551927841,24.231321292356263,6.957310032844544,0.11535562041408505,7.188021273672714,6.7265987920163735,0.06632196631715788,-0.027393303463044916,-0.015531089797146926,-0.01186221366589799,7.21999979019165,6.699999809265137,6.699999809265137,-0.03778866083236876,0.05444785584539824,0.007326035477244419,-0.01150250533193764,0.01794833118375891,1.000924805020726,0.05612442642380373,1.181695217984965,-0.008716917384682277,-0.017652534423239108,0.044905159591288824,-0.7135329214916475,1750.157717150294
2026-01-06 18:30:00,6.855000019073486,6.940000057220459,6.835000038146973,6.914599895477295,1262445,1h,1H,yfinance,730d,2026-04-02T03:04:46Z,0.0057599847966973705,0.0057599847966973705,6.933469519028517,6.956790018081665,6.9961060047149655,6.610956492424012,6.696625247001648,6.933469519028517,6.9961060047149655,6.610956492424012,6.696625247001648,0.01267972350891044,0.1155234185894951,1512132.65,0.834877151816013,48.297063365990404,0.10500001907348633,0.12218683057439352,0.01767084609686723,19.147884995755362,20.010184965382916,22.74396834399921,6.956790018081665,0.1155234185894951,7.187836855260655,6.725743180902675,0.06642340406379016,-0.025259031952791666,-0.017476678228275876,-0.00778235372451579,7.21999979019165,6.699999809265137,6.699999809265137,-0.01920571511976865,0.05485889802529753,0.012386526019949828,-0.0015018476492583144,0.01794833118375891,0.9845397834455624,0.056213928144513564,1.1816182618128073,-0.0027215268632010403,-0.011650210729045596,0.044721146348663865,-0.36520839773872843,1750.157717150294
2026-01-06 19:30:00,6.909999847412109,6.925000190734863,6.824999809265137,6.889999866485596,884645,1h,1H,yfinance,730d,2026-04-02T03:04:46Z,-0.0035576937731117697,-0.0035576937731117697,6.929329552119667,6.960040020942688,6.991305999755859,6.618556489944458,6.695467746257782,6.929329552119667,6.991305999755859,6.618556489944458,6.695467746257782,0.012275170579869661,0.11264861732184346,1426292.6,0.6202408958722775,46.677112544536556,0.10000038146972656,0.12060208420977445,0.01750393128400601,18.333933497212758,18.825044270836244,21.98919423902067,6.960040020942688,0.11264861732184346,7.185337255586375,6.734742786299001,0.06474021240273618,-0.02526142516828145,-0.019033627616276992,-0.006227797552004456,7.21999979019165,6.699999809265137,6.699999809265137,0.00952381817391701,0.05298545177756342,-0.006417239823606313,0.00952381817391701,0.01794833118375891,0.9752400434779681,0.056258701531154524,1.1507590939845072,-0.005675828424416718,-0.0144903017081216,0.04418485230750702,-0.6217577820505638,1750.157717150294
2026-01-06 20:30:00,6.885000228881836,6.974999904632568,6.880000114440918,6.960000038146973,1211887,1h,1H,yfinance,730d,2026-04-02T03:04:46Z,0.010159676780528315,0.010159676780528315,6.932250550788934,6.957320022583008,6.9893379974365235,6.628357491493225,6.693842747211456,6.932250550788934,6.9893379974365235,6.628357491493225,6.693842747211456,0.010841043891266961,0.11195785938553282,1402794.55,0.8639091162708038,51.64706377088298,0.09499979019165039,0.11877334892276559,0.017065136245945734,17.028418290259875,20.756451660757968,20.732918641039507,6.957320022583008,0.11195785938553282,7.181235741354073,6.733404303811942,0.06436838266581092,-0.019391361427734566,-0.01910517437856851,-0.0002861870491660569,7.21999979019165,6.699999809265137,6.824999809265137,0.0050541294509907075,0.06016755178731126,-0.0007178915048637879,-0.007755469769643142,0.01794833118375891,0.9507923645507299,0.05779300193505323,1.113774687429232,0.004002955051138457,-0.004197530481472089,0.04414433702497211,0.023937717089929755,1750.157717150294
2026-01-07 14:30:00,6.900000095367432,6.989999771118164,6.670000076293945,6.675000190734863,2830586,1h,1H,yfinance,730d,2026-04-02T03:04:46Z,-0.04094825371408872,-0.04094825371408872,6.90775051649807,6.937820029258728,6.977938003540039,6.633757491111755,6.690142748355865,6.90775051649807,6.977938003540039,6.633757491111755,6.690142748355865,0.01383388157893222,0.1247388769321975,1494290.3,1.894267800573958,36.663806758252925,0.31999969482421875,0.13314665934429795,0.019947064500329188,17.572475277103475,17.193217474492947,28.43949908586326,6.937820029258728,0.1247388769321975,7.187297783123123,6.688342275394334,0.07191819701643373,-0.0373063550265309,-0.02274541050816099,-0.014560944518369912,7.21999979019165,6.699999809265137,6.824999809265137,-0.03330919798478471,0.009070358532538014,-0.027676560337649314,-0.05520167916870922,0.018155937271026996,1.0986524244143787,0.06088748410939801,1.18116552306902,-0.03369408394343709,-0.043413657824344365,0.04301780485250495,-2.1069601153032833,1750.157717150294
2026-01-07 15:30:00,6.675000190734863,6.769999980926514,6.639999866485596,6.755000114440918,1742101,1h,1H,yfinance,730d,2026-04-02T03:04:46Z,0.011985006954321475,0.011985006954321475,6.8932028591592935,6.919320034980774,6.972338008880615,6.641207489967346,6.687242748737336,6.8932028591592935,6.972338008880615,6.641207489967346,6.687242748737336,0.013995637681030508,0.12303201461565207,1538957.15,1.1320009787147096,41.77042986252494,0.13000011444091797,0.13292190613691368,0.0196775579400438,18.274626245391488,15.992125417482834,28.064887526753186,6.919320034980774,0.12303201461565207,7.165384064212078,6.67325600574947,0.07112376013461497,-0.04453541472964684,-0.02710341135245816,-0.017432003377188678,7.21999979019165,6.670000076293945,6.670000076293945,-0.023462926951331897,0.019622658783534863,-0.017454528808593772,-0.051929808499520336,0.018409910328734493,1.0688568053115797,0.06327621210891696,1.1240205088792306,-0.020049133551138687,-0.0311714512639627,0.0426327069100505,-1.3355866849225038,1750.157717150294
2026-01-07 16:30:00,6.755000114440918,6.869999885559082,6.755000114440918,6.78000020980835,1028845,1h,1H,yfinance,730d,2026-04-02T03:04:46Z,0.0037009763055348976,0.0037009763055348976,6.882421654459204,6.902070045471191,6.967818012237549,6.648857493400573,6.684217748641967,6.882421654459204,6.967818012237549,6.648857493400573,6.684217748641967,0.014052658428670461,0.11702394099539462,1561184.4,0.659015680658864,43.30870838527003,0.11499977111816406,0.13164175363557443,0.019416187251017143,17.87005869145532,20.42021446281787,26.313676079830874,6.902070045471191,0.11702394099539462,7.136117927461981,6.668022163480402,0.06781961946165997,-0.04769737224859316,-0.03122220353168516,-0.016475168716908,7.21999979019165,6.639999866485596,6.639999866485596,-0.008046792689343385,0.01801807284468171,-0.019466012163188884,-0.04842102318479302,0.018575817404615235,1.045239992841075,0.06409733034535861,1.0580724516332511,-0.014881599790459554,-0.026955038449531288,0.042428340048197954,-1.043118481778406,1750.157717150294
2026-01-07 17:30:00,6.78000020980835,6.820000171661377,6.710000038146973,6.735000133514404,770283,1h,1H,yfinance,730d,2026-04-02T03:04:46Z,-0.006637179188998532,-0.006637179188998532,6.868381509607318,6.880320048332214,6.9642180156707765,6.655857496261596,6.68141774892807,6.868381509607318,6.9642180156707765,6.655857496261596,6.68141774892807,0.01393503491086774,0.105013490056166,1570249.8,0.490548064390774,41.19894497867178,0.1100001335144043,0.1300959236269194,0.01931639510733518,17.826896297037216,19.186934184103617,27.195168367872174,6.880320048332214,0.105013490056166,7.090347028444546,6.670293068219882,0.06105151464959605,-0.053220879271231425,-0.035621938679594414,-0.01759894059163701,7.21999979019165,6.639999866485596,6.639999866485596,-0.01318676604628699,-0.0029607669263775893,-0.02249633323291378,-0.06066944744084091,0.018691302482151236,1.03344296770013,0.06409733034535861,0.9524813954130134,-0.01941962249859641,-0.032913656872974095,0.04232638601112426,-1.3838213998990605,1750.157717150294
2026-01-07 18:30:00,6.735000133514404,6.800000190734863,6.735000133514404,6.789999961853027,763536,1h,1H,yfinance,730d,2026-04-02T03:04:46Z,0.0081662698215752,0.0081662698215752,6.860916600297386,6.86257004737854,6.96191801071167,6.6638074970245365,6.679142749309539,6.860916600297386,6.96191801071167,6.6638074970245365,6.679142749309539,0.014145616686459292,0.08728048536239555,1559018.2,0.4897543851636883,44.74206559778773,0.06500005722045898,0.1254462188836008,0.018475142796520114,17.786816930791833,18.476810964453428,26.188654229916647,6.86257004737854,0.08728048536239555,7.037131018103331,6.688009076653749,0.05087335197153202,-0.05255445682296678,-0.03900844230826889,-0.01354601451469789,7.21999979019165,6.639999866485596,6.639999866485596,-0.005856509853564229,-0.009482138153114716,-0.024425298184223343,-0.049685097273779455,0.018691302482151236,0.9884352796795441,0.06409733034535861,0.7936890927816285,-0.010336321307459762,-0.024694063991292037,0.042337059113066955,-0.8314583176777249,1750.157717150294
2026-01-07 19:30:00,6.795000076293945,6.829999923706055,6.739999771118164,6.749899864196777,1248043,1h,1H,yfinance,730d,2026-04-02T03:04:46Z,-0.005905758156338314,-0.005905758156338314,6.850343577811613,6.847565031051635,6.958316011428833,6.672156496047974,6.678867249488831,6.850343577811613,6.958316011428833,6.672156496047974,6.678867249488831,0.013952504471503445,0.07918938178257705,1540372.45,0.8102215798523273,42.72086403039108,0.09000015258789062,0.12291435700533579,0.018209804512405506,17.418271141081725,19.253808125936175,24.818953213122093,6.847565031051635,0.07918938178257705,7.0059437946167895,6.689186267486481,0.046258418239755114,-0.054632287973423566,-0.04213321144129983,-0.012499076532123739,7.21999979019165,6.639999866485596,6.639999866485596,-0.02662057069041024,-0.024087359958171572,0.011220924542575617,-0.04256742105233968,0.018691302482151236,0.9742394640391956,0.06409733034535861,0.7216902481041437,-0.014662580420079174,-0.029952095721111016,0.0418407420751461,-1.2333113942347504,1750.157717150294
2026-01-07 20:30:00,6.744999885559082,6.869999885559082,6.744999885559082,6.829999923706055,2128171,1h,1H,yfinance,730d,2026-04-02T03:04:46Z,0.011866851526812772,0.011866851526812772,6.848406086944417,6.847815036773682,6.956114006042481,6.681156497001648,6.678892250061035,6.848406086944417,6.956114006042481,6.681156497001648,6.678892250061035,0.012452827556183868,0.07912561451473904,1435812.35,1.4822069193094765,47.79410225896436,0.125,0.12306333150495466,0.018018057522638853,16.643669677891364,20.178575972863005,23.018272264249756,6.847815036773682,0.07912561451473904,7.00606626580316,6.689563807744204,0.04621948115702534,-0.049247879848700826,-0.04355614512278003,-0.0056917347259207995,7.21999979019165,6.639999866485596,6.639999866485596,-0.0193826598599105,-0.024285725184849283,0.011102858326353049,0.0007326175209749763,0.018576950799892144,0.9699146924985915,0.06409733034535861,0.7210827800158476,-0.002687656515207415,-0.018129961962508934,0.04150714603591821,-0.2251497593653249,1750.157717150294
2026-01-08 14:30:00,6.75,6.960000038146973,6.730000019073486,6.849999904632568,1978021,1h,1H,yfinance,730d,2026-04-02T03:04:46Z,0.00292825492678217,0.00292825492678217,6.8485578791051935,6.844065022468567,6.954214000701905,6.690006494522095,6.6785172486305235,6.8485578791051935,6.954214000701905,6.690006494522095,6.6785172486305235,0.012023267560655927,0.07713080803300329,1393836.15,1.4191201742041202,49.00851928580183,0.23000001907348633,0.13070166633127836,0.019080535496487593,15.86242567607191,22.560741689046946,20.12498580486403,6.844065022468567,0.07713080803300329,6.998326638534573,6.689803406402561,0.04507894520568596,-0.042872657000735614,-0.04341944749837115,0.0005467904976355353,7.019999980926514,6.639999866485596,6.710000038146973,-0.002184976982621545,-0.026490810766853667,0.010324438445142414,-0.010830365925857954,0.018576950799892144,1.0271080384515188,0.06409733034535861,0.7032889663703473,0.00021055900422117801,-0.014985747642913716,0.04128113199496708,0.0769456759932014,1750.157717150294
2026-01-08 15:30:00,6.849999904632568,6.945000171661377,6.829999923706055,6.934999942779541,1036604,1h,1H,yfinance,730d,2026-04-02T03:04:46Z,0.012408764865746713,0.012408764865746713,6.856790456597989,6.845565009117126,6.953114004135132,6.701806492805481,6.678592748641968,6.856790456597989,6.953114004135132,6.701806492805481,6.678592748641968,0.01232786361039165,0.0785793530239947,1399174.75,0.7408681438826709,53.915122502193185,0.11500024795532227,0.1295801364472815,0.018684951336185,15.13698481723956,21.130578217882125,18.849229007834587,6.845565009117126,0.0785793530239947,7.002723715165116,6.6884063030691365,0.04591548129005601,-0.03060861717364549,-0.04085728143342602,0.010248664259780528,7.019999980926514,6.639999866485596,6.710000038146973,0.00872726440429683,-0.027349252248457745,0.02969559098743102,0.004344638965916081,0.018576950799892144,1.005813684789082,0.06409733034535861,0.7163399948587846,0.011406136249401344,-0.0026051724946286603,0.041104655699957915,1.1381480022507338,1750.157717150294
2026-01-08 16:30:00,6.929999828338623,7.340000152587891,6.929999828338623,7.253799915313721,2492708,1h,1H,yfinance,730d,2026-04-02T03:04:46Z,0.04596971523642224,0.04596971523642224,6.894600881237582,6.862389993667603,6.9592899990081785,6.716497492790222,6.679936747550965,6.894600881237582,6.9592899990081785,6.716497492790222,6.679936747550965,0.015852386260059137,0.11818258963788232,1479632.45,1.6846805434687513,66.81336146878338,0.4100003242492676,0.1496101498617091,0.020625072597586058,16.95329003382953,35.852867256736296,15.159549047615897,6.862389993667603,0.11818258963788232,7.098755172943368,6.626024814391838,0.06888713101233693,0.004780114028922533,-0.03172980234095631,0.036509916369878846,7.019999980926514,6.639999866485596,6.730000019073486,0.04905562504900529,0.02768329322985008,0.06830632637207268,0.04864610181689333,0.018580047066352558,1.1100656808850031,0.0641562689284041,1.073739669761848,0.0520985971869139,0.04231896017374126,0.04181974500875807,3.3119084870742688,1750.157717150294
2026-01-08 17:30:00,7.255099773406982,7.400000095367432,7.230000019073486,7.355000019073486,2664903,1h,1H,yfinance,730d,2026-04-02T03:04:46Z,0.013951322746870831,0.013951322746870831,6.938448418174334,6.888389992713928,6.966590003967285,6.732497491836548,6.68201174736023,6.938448418174334,6.966590003967285,6.732497491836548,6.68201174736023,0.01567836365274516,0.159332501130357,1551633.05,1.7174827514791593,69.71136584467014,0.1700000762939453,0.1510665731782974,0.02053930289415925,18.881952451071054,35.80795049820814,13.941011305113063,6.888389992713928,0.159332501130357,7.207054994974642,6.5697249904532145,0.09252234632411226,0.04052479645018714,-0.017278882582727625,0.057803679032914765,7.340000152587891,6.639999866485596,6.730000019073486,0.06748913811301338,0.015182903416418148,0.0896457972786111,0.07607900190553485,0.018580047066352558,1.105449454504063,0.0642778778034499,1.4394119638957095,0.06003526664665415,0.05575324726803377,0.0425887094136701,2.928530105592229,1750.157717150294
2026-01-08 18:30:00,7.349999904632568,7.5,7.329999923706055,7.485000133514404,2480711,1h,1H,yfinance,730d,2026-04-02T03:04:46Z,0.017675066499496017,0.017675066499496017,6.990500962492436,6.921390008926392,6.974790010452271,6.749397492408752,6.684236748218536,6.990500962492436,6.974790010452271,6.749397492408752,6.684236748218536,0.01591051245924028,0.20468051222294428,1611475.95,1.5394030546965347,72.97598889557635,0.1700000762939453,0.15241896625798654,0.02036325498185687,21.04455540614023,37.64154127326068,12.830363537099107,6.921390008926392,0.20468051222294428,7.33075103337228,6.512028984480503,0.1182886743610584,0.0784384479726743,0.0018645835283527588,0.07657386444432154,7.400000095367432,6.639999866485596,6.730000019073486,0.07543104777154674,0.06396592691723102,0.09590047102854693,0.09670334691486704,0.018694398748611653,1.0892703881888235,0.06455429753427355,1.8323903888545279,0.0707387315551784,0.07315060701433929,0.0434684277619537,2.7536091172867065,1750.157717150294
2026-01-08 19:30:00,7.484899997711182,7.590000152587891,7.452099800109863,7.550000190734863,2054211,1h,1H,yfinance,730d,2026-04-02T03:04:46Z,0.008684042225920452,0.008684042225920452,7.043786603277429,6.957390022277832,6.984690017700196,6.765647492408752,6.6880537486076355,7.043786603277429,6.984690017700196,6.765647492408752,6.6880537486076355,0.015904436279007374,0.24482246990907064,1633731.65,1.2573735717245853,74.45835961132805,0.13790035247802734,0.1513819224165609,0.020050585244002023,23.35251908020229,39.43890319854499,11.9955253883091,6.957390022277832,0.24482246990907064,7.447034962095973,6.467745082459691,0.14075535171961864,0.11243418010648032,0.02397850284397827,0.08845567726250204,7.5,6.710000038146973,6.730000019073486,0.13108613857637508,0.07764775128674906,0.1021898242113688,0.10541731699436485,0.01878796594771038,1.0672036185186675,0.06506762488794239,2.163216376224328,0.07186668420958364,0.0809356136925321,0.044353152687254704,2.420570990387982,1750.157717150294
2026-01-08 20:30:00,7.550000190734863,7.575600147247315,7.489999771118164,7.539999961853027,1975534,1h,1H,yfinance,730d,2026-04-02T03:04:46Z,-0.0013245335932716706,-0.0013245335932716706,7.091045018379867,6.987665009498596,6.995790014266968,6.781397490501404,6.691178748607635,7.091045018379867,6.995790014266968,6.781397490501404,6.691178748607635,0.015786234181192352,0.27562109289288805,1614853.15,1.2233521048028424,73.78774633532026,0.08560037612915128,0.1466832405388888,0.019454010779973527,25.495628206117058,37.79494045877914,11.495506493690776,6.987665009498596,0.27562109289288805,7.538907195284373,6.43642282371282,0.1577757906357709,0.1369899727209516,0.04658079681937294,0.09040917590157865,7.590000152587891,6.710000038146973,6.829999923706055,0.11621019009813605,0.09038322537206755,0.08723864802672265,0.08731699840352913,0.018892190828762947,1.029738210687308,0.06585850184515324,2.3956784046915303,0.06331294503271057,0.07779106383642409,0.04552430552280762,2.0039647421653592,1750.157717150294
2026-01-09 14:30:00,7.56850004196167,7.599999904632568,7.25029993057251,7.275000095367432,2761389,1h,1H,yfinance,730d,2026-04-02T03:04:46Z,-0.035145871064496625,-0.035145871064496625,7.10856454952154,7.003165006637573,7.000890016555786,6.794797492027283,6.693075749874115,7.10856454952154,7.000890016555786,6.794797492027283,6.693075749874115,0.017976910615008893,0.2825404833431575,1647305.3,1.676306753823957,58.70019874954243,0.3496999740600586,0.16118443579040093,0.022155935900679893,25.25977701212167,31.93790131458173,20.33631300478277,7.003165006637573,0.2825404833431575,7.568245973323888,6.438084039951258,0.16137873837064626,0.13352811179929613,0.06397025981535757,0.06955785198393856,7.590000152587891,6.730000019073486,6.929999828338623,0.07300883041905903,0.05358434095823905,0.0029226309384347005,0.044508246373025306,0.019198465301911386,1.1540472403528037,0.06637268519047401,2.431402886707494,0.023413383206472238,0.03915360449363248,0.045989957111640445,0.9621102275800352,1750.157717150294
2026-01-09 15:30:00,7.275000095367432,7.295000076293945,7.170000076293945,7.289899826049805,2162409,1h,1H,yfinance,730d,2026-04-02T03:04:46Z,0.0020480729191825198,0.0020480729191825198,7.1258345758575645,7.024410009384155,7.004088010787964,6.808546490669251,6.695213749408722,7.1258345758575645,7.004088010787964,6.808546490669251,6.695213749408722,0.01756580086651718,0.28728754898871667,1712084.95,1.2630266973610158,59.20527375430585,0.125,0.15859983323394372,0.021756105984776553,24.44462089061481,30.139918130417332,22.807918153754308,7.024410009384155,0.28728754898871667,7.598985107361589,6.449834911406722,0.1635938384034641,0.13048272222224266,0.0772727522967346,0.05320996992550807,7.599999904632568,6.730000019073486,7.230000019073486,0.08239045011656843,0.05193362288978043,-0.008851147906846935,0.06189367357581621,0.01936629117917616,1.12340074738575,0.06712151176272507,2.4372788113260806,0.023024004900155326,0.04080642830610115,0.04613359228546221,0.9241257325637758,1750.157717150294
2026-01-09 16:30:00,7.289999961853027,7.425000190734863,7.28000020980835,7.34499979019165,1250622,1h,1H,yfinance,730d,2026-04-02T03:04:46Z,0.007558397983049137,0.007558397983049137,7.146707453413192,7.047909998893738,7.0079880046844485,6.823096489906311,6.697538747787475,7.146707453413192,7.0079880046844485,6.823096489906311,6.697538747787475,0.017586507698662813,0.2932654243679178,1736382.7,0.720245600235478,61.09986948570693,0.14499998092651367,0.15762841521198442,0.021460642575167655,24.342517184656234,34.05043672860691,21.30929980374775,7.047909998893738,0.2932654243679178,7.634440847629573,6.461379150157903,0.16644107226905533,0.13100518938290673,0.08801923971396902,0.042985949668937706,7.599999904632568,6.730000019073486,7.170000076293945,0.08173782495680015,0.058342039150238945,-0.018704120350766074,0.06836360584605816,0.019435099015495335,1.1042209025051728,0.06835337523699844,2.435008830097446,0.027745970864353264,0.048089663578466224,0.04635273771272019,1.0130406335429318,1750.157717150294
2026-01-09 17:30:00,7.340000152587891,7.369999885559082,7.28000020980835,7.340000152587891,882448,1h,1H,yfinance,730d,2026-04-02T03:04:46Z,-0.0006806858742781641,-0.0006806858742781641,7.16511628190602,7.069180011749268,7.0121880054473875,6.836946492195129,6.699738748073578,7.16511628190602,7.0121880054473875,6.836946492195129,6.699738748073578,0.017600537595894767,0.2982104112760468,1717382.85,0.5138330105019973,60.82383823905912,0.08999967575073242,0.15279779096475216,0.02081713730085955,24.247706600551844,32.61785792840854,20.412769418859224,7.069180011749268,0.2982104112760468,7.665600834301361,6.472759189197174,0.16873833218585957,0.12952276163004495,0.09631994409718421,0.03320281753286074,7.599999904632568,6.730000019073486,7.170000076293945,0.08742356186958533,0.056875445811835235,-0.027814573886326355,0.06152203504773168,0.019565784360008664,1.0639561858510809,0.07000544557347595,2.4103600913268393,0.024407680741135085,0.046748910166961144,0.04663603598926147,0.9081511932456671,1750.157717150294
2026-01-09 18:30:00,7.34499979019165,7.369999885559082,7.25,7.255000114440918,675361,1h,1H,yfinance,730d,2026-04-02T03:04:46Z,-0.011580386427785583,-0.011580386427785583,7.173676646909343,7.087430024147034,7.014988012313843,6.849529013633728,6.701613748073578,7.173676646909343,7.014988012313843,6.849529013633728,6.701613748073578,0.01783854416052071,0.29785494077871455,1706918.65,0.39566091799395364,56.17715583250495,0.11999988555908203,0.1504550834357757,0.0207381228204667,23.91635147709555,30.759619799313526,20.67411509001378,7.087430024147034,0.29785494077871455,7.683139905704463,6.491720142589605,0.1681032135845665,0.12010464269365606,0.10107688381647859,0.019027758877177475,7.599999904632568,6.829999923706055,7.170000076293945,0.06222550446300046,0.03791135221744968,-0.037798388442175535,0.052975363574498724,0.019812311220186493,1.0467291064626982,0.07152097857552435,2.3504042720424154,0.01133637206335636,0.03421418564162426,0.04676101548382228,0.5625895943031437,1750.157717150294
2026-01-09 19:30:00,7.255000114440918,7.304999828338623,7.25,7.304999828338623,956058,1h,1H,yfinance,730d,2026-04-02T03:04:46Z,0.006891759215576165,0.006891759215576165,7.1861836165692745,7.104680013656616,7.019188013076782,6.863129010200501,6.7030387473106385,7.1861836165692745,7.019188013076782,6.863129010200501,6.7030387473106385,0.01778475576726903,0.29995818796360657,1694127.2,0.5643366094352301,58.20007154700261,0.05499982833862305,0.14363685092883624,0.019662813730894173,23.608664576743276,29.91832464729668,20.10866490204185,7.104680013656616,0.29995818796360657,7.70459638958383,6.504763637729403,0.1688792105412359,0.1153456418698795,0.10393063542715877,0.011415006442720727,7.599999904632568,6.929999828338623,7.170000076293945,0.06642334745119394,0.05183580241598862,0.004123674581158365,0.04956893510068183,0.019812311220186493,0.9924543135007894,0.08222027167027299,2.0539850709626726,0.016533979384466768,0.04071864362791988,0.0471650661266112,0.6678257927945315,1750.157717150294
2026-01-09 20:30:00,7.304999828338623,7.304999828338623,7.190000057220459,7.210000038146973,2700649,1h,1H,yfinance,730d,2026-04-02T03:04:46Z,-0.01300476282328078,-0.01300476282328078,7.188451847195722,7.131430006027221,7.022288017272949,6.872528009414673,6.703413746356964,7.188451847195722,7.022288017272949,6.872528009414673,6.703413746356964,0.01522342227394303,0.28387097474242023,1687630.35,1.6002609813221242,53.1773011058764,0.11499977111816406,0.14159134522807396,0.019638189248118793,22.80732713195281,28.18264527209195,21.968898868616385,7.131430006027221,0.28387097474242023,7.699171955512062,6.5636880565423805,0.1592224698286336,0.1027242688801806,0.10368936211776314,-0.0009650932375825372,7.599999904632568,7.170000076293945,7.170000076293945,0.03965394342270345,0.031473572851579146,-0.01096034099361931,0.0801497875842323,0.019670185835468985,0.998373345955253,0.10540551034258533,1.5105706457957868,0.0029976121993022797,0.026730891756689967,0.04756893770569959,0.27678078814167056,1750.157717150294
2026-01-12 14:30:00,7.179999828338623,7.219900131225586,6.815000057220459,7.005000114440918,2908036,1h,1H,yfinance,730d,2026-04-02T03:04:46Z,-0.02843272158410992,-0.02843272158410992,7.170980253600026,7.1439300060272215,7.021888017654419,6.8814280128479,6.702913746833802,7.170980253600026,7.021888017654419,6.8814280128479,6.702913746833802,0.01664286016571542,0.2722879597256444,1745927.1,1.665611353417906,44.29389664728635,0.40490007400512695,0.16039911156929204,0.022897802847801064,22.61229355980111,23.101055335639373,34.707120128263306,7.1439300060272215,0.2722879597256444,7.68850592547851,6.599354086575933,0.15245835807233227,0.07531181158258082,0.09801385201072668,-0.02270204042814586,7.599999904632568,7.170000076293945,7.190000057220459,-0.03429923678313129,-0.009893950065207102,-0.04628995036933292,0.03700962187484613,0.019856699487448098,1.1531525096743958,0.12952201304033853,1.177084531761025,-0.023146087883282318,-0.002405037387529063,0.04758740495076319,-0.5102314906846722,1750.157717150294
2026-01-12 15:30:00,7.005000114440918,7.125,6.934999942779541,7.074999809265137,1413823,1h,1H,yfinance,730d,2026-04-02T03:04:46Z,0.00999281851258127,0.00999281851258127,7.161839258901465,7.158679986000061,7.0220880126953125,6.891928009986877,6.702163746356964,7.161839258901465,7.0220880126953125,6.891928009986877,6.702163746356964,0.016732081407645538,0.2598816939971771,1765176.0,0.8009529927893876,47.517871983712126,0.19000005722045898,0.1625134648300897,0.02297010165530585,22.431190957088816,21.171895698571124,31.80874279019303,7.158679986000061,0.2598816939971771,7.678443373994416,6.638916598005707,0.14521207513419632,0.05856058210083681,0.09012319802874871,-0.0315626159279119,7.599999904632568,6.815000057220459,6.815000057220459,-0.03806936901186053,0.002834866252749979,-0.036103588258008634,0.043510264060172554,0.020206920112929447,1.1367443196159506,0.14298371342690747,1.0155847239792661,-0.012125300009825812,0.007535051750158228,0.047734474782453074,-0.32199334800331736,1750.157717150294
2026-01-12 16:30:00,7.070000171661377,7.320000171661377,7.050000190734863,7.320000171661377,1700731,1h,1H,yfinance,730d,2026-04-02T03:04:46Z,0.03462902742066465,0.03462902742066465,7.176902202973838,7.18792998790741,7.029388017654419,6.90397801399231,6.702888746261596,7.176902202973838,7.029388017654419,6.90397801399231,6.702888746261596,0.018002434988427237,0.24291749938660054,1811698.4,0.9387495181317156,56.91633495115087,0.26999998092651367,0.1701910731226914,0.023250146056221218,20.990491933178777,26.95682465201222,28.204239506632305,7.18792998790741,0.24291749938660054,7.67376498668061,6.702094989134209,0.1351807821140561,0.06431323085072815,0.0849612045931446,-0.020647973742416448,7.599999904632568,6.815000057220459,6.815000057220459,-0.02204408268668334,0.047959918646189426,0.00895934613303151,0.08685969213807754,0.02045127893800806,1.1368553588602985,0.14298371342690747,0.9454278314233306,0.01993868170981128,0.04134245446076967,0.04871023281938269,0.5436832837793173,1750.157717150294
2026-01-12 17:30:00,7.320000171661377,7.375,7.175000190734863,7.320000171661377,1657084,1h,1H,yfinance,730d,2026-04-02T03:04:46Z,0.0,0.0,7.190530580944079,7.2144299983978275,7.036888017654419,6.916478013992309,6.703613746166229,7.190530580944079,7.036888017654419,6.916478013992309,6.703613746166229,0.01800351209034804,0.2264097443625274,1856375.8,0.8926446897228459,56.91633495115087,0.19999980926513672,0.1723202685614375,0.02354101974321771,19.64462624718267,27.00185005150855,25.86605070070155,7.2144299983978275,0.2264097443625274,7.6672494871228825,6.7616105096727726,0.12553160508193068,0.06808737752542093,0.08158643917959987,-0.01349906165417894,7.599999904632568,6.815000057220459,6.815000057220459,-0.030463577915631812,0.04273507002136334,0.0020534351369265735,0.07805599599203972,0.020582187745872654,1.1437569238934957,0.14298371342690747,0.8779433830140506,0.01800556847090129,0.040232579131098234,0.049715613713392726,0.46627928299106436,1750.157717150294
2026-01-12 18:30:00,7.315000057220459,7.364999771118164,7.300000190734863,7.315000057220459,1150993,1h,1H,yfinance,730d,2026-04-02T03:04:46Z,-0.0006830757272759946,-0.0006830757272759946,7.202384816779925,7.242685008049011,7.044088020324707,6.928978013992309,6.704538745880127,7.202384816779925,7.044088020324707,6.928978013992309,6.704538745880127,0.017896564398985647,0.20044782695118818,1851523.3,0.6216465112807384,56.67610454507175,0.06499958038330078,0.16465450512014204,0.022509159785667476,18.394893824472003,26.240468375530103,25.13669560111112,7.242685008049011,0.20044782695118818,7.643580661951387,6.841789354146635,0.11070360051744589,0.0698695359900734,0.07924305854169458,-0.009373522551621188,7.599999904632568,6.815000057220459,6.815000057220459,-0.029840836309138696,0.025946695625550742,0.01456310936448646,0.08371978909214928,0.02068159770902638,1.0883665808780076,0.14298371342690747,0.7742392323167421,0.01563582664705243,0.0384594905847393,0.050644688220085055,0.36076743894588414,1750.157717150294
2026-01-12 19:30:00,7.315000057220459,7.375,7.270100116729736,7.34499979019165,1331201,1h,1H,yfinance,730d,2026-04-02T03:04:46Z,0.004101125459538446,0.004101125459538446,7.215967195200089,7.268435001373291,7.051888017654419,6.941728010177612,6.704213745594025,7.215967195200089,7.051888017654419,6.941728010177612,6.704213745594025,0.01780977489857745,0.17755065745735782,1811674.8,0.734790261475183,57.82625677658618,0.10489988327026367,0.16038631784515073,0.02183612286270274,17.120642642823057,25.014579130410375,25.29398144644692,7.268435001373291,0.17755065745735782,7.623536316288007,6.913333686458575,0.0977105291159991,0.07286272105278702,0.07796699104391308,-0.005104269991126065,7.599999904632568,6.815000057220459,6.815000057220459,0.009621951052453337,0.027272684227033883,0.04853671237632362,0.0754026167259676,0.020777630060663126,1.0509438660207733,0.14298371342690747,0.6833682436562835,0.017881538468937475,0.041565006676711924,0.051859067334910636,0.4312278530241313,1750.157717150294
2026-01-12 20:30:00,7.34499979019165,7.46999979019165,7.320000171661377,7.389999866485596,2244885,1h,1H,yfinance,730d,2026-04-02T03:04:46Z,0.006126627308286281,0.006126627308286281,7.232541735322518,7.295434999465942,7.061188011169434,6.952828006744385,6.70378874540329,7.232541735322518,7.061188011169434,6.952828006744385,6.70378874540329,0.017815593993052943,0.15092958748636542,1825018.0,1.230061840485957,59.56051586267998,0.14999961853027344,0.15964441075123093,0.021602762332274813,16.454548558516123,27.586277455304963,23.596419636499963,7.295434999465942,0.15092958748636542,7.597294174438673,6.993575824493211,0.0827528927321889,0.07796721434129239,0.07796703570338895,1.7863790344185837e-07,7.599999904632568,6.815000057220459,6.934999942779541,0.013731332778825323,0.036465602787029594,0.04452297748587175,0.07883211231694065,0.021138889938013602,1.02194402807439,0.14298371342690747,0.5787574734831024,0.02177078777078867,0.046566081344391996,0.053313026310861655,0.6265495625779554,1750.157717150294
2026-01-13 14:30:00,7.53000020980835,8.0,7.480000019073486,7.869999885559082,3882188,1h,1H,yfinance,730d,2026-04-02T03:04:46Z,0.06495264245542631,0.06495264245542631,7.293252035345048,7.342184996604919,7.082088012695312,6.968117003440857,6.705463745594025,7.293252035345048,7.082088012695312,6.968117003440857,6.705463745594025,0.022202101267263272,0.17494212488261515,1967297.2,1.9733612186303118,72.5344728924868,0.6100001335144043,0.19181267666288618,0.02437264033699028,18.028302254657252,41.05640908851108,18.23634669630967,7.342184996604919,0.17494212488261515,7.692069246370149,6.992300746839689,0.09530793624160089,0.11936854576873213,0.08624733771645758,0.033121208052274545,7.599999904632568,6.815000057220459,7.050000190734863,0.07147721039672539,0.10611386348959306,0.07513657117481665,0.13482335263074186,0.021531702453721234,1.1319420927989863,0.14298371342690747,0.6665649811250832,0.07907965437351683,0.11125417693925344,0.05616677405030446,3.017082874169516,1750.157717150294
2026-01-13 15:30:00,7.869999885559082,7.985000133514404,7.795000076293945,7.954999923706055,2822831,1h,1H,yfinance,730d,2026-04-02T03:04:46Z,0.010800513263404588,0.010800513263404588,7.356275643760382,7.377244997024536,7.100900011062622,6.9846670007705685,6.709513745307922,7.356275643760382,7.100900011062622,6.9846670007705685,6.709513745307922,0.02032675287618422,0.21854531347795303,1983803.35,1.4229389218442443,74.11800593840849,0.19000005722045898,0.19168320384556994,0.024095940375102994,19.489644972502585,38.149559244756695,16.945188440590407,7.377244997024536,0.21854531347795303,7.814335623980442,6.94015437006863,0.11849698014155638,0.1572257908615713,0.10044302834548033,0.05678276251609096,8.0,6.815000057220459,7.175000190734863,0.08378743301542468,0.1212121436146194,0.08674859797176149,0.09666657704632975,0.021679434158525683,1.1114653730769533,0.14298371342690747,0.8287445982589579,0.08138959290541448,0.12028051533084749,0.05833302987543654,2.6436390581297133,1750.157717150294
2026-01-13 16:30:00,7.954999923706055,7.980000019073486,7.784999847412109,7.909999847412109,1990160,1h,1H,yfinance,730d,2026-04-02T03:04:46Z,-0.005656829255251683,-0.005656829255251683,7.409011282203403,7.404994988441468,7.117800006866455,7.000717000961304,6.7139387440681455,7.409011282203403,7.117800006866455,7.000717000961304,6.7139387440681455,0.02033593995525979,0.24730272258491023,1950066.2,1.0205602250836407,71.75918221900169,0.19500017166137695,0.19192013011812759,0.024262975198528925,20.77507385432124,35.380858909081134,16.087580283806048,7.404994988441468,0.24730272258491023,7.899600433611288,6.910389543271648,0.13358697634282124,0.18150452904064185,0.11665532848451264,0.06484920055612921,8.0,6.815000057220459,7.270100116729736,0.09028252551883886,0.12119065058500933,0.08133968360045873,0.07545884798087821,0.021796114423739646,1.1131789238591283,0.14298371342690747,0.9342810669909634,0.06761881526784697,0.11129841240009952,0.06015265825222582,2.0420513518497585,1750.157717150294
2026-01-13 17:30:00,7.900000095367432,8.140000343322754,7.875,8.11870002746582,2570126,1h,1H,yfinance,730d,2026-04-02T03:04:46Z,0.0263843469127234,0.0263843469127234,7.47660068651411,7.436679983139038,7.137674007415772,7.0189039993286135,6.7194572448730465,7.47660068651411,7.137674007415772,7.0189039993286135,6.7194572448730465,0.020717050108460304,0.29206745913137,1954536.95,1.314953907625026,75.63245276461942,0.2650003433227539,0.19714014534702948,0.02428223049011518,22.463418180930265,37.780925498151504,14.542916174446413,7.436679983139038,0.29206745913137,8.020814901401778,6.852545064876298,0.15709561782600068,0.2151063521876102,0.13634553322513215,0.07876081896247805,8.0,6.815000057220459,7.270100116729736,0.11138948915105695,0.1556868209609874,0.10533699923413908,0.08466264297230919,0.021996029381691318,1.1039369910246988,0.1488352166032643,1.0555003137782595,0.08588118690221003,0.13744337707645382,0.06223966420231708,2.3351456076454373,1750.157717150294
2026-01-13 18:30:00,8.119999885559082,8.239999771118164,8.0,8.024999618530273,4377375,1h,1H,yfinance,730d,2026-04-02T03:04:46Z,-0.011541306935661577,-0.011541306935661577,7.528829156229935,7.460429954528808,7.1556739997863765,7.036003994941711,6.724586741924286,7.528829156229935,7.1556739997863765,7.036003994941711,6.724586741924286,0.02096963353268145,0.3184387943377899,2070695.15,2.1139639989981145,70.92888867637895,0.23999977111816406,0.20020154718782482,0.024947234480303993,24.306714653640636,38.11363639462102,13.297636604117338,7.460429954528808,0.3184387943377899,8.097307543204389,6.823552365853229,0.17073482160072218,0.2315065359667292,0.15537773377345157,0.07612880219327764,8.140000343322754,6.934999942779541,7.320000171661377,0.11303738919157658,0.13588104084000552,0.08592689628107664,0.06291382990669536,0.022332547843173685,1.1170796388970696,0.15477698794916647,1.103102107509656,0.06590273892584864,0.12148759414834287,0.06410613386462649,1.7729299131894942,1750.157717150294
2026-01-13 19:30:00,8.020000457763672,8.076800346374512,7.945000171661377,7.97629976272583,1720497,1h,1H,yfinance,730d,2026-04-02T03:04:46Z,-0.006068518145719515,-0.006068518145719515,7.571445404467639,7.482244944572448,7.171799993515014,7.052016992568969,6.7297932410240175,7.571445404467639,7.171799993515014,7.052016992568969,6.7297932410240175,0.02104697151804135,0.33751575607056306,2057943.3,0.8360274065859832,68.54298573890671,0.13180017471313477,0.1953157348682041,0.024487010352963048,25.60020706040282,36.27654355358098,14.668074068467968,7.482244944572448,0.33751575607056306,8.157276456713575,6.807213432431322,0.1804355556765856,0.23783254289797107,0.17186869559835546,0.0659638472996156,8.239999771118164,7.050000190734863,7.480000019073486,0.13865804888176414,0.14684397558922813,0.013506973152795254,0.057864695368722296,0.02270348131673427,1.0785575133322913,0.15477698794916647,1.1657776654488599,0.053471211457101875,0.11217543293709697,0.06567909840031572,1.4637977909691768,1750.157717150294
2026-01-13 20:30:00,7.974999904632568,8.020000457763672,7.875,7.875,1901042,1h,1H,yfinance,730d,2026-04-02T03:04:46Z,-0.012700094748095525,-0.012700094748095525,7.600355365946911,7.512244939804077,7.186399993896484,7.066286993026734,6.734293241500854,7.600355365946911,7.186399993896484,7.066286993026734,6.734293241500854,0.01952452772911831,0.3443576501024486,2014925.95,0.9434798335889217,63.740043042476685,0.14500045776367188,0.19172178650359467,0.02434562368299615,26.279077360956713,34.31681567419571,16.483628859221653,7.512244939804077,0.3443576501024486,8.200960240008975,6.82352963959918,0.18335805227960514,0.2319975810124344,0.18389447268117126,0.048103108331263134,8.239999771118164,7.175000190734863,7.784999847412109,0.11307423495435498,0.1339092592298885,-0.010056558701861618,0.08247421261405008,0.02293395225155346,1.0615537791288054,0.15477698794916647,1.1846596494036024,0.03613576218865022,0.09581988293002808,0.0671349963808332,1.0534252980527683,1750.157717150294
2026-01-14 14:30:00,7.909999847412109,8.279500007629395,7.800000190734863,8.154999732971191,3368741,1h,1H,yfinance,730d,2026-04-02T03:04:46Z,0.03555552164713549,0.03555552164713549,7.653178638996843,7.555499935150147,7.208499984741211,7.082600989341736,6.740718240737915,7.653178638996843,7.208499984741211,7.082600989341736,6.740718240737915,0.020675391185044918,0.36728192888860844,2075242.55,1.6232998884877337,69.99795104755778,0.47949981689453125,0.2122773601029473,0.026030333176431164,27.69790200092249,37.51177591387838,13.824070286579754,7.555499935150147,0.36728192888860844,8.290063792927363,6.82093607737293,0.19444480552764873,0.24711834363528684,0.1965392468719944,0.05057909676329245,8.239999771118164,7.270100116729736,7.784999847412109,0.11407097564593349,0.17253771709974397,0.030973437457048503,0.11867102807504026,0.023110123855763533,1.1263606088350473,0.15477698794916647,1.256290150778166,0.06557028362271788,0.13130328781764722,0.06939642443089089,1.6322605352109893,1750.157717150294
2026-01-14 15:30:00,8.15999984741211,8.180000305175781,7.96999979019165,8.164999961853027,1264392,1h,1H,yfinance,730d,2026-04-02T03:04:46Z,0.0012262696761846659,0.0012262696761846659,7.701923526887907,7.596499943733216,7.235299987792969,7.099050989151001,6.747668240070343,7.701923526887907,7.235299987792969,7.099050989151001,6.747668240070343,0.020695007015888847,0.38674799697023415,2075931.05,0.6090722521829421,70.19579213035088,0.21000051498413086,0.21211472830874611,0.025978533900765283,29.01538202374785,34.85906988516682,12.846478751731224,7.596499943733216,0.38674799697023415,8.369995937673684,6.8230039497927475,0.20364536290915633,0.25694667057384635,0.2086207316123648,0.048325938961481546,8.279500007629395,7.270100116729736,7.800000190734863,0.11543712710048548,0.17397556454640606,0.005702875365584781,0.11164059837774087,0.023395582899719464,1.1104033616993911,0.15477698794916647,1.3157341127224917,0.060124777057119605,0.1284950141153236,0.07226670464129725,1.4699494827986554,1750.157717150294
2026-01-14 16:30:00,8.170000076293945,8.175000190734863,8.005000114440918,8.034500122070312,954237,1h,1H,yfinance,730d,2026-04-02T03:04:46Z,-0.015982834095825016,-0.015982834095825016,7.733597488333851,7.631224942207337,7.257489986419678,7.113845992088318,6.754040739536285,7.733597488333851,7.257489986419678,7.113845992088318,6.754040739536285,0.021186962552917403,0.3932820721946872,2079520.5,0.45887357205663515,64.24230521967947,0.1700000762939453,0.20910653887911748,0.026026079494941293,30.238756330657118,32.83479604856524,12.100480911993875,7.631224942207337,0.3932820721946872,8.417789086596711,6.844660797817962,0.20614361399281733,0.25130851590687353,0.21715828847126656,0.03415022743560697,8.279500007629395,7.320000171661377,7.800000190734863,0.09835954329756325,0.16021659216990036,0.0011838634257503866,0.09461852248566505,0.023818480059160353,1.0926843119417236,0.15477698794916647,1.331875085077384,0.03890849429264631,0.10706320464852004,0.0745404516049688,1.025409517429876,1750.157717150294
2026-01-14 17:30:00,8.029999732971191,8.029999732971191,7.900000095367432,7.960000038146973,1100436,1h,1H,yfinance,730d,2026-04-02T03:04:46Z,-0.00927252259523803,-0.00927252259523803,7.755159635935101,7.666474938392639,7.27858998298645,7.128012990951538,6.759865739345551,7.755159635935101,7.27858998298645,7.128012990951538,6.759865739345551,0.021103825027237046,0.3895582411049669,2100774.25,0.5238240139320063,61.05855970328551,0.13450002670288086,0.20377750229510058,0.02560018860785564,30.54846826437916,31.286790820322217,15.210485977616543,7.666474938392639,0.3895582411049669,8.445591420602574,6.887358456182706,0.2032528609226196,0.23808421691286075,0.2213434741595854,0.016740742753275334,8.279500007629395,7.480000019073486,7.800000190734863,0.08373046501329795,0.16630040448368066,-0.002043519559661977,0.09717435045972889,0.02417945778681596,1.058757761797882,0.15477698794916647,1.3131981931924797,0.026413434645845557,0.0936184146590624,0.07673587962282791,0.753481941292683,1750.157717150294
2026-01-14 18:30:00,7.949999809265137,7.960000038146973,7.885000228881836,7.945000171661377,712081,1h,1H,yfinance,730d,2026-04-02T03:04:46Z,-0.0018844053283556539,-0.0018844053283556539,7.773239686956651,7.698474955558777,7.299143981933594,7.141812992095947,6.765790739059448,7.773239686956651,7.299143981933594,7.141812992095947,6.765790739059448,0.02114833334632249,0.38480803608176434,2088575.4,0.3409410069658007,60.40942142248033,0.07499980926513672,0.19457909565010317,0.02449076040855702,30.720409673006078,30.425406501737918,15.342346824747027,7.698474955558777,0.38480803608176434,8.468091027722306,6.9288588833952485,0.19993987812035888,0.22381351790259973,0.2218374829081883,0.0019760349944114297,8.279500007629395,7.784999847412109,7.800000190734863,0.07510153115059781,0.13266995974171225,0.008888910687159024,0.08761127424534232,0.024272602844322054,1.0089878108925594,0.15477698794916647,1.2917933135255564,0.022096383441377432,0.0884838265043637,0.07883088074170774,0.640644666917034,1750.157717150294
2026-01-14 19:30:00,7.945000171661377,7.980000019073486,7.809999942779541,7.824999809265137,1435085,1h,1H,yfinance,730d,2026-04-02T03:04:46Z,-0.015103884179167637,-0.015103884179167637,7.778169222414602,7.729224944114685,7.318943977355957,7.153912992477417,6.771165738105774,7.778169222414602,7.318943977355957,7.153912992477417,6.771165738105774,0.021239596529890447,0.36878408658748174,2025297.2,0.7085799555739276,55.340521034973364,0.1700000762939453,0.19282345141037763,0.024641975221784206,30.302264582346947,28.509397179391637,17.15445171867009,7.729224944114685,0.36878408658748174,8.46679311728965,6.991656770939722,0.1908517810020719,0.20050951093243796,0.21757188851303824,-0.01706237758060028,8.279500007629395,7.784999847412109,7.800000190734863,-0.005717925914651811,0.10757250472601987,-0.0404659637659881,0.08529816475232965,0.024313927086555664,1.0134921904660121,0.15477698794916647,1.233075947082996,0.006020772435187061,0.06914328535303227,0.0808986606497426,0.25970444125368164,1750.157717150294
2026-01-14 20:30:00,7.820000171661377,7.934999942779541,7.715000152587891,7.920000076293945,2456875,1h,1H,yfinance,730d,2026-04-02T03:04:46Z,0.012140609500887578,0.012140609500887578,7.791676922784063,7.774974942207336,7.3408439826965335,7.166862993240357,6.777340738773346,7.791676922784063,7.3408439826965335,7.166862993240357,6.777340738773346,0.01991023275694056,0.33091285492072736,2002739.15,1.2267573637834963,58.3220714550662,0.2199997901916504,0.19476461846618284,0.024591491993686983,29.230487281132007,26.209162213223408,19.254423647166004,7.774974942207336,0.33091285492072736,8.436800652048792,7.113149232365882,0.17024510426359282,0.1875447460215618,0.21156646001474297,-0.024021713993181176,8.279500007629395,7.800000190734863,7.809999942779541,-0.004399729446609935,0.1115789580763431,-0.030006109822868887,0.1306209774310696,0.024359132009993213,1.0095389270684376,0.16367036104479676,1.040170640406888,0.016469260055514523,0.07889502827775252,0.08314518417221817,0.4382577827668579,1750.157717150294
2026-01-15 14:30:00,7.949999809265137,7.98360013961792,7.680099964141846,7.835000038146973,1824991,1h,1H,yfinance,730d,2026-04-02T03:04:46Z,-0.010732327945474851,-0.010732327945474851,7.795802933771007,7.812974953651429,7.360943984985352,7.178612995147705,6.783490738868713,7.795802933771007,7.360943984985352,7.178612995147705,6.783490738868713,0.02023047183091895,0.2893807318262409,2023297.55,0.9019884396143315,54.79702789790737,0.3035001754760742,0.20253144396688938,0.02584957791714183,28.480358106885213,25.11780940317277,17.193466437211235,7.812974953651429,0.2893807318262409,8.39173641730391,7.234213489998947,0.1481539278151647,0.16846927478881923,0.20294702296955824,-0.03447774818073901,8.279500007629395,7.715000152587891,7.715000152587891,-0.009481644843479242,0.0996491281609786,-0.024830428886960187,0.10742052994638529,0.024429825344976664,1.0581155432802594,0.16367036104479676,0.905197048930654,0.005027975271945984,0.06440152976691405,0.08512626733724127,0.07611109542970218,1750.157717150294
2026-01-15 15:30:00,7.839099884033203,8.0649995803833,7.824999809265137,8.023699760437012,2010715,1h,1H,yfinance,730d,2026-04-02T03:04:46Z,0.024084201834243757,0.024084201834243757,7.817507393453484,7.84815993309021,7.382727975845337,7.191299991607666,6.790479238033295,7.817507393453484,7.382727975845337,7.191299991607666,6.790479238033295,0.019586782870902354,0.26939240078372156,2038796.75,0.986226312161818,60.50418067322064,0.23999977111816406,0.20520775304912328,0.025575203357054155,28.17909553454874,25.85283996102387,15.757142256213088,7.84815993309021,0.26939240078372156,8.386944734657654,7.309375131522767,0.13730219724390783,0.16665719654369582,0.19568905768438577,-0.029031861140689952,8.279500007629395,7.680099964141846,7.680099964141846,-0.011701413613930733,0.11906550558704176,0.008002477636277483,0.09613382134879389,0.024488885380760033,1.044359633335848,0.16367036104479676,0.8388946927680331,0.02637571755367918,0.08682045264146176,0.08721751691616597,0.651613879367486,1750.157717150294
2026-01-15 16:30:00,8.029999732971191,8.035400390625,7.949999809265137,7.980000019073486,757877,1h,1H,yfinance,730d,2026-04-02T03:04:46Z,-0.005446333071807974,-0.005446333071807974,7.83298288160777,7.881159925460816,7.403027973175049,7.202549991607666,6.796954238414765,7.83298288160777,7.403027973175049,7.202549991607666,6.796954238414765,0.019689041589407312,0.24167068468793,1993836.4,0.3801099227599617,58.65718444071153,0.08540058135986328,0.19665009792846186,0.024642869355693788,27.899351717379158,25.050890717260927,15.26835927007748,7.881159925460816,0.24167068468793,8.364501294836677,7.397818556084956,0.1226574194527842,0.15985223055576814,0.18852169225866225,-0.02866946170289411,8.279500007629395,7.680099964141846,7.680099964141846,-0.005607426990137165,0.11686494616878851,0.004405267042906891,0.09016391146645475,0.024541126201122,1.0041458225567144,0.16367036104479676,0.7494174184610781,0.01876898490496126,0.07793730457173775,0.0891684294908004,0.4089866908777249,1750.157717150294
2026-01-15 17:30:00,7.985000133514404,8.140000343322754,7.929999828338623,8.130000114440918,1492308,1h,1H,yfinance,730d,2026-04-02T03:04:46Z,0.018797004387081095,0.018797004387081095,7.861270237115689,7.921909928321838,7.428327980041504,7.214684991836548,6.803454239368438,7.861270237115689,7.428327980041504,7.214684991836548,6.803454239368438,0.019888627013782367,0.20931645722839157,2010902.15,0.7421087097649183,62.84940176916749,0.21000051498413086,0.19760369914672393,0.024305497707894277,28.137999542031434,26.930300053360902,14.109342755304134,7.921909928321838,0.20931645722839157,8.340542842778621,7.5032770138650555,0.10568989504920191,0.16466484622922994,0.1837503230527758,-0.01908547682354586,8.279500007629395,7.680099964141846,7.680099964141846,0.01926963081720512,0.15319147439533332,0.03897767573293076,0.11141490783940489,0.024541126201122,0.9903986275406973,0.16367036104479676,0.6457485299997259,0.03418402741791837,0.09445895984731312,0.0918465412844569,0.9941415446948161,1750.157717150294
2026-01-15 18:30:00,8.125,8.149900436401367,8.064599990844727,8.09000015258789,744501,1h,1H,yfinance,730d,2026-04-02T03:04:46Z,-0.004920044439111093,-0.004920044439111093,7.883054038589232,7.95915994644165,7.452627983093262,7.2255849933624265,6.809779241085052,7.883054038589232,7.452627983093262,7.2255849933624265,6.809779241085052,0.0200168709468599,0.16491593682097408,1981567.15,0.3757132328319028,61.07099357850171,0.08530044555664062,0.1895820381760037,0.02343412046974545,28.405293408461247,26.437804147916662,13.655889149407194,7.95915994644165,0.16491593682097408,8.288991820083599,7.6293280727997015,0.08288107686274315,0.16336801145259283,0.17967386073273922,-0.01630584928014639,8.279500007629395,7.680099964141846,7.680099964141846,0.027301606677827328,0.18534804083151468,0.021464655890949702,0.10142959614390956,0.024541126201122,0.9548918121236857,0.16367036104479676,0.5063902610935068,0.026252022754837512,0.08552314310341891,0.09440081965208891,0.7933751502031929,1750.157717150294
2026-01-15 19:30:00,8.09000015258789,8.149999618530273,8.010000228881836,8.024999618530273,971854,1h,1H,yfinance,730d,2026-04-02T03:04:46Z,-0.00803467649340206,-0.00803467649340206,7.896572665250283,7.990909934043884,7.474835977554322,7.235470991134644,6.815579240322113,7.896572665250283,7.474835977554322,7.235470991134644,6.815579240322113,0.020215319876058783,0.10103854608541776,1917915.6,0.5067240706525354,58.18950441134511,0.1399993896484375,0.18604042042403468,0.023182608008410942,28.160243974958146,25.016731843952865,15.018173770204788,7.990909934043884,0.10103854608541776,8.19298702621472,7.788832841873049,0.050576741281971184,0.1553050013015982,0.17480008884651102,-0.01949508754491283,8.279500007629395,7.680099964141846,7.680099964141846,-0.015941154959860926,0.1588446783390891,0.024250105865760485,0.08592689628107664,0.024541126201122,0.9446432009037569,0.16367036104479676,0.30901588387239076,0.01626363217616511,0.07360210212344476,0.09672791027531957,0.33739286447738287,1750.157717150294
2026-01-15 20:30:00,8.029999732971191,8.050000190734863,7.940000057220459,7.954999923706055,1321080,1h,1H,yfinance,730d,2026-04-02T03:04:46Z,-0.008722703819522226,-0.008722703819522226,7.902137166055595,7.995159935951233,7.496135978698731,7.243720989227295,6.821129240989685,7.902137166055595,7.496135978698731,7.243720989227295,6.821129240989685,0.014827388453131595,0.09759221141943597,1789860.2,0.7380911648853916,55.17057195215405,0.1100001335144043,0.1806089713590611,0.022703830684000743,27.330847077748142,23.92841229362363,17.133246699793048,7.995159935951233,0.09759221141943597,8.190344358790105,7.799975513112361,0.04882564561621854,0.1416339493021459,0.168166860937638,-0.026532911635492096,8.279500007629395,7.680099964141846,7.824999809265137,-0.025719539391071078,0.1520636758860936,-0.008562114583312241,0.010800513263404588,0.024541126201122,0.9251340178089603,0.16367036104479676,0.29831696652062073,0.0066896785691770155,0.06121339665012049,0.098958209683637,-0.41150837409121704,1750.157717150294
2026-01-16 14:30:00,8.100000381469727,8.53499984741211,8.0,8.354999542236328,4637875,1h,1H,yfinance,730d,2026-04-02T03:04:46Z,0.0502827935093082,0.0502827935093082,7.945266916168046,8.015159916877746,7.524035968780518,7.25668698310852,6.828429238796234,7.945266916168046,7.524035968780518,7.25668698310852,6.828429238796234,0.01827536009570157,0.12457056745503264,1880612.4,2.466151451516538,66.01949599405776,0.5799999237060547,0.2091368965267035,0.025031347454834832,28.555726608316416,35.75302811020851,13.739269581813312,8.015159916877746,0.12457056745503264,8.264301051787811,7.766018781967681,0.06216747700453031,0.16121775050382503,0.16677703885087541,-0.005559288347050384,8.279500007629395,7.680099964141846,7.929999828338623,0.03989039956395324,0.20784110437779146,0.04699242133665815,0.0502827935093082,0.024616733607735593,1.0168427645075118,0.16367036104479676,0.37983344453865414,0.05156939727657317,0.11044120162419846,0.10186921554845174,2.7280892453288152,1750.157717150294
2026-01-16 15:30:00,8.350000381469727,8.350000381469727,8.244999885559082,8.289999961853027,1057415,1h,1H,yfinance,730d,2026-04-02T03:04:46Z,-0.007779722794084454,-0.007779722794084454,7.97809863480471,8.034159922599793,7.556335964202881,7.26713698387146,6.834454238414764,7.97809863480471,7.556335964202881,7.26713698387146,6.834454238414764,0.0183292111615449,0.13557561198176757,1833975.15,0.5765699715178801,63.33713310878795,0.1099996566772461,0.20205566510888512,0.02437342171757025,29.6931147438441,34.362739090039064,13.205005586443107,8.034159922599793,0.13557561198176757,8.305311146563328,7.763008698636257,0.06749958342272902,0.16953879346027634,0.1673293897727556,0.0022094036875207335,8.53499984741211,7.680099964141846,7.929999828338623,0.041457276648817265,0.21287489620856204,0.01968017775644415,0.04804047051470439,0.024616733607735593,0.990115996133261,0.16367036104479676,0.4124117707802594,0.03909469427811252,0.09709255929405214,0.10562390215894624,1.8870653468828915,1750.157717150294
2026-01-16 16:30:00,8.28499984741211,8.42549991607666,8.244999885559082,8.414999961853027,1018490,1h,1H,yfinance,730d,2026-04-02T03:04:46Z,0.015078407789528958,0.015078407789528958,8.019708284999789,8.048974919319154,7.589535961151123,7.280936985015869,6.8410792374610905,8.019708284999789,7.589535961151123,7.280936985015869,6.8410792374610905,0.01774948007217443,0.15829045373874692,1756393.35,0.5798758006001332,66.1826975905573,0.18050003051757812,0.20051597692379178,0.023828399029444215,30.975238433567558,34.842742880740154,12.355944668738907,8.048974919319154,0.15829045373874692,8.365555826796648,7.732394011841659,0.07866365857784859,0.1840975730590868,0.17068302643002187,0.013414546629064938,8.53499984741211,7.680099964141846,7.940000057220459,0.059156674642760754,0.23296706183484717,0.04017302881770313,0.03649598253227926,0.024616733607735593,0.9679756627807171,0.15919951603937876,0.49411996050534945,0.049290031857218475,0.10876343493557994,0.10940623514365333,2.3123633414936435,1750.157717150294
2026-01-16 17:30:00,8.419899940490723,8.524999618530273,8.40999984741211,8.475000381469727,1375674,1h,1H,yfinance,730d,2026-04-02T03:04:46Z,0.007130174674830014,0.007130174674830014,8.063069437044545,8.071474957466126,7.623435964584351,7.29562698841095,6.848204238414764,8.063069437044545,7.623435964584351,7.29562698841095,6.848204238414764,0.0175047341611154,0.18329146187380818,1606308.3,0.8564196549317462,67.48714355580361,0.11499977111816406,0.1944076765091041,0.022938957847620782,32.445598250342066,37.02632170101847,11.833871365884997,8.071474957466126,0.18329146187380818,8.438057881213743,7.70489203371851,0.09083418475046537,0.19819240453117892,0.17618490205025328,0.022007502480925645,8.53499984741211,7.680099964141846,7.940000057220459,0.08306716780171186,0.24084926444202237,0.05607486409100515,0.05607486409100515,0.024541126201122,0.934714962126393,0.14272806252953626,0.6364143332476615,0.05108860188312758,0.11170349181673811,0.1132021912870167,2.20155057894305,1750.157717150294
2026-01-16 18:30:00,8.475000381469727,8.539999961853027,8.46500015258789,8.515000343322754,964105,1h,1H,yfinance,730d,2026-04-02T03:04:46Z,0.004719759298239756,0.004719759298239756,8.106110475737708,8.098409986495971,7.659035968780517,7.311626992225647,6.855479741096497,8.106110475737708,7.659035968780517,7.311626992225647,6.855479741096497,0.017386421624635037,0.20555555627924474,1568488.7,0.6146713074821643,68.36327373892281,0.07499980926513672,0.185878543134535,0.021829540298292087,33.8524582654479,36.535627727432576,11.492812214208135,8.098409986495971,0.20555555627924474,8.50952109905446,7.687298873937482,0.10152884658692593,0.2101676409089155,0.18298144982198572,0.027186191086929767,8.53499984741211,7.824999809265137,7.940000057220459,0.07512629561832407,0.22791839012574067,0.07039603079666756,0.06753765488031593,0.024541126201122,0.8895084976700889,0.12997980834834602,0.7811124502878826,0.050442178009896255,0.11175876155057729,0.11721371195467878,2.0266557828329854,1750.157717150294
2026-01-16 19:30:00,8.510000228881836,8.670000076293945,8.489999771118164,8.65999984741211,1843729,1h,1H,yfinance,730d,2026-04-02T03:04:46Z,0.01702871382771698,0.01702871382771698,8.158861844468603,8.137659978866576,7.696435966491699,7.329176988601684,6.863807239532471,8.158861844468603,7.696435966491699,7.329176988601684,6.863807239532471,0.01721452591353953,0.23234905273544967,1565623.05,1.177632764157375,71.3745930449089,0.18000030517578125,0.18545866899462402,0.021415551069558635,35.50317198126565,39.00964345834126,10.696057984315013,8.137659978866576,0.23234905273544967,8.602358084337476,7.6729618733956775,0.11420927064480842,0.22872178778852792,0.19212951741529416,0.03659227037323376,8.539999961853027,7.929999828338623,8.0,0.10529672051670524,0.2433596062728629,0.03650512530059857,0.09968252030629965,0.024541126201122,0.8726392951183932,0.11843334504879631,0.9643337406180033,0.061422538155031736,0.12519611481411896,0.12130712560860646,2.24808262567037,1750.157717150294
2026-01-16 20:30:00,8.654999732971191,8.819999694824219,8.635000228881836,8.800000190734863,2773146,1h,1H,yfinance,730d,2026-04-02T03:04:46Z,0.016166321684704332,0.016166321684704332,8.219922639351104,8.169910001754761,7.737437973022461,7.347876992225647,6.872732241153717,8.219922639351104,7.737437973022461,7.347876992225647,6.872732241153717,0.015961654013926317,0.27361599512827833,1535843.3,1.8056177996804752,73.95256129096421,0.1849994659423828,0.1854258687766068,0.02107112099518289,37.37795352888089,42.007837637727576,9.933810736228205,8.169910001754761,0.27361599512827833,8.717141992011317,7.622678011498205,0.13396279521782245,0.25182011500726276,0.2040676369336879,0.047752478073574856,8.670000076293945,7.929999828338623,8.244999885559082,0.09675093204828111,0.2818646007473251,0.06151993139066758,0.07909263996121219,0.024432091063063634,0.8624362499629903,0.11843334504879631,1.1311239681917942,0.0705697093311759,0.1373273971845923,0.12581688061276597,2.30282658981504,1750.157717150294
2026-01-20 14:30:00,8.5,8.710000038146973,8.25,8.675000190734863,3673413,1h,1H,yfinance,730d,2026-04-02T03:04:46Z,-0.014204545146670244,-0.014204545146670244,8.26326335853051,8.195410013198853,7.774337978363037,7.365225992202759,6.881032242774963,8.26326335853051,7.774337978363037,7.365225992202759,6.881032242774963,0.016439896255373784,0.2949068695910541,1656294.35,2.2178503476752183,68.05900937885079,0.5500001907348633,0.21146689177362513,0.024376586412006945,36.401697039630754,34.203739011856335,21.092742658805975,8.195410013198853,0.2949068695910541,8.785223752380961,7.605596274016745,0.14393757926258793,0.2570758401500637,0.21466927757696308,0.042406562573100604,8.819999694824219,7.940000057220459,8.244999885559082,0.08709275313285891,0.26181820956143476,0.030897234707126797,0.06246175520692754,0.024375004064788597,1.0000649167981324,0.11843334504879631,1.215346735358049,0.04982738832586042,0.11585066341063155,0.12982147213828843,1.626242814218116,1750.157717150294
2026-01-20 15:30:00,8.675000190734863,8.779999732971191,8.65999984741211,8.699999809265137,1501134,1h,1H,yfinance,730d,2026-04-02T03:04:46Z,0.002881800343586649,0.002881800343586649,8.304857306219523,8.228684997558593,7.811337976455689,7.382775988578796,6.888807241916656,8.304857306219523,7.811337976455689,7.382775988578796,6.888807241916656,0.015844506506195854,0.31192752461014805,1683639.2,0.8916007657697683,68.59800981781524,0.11999988555908203,0.20493353418687205,0.02355557915859106,35.73505574156509,35.21295985397514,20.21053094380607,8.228684997558593,0.31192752461014805,8.85254004677889,7.604829948338297,0.1516293428185404,0.2602582058837317,0.22378706323831682,0.0364711426454149,8.819999694824219,7.940000057220459,8.25,0.07011066258311072,0.25820726300528785,0.0265486038546221,0.08283025416437972,0.024339459712732263,0.9677938391651666,0.11843334504879631,1.280292663827631,0.04757968601696394,0.11376563598809586,0.13391733897352576,1.5109753853738943,1750.157717150294
2026-01-20 16:30:00,8.6899995803833,8.704999923706055,8.550000190734863,8.5649995803833,1212164,1h,1H,yfinance,730d,2026-04-02T03:04:46Z,-0.015517268027760878,-0.015517268027760878,8.329632760901788,8.25893497467041,7.843937969207763,7.398525986671448,6.896559739112854,8.329632760901788,7.843937969207763,7.398525986671448,6.896559739112854,0.016163478909352463,0.3137347829847298,1689225.6,0.7175856202984373,62.46770467669795,0.1549997329711914,0.20136683410003772,0.023510431286095423,34.48674821264872,33.27690568735762,23.001222726148022,8.25893497467041,0.3137347829847298,8.88640454063987,7.631465408700951,0.15194926897811054,0.24901635786245713,0.22883292216314488,0.020183435699312247,8.819999694824219,7.940000057220459,8.25,0.05871439046184235,0.24310591383974556,0.0058719007685954505,0.07600496725338801,0.024066948368669246,0.9768762921643067,0.11843334504879631,1.2829939821044922,0.028256566194165833,0.09192597060381447,0.13736968371664915,0.9755520341134363,1750.157717150294
2026-01-20 17:30:00,8.569999694824219,8.569999694824219,8.4399995803833,8.5,1167200,1h,1H,yfinance,730d,2026-04-02T03:04:46Z,-0.007588976481933685,-0.007588976481933685,8.345858212244474,8.286684966087341,7.868861970901489,7.414075984954834,6.904634737968445,8.345858212244474,7.868861970901489,7.414075984954834,6.904634737968445,0.016310900674717552,0.3092528355984425,1711981.55,0.681783048421287,59.70130373878922,0.13000011444091797,0.19626921126724345,0.02309049544320511,32.740716727050774,31.702536948891343,25.916278384633912,8.286684966087341,0.3092528355984425,8.905190637284226,7.6681792948904555,0.1492769843980012,0.2321856972127918,0.2295034771730743,0.00268222003971752,8.819999694824219,8.0,8.25,0.059190081501426794,0.22126436112248005,-0.01847573328305807,0.06985523176175934,0.023691989094017638,0.9746119395705611,0.11843334504879631,1.2604303655908464,0.018469255508005045,0.08020702757684872,0.1396492746576119,0.6897755149111828,1750.157717150294
2026-01-20 18:30:00,8.5,8.515000343322754,8.3100004196167,8.454999923706055,1766101,1h,1H,yfinance,730d,2026-04-02T03:04:46Z,-0.005294126622817141,-0.005294126622817141,8.356252660955102,8.318184971809387,7.890861968994141,7.428725986480713,6.912234737873077,8.356252660955102,7.890861968994141,7.428725986480713,6.912234737873077,0.015885647349684274,0.29223946176312404,1728532.35,1.0217344211116441,57.79310764227347,0.2049999237060547,0.1968928335843014,0.023287147884206952,30.48082461564004,29.3448302797713,28.70498939672801,8.318184971809387,0.29223946176312404,8.902663895335635,7.733706048283139,0.14053039827968894,0.2127635416465825,0.22615549006777594,-0.013391948421193428,8.819999694824219,8.244999885559082,8.25,0.0628535518284532,0.26666661904248246,-0.03920457494899199,0.0805111986961291,0.023533005222343244,0.9895526586675439,0.11843334504879631,1.1865779711093047,0.01181717053774034,0.07149256404795845,0.14157899264604423,0.4681604293658446,1750.157717150294
2026-01-20 19:30:00,8.454999923706055,8.460000038146973,8.319999694824219,8.425000190734863,1280217,1h,1H,yfinance,730d,2026-04-02T03:04:46Z,-0.003548164783192753,-0.003548164783192753,8.36280004474365,8.343434977531434,7.90966197013855,7.44222599029541,6.919809739589692,8.36280004474365,7.90966197013855,7.44222599029541,6.919809739589692,0.01585178628864404,0.27822518617391495,1669699.45,0.7667349953310459,56.4966722514699,0.1400003433227539,0.19282908427990517,0.022887724618922033,28.38235336933007,27.823021349762566,27.216362310346128,8.343434977531434,0.27822518617391495,8.899885349879264,7.786984605183604,0.1333863987305782,0.19272895626057895,0.21947018330633655,-0.0267412270457576,8.819999694824219,8.244999885559082,8.25,0.008378294713801804,0.24722428541841168,-0.028818443170411268,0.06376264009800692,0.02347227587792044,0.9750960979651627,0.11843334504879631,1.126257125268403,0.007437717709190883,0.06515300180233696,0.143046162799203,0.2931625792944716,1750.157717150294
2026-01-20 20:30:00,8.425000190734863,8.5,8.399999618530273,8.484999656677246,1352655,1h,1H,yfinance,730d,2026-04-02T03:04:46Z,0.007121598170213073,0.007121598170213073,8.37443810302304,8.375934958457947,7.928361959457398,7.456525988578797,6.92773473739624,8.37443810302304,7.928361959457398,7.456525988578797,6.92773473739624,0.01554064774111147,0.2538301183883122,1646082.65,0.8217418487461733,58.501697480143136,0.10000038146972656,0.1861984626506067,0.02194442783554839,26.63280214053481,28.290143296402547,26.172297140576962,8.375934958457947,0.2538301183883122,8.883595195234571,7.868274721681322,0.1212187628711213,0.17962228458021734,0.21150060356111272,-0.03187831898089538,8.819999694824219,8.25,8.3100004196167,0.0235222793391463,0.2514748368889934,-0.024712661758788168,0.08296102302049291,0.023360634176976203,0.9393763743441692,0.11771401675796486,1.0297733966581282,0.013202265309513184,0.0702084112791872,0.14443786605450182,0.4296759537906802,1750.157717150294
2026-01-21 14:30:00,8.739999771118164,9.039999961853027,8.649999618530273,8.98009967803955,2400567,1h,1H,yfinance,730d,2026-04-02T03:04:46Z,0.05835003434239239,0.05835003434239239,8.432120157786517,8.423754954338074,7.957163953781128,7.476476984024048,6.938510236740112,8.432120157786517,7.957163953781128,7.476476984024048,6.938510236740112,0.019123836736352172,0.27237886422805013,1665575.25,1.441284024843669,70.55959101653531,0.5550003051757812,0.21254145140240488,0.023668050358301246,27.003127406083912,41.161231927291134,21.29068369383937,8.423754954338074,0.27237886422805013,8.968512682794174,7.878997225881974,0.12933845569084607,0.20680170551390376,0.21056082395167094,-0.0037591184377671893,8.819999694824219,8.25,8.3100004196167,0.0671538584371052,0.3333481069069595,0.04846469562088096,0.1191968725348278,0.023360634176976203,1.0131595820128902,0.11771401675796486,1.098751527244054,0.06498715744070727,0.12855531571299816,0.14681158956098983,2.042539993983069,1750.157717150294
2026-01-21 15:30:00,8.989999771118164,9.010000228881836,8.899999618530273,8.989999771118164,2798751,1h,1H,yfinance,730d,2026-04-02T03:04:46Z,0.0011024480165653383,0.0011024480165653383,8.48525154953239,8.474254941940307,7.991463947296142,7.496176981925965,6.949860236644745,8.48525154953239,7.991463947296142,7.496176981925965,6.949860236644745,0.018983595314579722,0.2789726410031431,1767618.95,1.5833452113647006,70.74265673142804,0.1100006103515625,0.205217105613059,0.022827264831791465,27.347000866950935,39.58528399181145,20.47552322751692,8.474254941940307,0.2789726410031431,9.032200223946594,7.916309659934021,0.13168007944744145,0.22652916004640922,0.21375449117061862,0.012774668875790596,9.039999961853027,8.25,8.3100004196167,0.06076688689884491,0.32400586474594695,0.05764703189625453,0.12656638466549075,0.02323487794630895,0.9824568428782198,0.11771401675796486,1.118644007520299,0.059485357462807364,0.12495030077184666,0.14987405144628685,1.8487290629049393,1750.157717150294
2026-01-21 16:30:00,8.989999771118164,8.994999885559082,8.720000267028809,8.805000305175781,1073747,1h,1H,yfinance,730d,2026-04-02T03:04:46Z,-0.020578361585361082,-0.020578361585361082,8.515703811974618,8.508004951477051,8.021765956878662,7.512926983833313,6.96013573884964,8.515703811974618,8.021765956878662,7.512926983833313,6.96013573884964,0.019601871979440307,0.27609912483887883,1746690.9,0.6147321200333729,62.87481238480791,0.27499961853027344,0.21020157082143148,0.02387297711936139,26.715420279619618,35.88613466215328,24.678690836396534,8.508004951477051,0.27609912483887883,9.06020320115481,7.955806701799294,0.12980675324639818,0.22464582189788196,0.2159327573160713,0.008713064581810648,9.039999961853027,8.25,8.3100004196167,0.03405753965476199,0.3044638412904155,0.04139566938237316,0.08302585255022255,0.02323487794630895,1.0274629879497088,0.12527860928098367,1.0361445899775155,0.03397211781771459,0.09763864372351772,0.15253010255292598,1.0756837924497051,1750.157717150294
2026-01-21 17:30:00,8.800000190734863,8.859999656677246,8.734999656677246,8.805000305175781,724634,1h,1H,yfinance,730d,2026-04-02T03:04:46Z,0.0,0.0,8.543255858946157,8.543754959106446,8.050965967178344,7.529476985931397,6.970635740756989,8.543255858946157,8.050965967178344,7.529476985931397,6.970635740756989,0.019516765623359623,0.2657566087654385,1745697.55,0.4150971054522016,62.87481238480791,0.125,0.2041157443341864,0.023181798666628377,26.128952591383396,34.316378651064895,23.59917854980075,8.543754959106446,0.2657566087654385,9.075268176637323,8.012241741575568,0.1244214563912226,0.2206102057199999,0.21686824699685703,0.0037419587231428686,9.039999961853027,8.25,8.319999694824219,0.016743702115306958,0.28916550564147925,0.045103870129143964,0.08838073412880854,0.02318220333751966,0.9999825438986368,0.12687995604103433,0.9806234197542074,0.03063755207044805,0.0936576233300992,0.15498302688587118,0.983024833447944,1750.157717150294
2026-01-21 18:30:00,8.805000305175781,8.925000190734863,8.800000190734863,8.914999961853027,560007,1h,1H,yfinance,730d,2026-04-02T03:04:46Z,0.012492862335573784,0.012492862335573784,8.578660059223003,8.588254976272584,8.082465963363648,7.547326984405518,6.981785740852356,8.578660059223003,8.082465963363648,7.547326984405518,6.981785740852356,0.01937352411819506,0.24916282027846817,1725105.2,0.3246219418966449,65.51929520448255,0.125,0.19846461973888738,0.022261875556714585,25.82059414511005,35.11195264926557,22.53749334054418,8.588254976272584,0.24916282027846817,9.08658061682952,8.089929335715647,0.11604817088772944,0.2237092231421247,0.21823644222591057,0.005472780916214143,9.039999961853027,8.3100004196167,8.399999618530273,0.01306815552563756,0.3014598665649506,0.05067770448728237,0.11090347484474417,0.023136147054916744,0.9622118801316849,0.12687995604103433,0.9146296586846091,0.039206577753179817,0.10300494951208039,0.15765024355744806,1.3113713563495084,1750.157717150294
2026-01-21 19:30:00,8.914999961853027,9.0,8.84000015258789,8.975000381469727,1412981,1h,1H,yfinance,730d,2026-04-02T03:04:46Z,0.006730277046936406,0.006730277046936406,8.616406756579833,8.639254999160766,8.116865968704223,7.565926990509033,6.993460743427277,8.616406756579833,8.116865968704223,7.565926990509033,6.993460743427277,0.019098842281473592,0.21658511263826116,1729700.25,0.8168935629164649,66.90411643850302,0.15999984741210938,0.1957171360012604,0.021806922304465706,25.80235481674552,35.79883091608582,21.221455756474278,8.639254999160766,0.21658511263826116,9.072425224437287,8.206084773884244,0.10027953227879036,0.22837419364862832,0.22026399251045414,0.008110201138174178,9.039999961853027,8.3100004196167,8.649999618530273,0.03458215379122076,0.29416012336296515,-0.0005678440944585361,0.1282213032741899,0.023136147054916744,0.9425477047973483,0.12687995604103433,0.7903496770314051,0.04161753675522073,0.10572238300769876,0.160636524103287,1.5501775640033029,1750.157717150294
2026-01-21 20:30:00,8.975000381469727,9.079999923706056,8.96500015258789,9.045000076293944,1664619,1h,1H,yfinance,730d,2026-04-02T03:04:46Z,0.007799408562560339,0.007799408562560339,8.657225167981176,8.673755025863647,8.15166597366333,7.585426993370056,7.005460743904114,8.657225167981176,8.15166597366333,7.585426993370056,7.005460743904114,0.01622771966302572,0.22340603016783842,1581037.45,1.0528650032926166,68.49390267359492,0.11499977111816584,0.18995160993818222,0.021000730606517817,26.06327732573017,37.259027997039226,20.303754906398737,8.673755025863647,0.22340603016783842,9.120567086199324,8.22694296552797,0.1030262116011717,0.23501055139726645,0.2232133042878166,0.011797247109449849,9.039999961853027,8.3100004196167,8.720000267028809,0.039655203976142195,0.246932667276742,0.006117942889440009,0.08258534672198525,0.023014726645412945,0.9124909858837478,0.12687995604103433,0.811997535433035,0.044792055281980714,0.10958914478547399,0.16361596640971854,1.6617503571921979,1750.157717150294
2026-01-22 14:30:00,9.989999771118164,10.050000190734863,9.329999923706056,9.515000343322754,9163004,1h,1H,yfinance,730d,2026-04-02T03:04:46Z,0.0519624392553224,0.0519624392553224,8.738918041823231,8.735005044937134,8.197765979766846,7.610026998519897,7.020035746097565,8.738918041823231,8.197765979766846,7.610026998519897,7.020035746097565,0.019022966624421513,0.27236001216864547,1986316.9,4.613062497731354,76.61602785714757,1.0050001144409197,0.24816936025980632,0.026081907651633627,28.34941291950733,54.40017341700322,14.430670037734563,8.735005044937134,0.27236001216864547,9.279725069274425,8.190285020599843,0.12472116994437557,0.27502469285622055,0.23357558200149742,0.04144911085472314,9.079999923706056,8.3100004196167,8.720000267028809,0.11091661523431617,0.29367781354830824,0.080636003809065,0.1477684423530332,0.023014726645412945,1.1332703643834936,0.12702981281761083,0.9818259759498347,0.08880759583569753,0.16068211349372663,0.16776698527838407,2.863839269850841,1750.157717150294
2026-01-22 15:30:00,9.520000457763672,9.779999732971191,9.505000114440918,9.689900398254396,1840611,1h,1H,yfinance,730d,2026-04-02T03:04:46Z,0.01838150800008953,0.01838150800008953,8.82948779005477,8.798750066757203,8.251463985443115,7.636676001548767,7.035685248374939,8.82948779005477,8.251463985443115,7.636676001548767,7.035685248374939,0.019105748243880234,0.3325472034930162,2027422.95,0.9078574354699892,78.80566151009798,0.27499961853027344,0.2500858072791254,0.02580891412714392,30.47225311372898,50.12734656482964,13.29722228271662,8.798750066757203,0.3325472034930162,9.463844473743235,8.13365565977117,0.15117929295408528,0.31719276028606025,0.25029901765841,0.06689374262765024,10.050000190734863,8.319999694824219,8.734999656677246,0.13998828214757597,0.29457584841815265,0.10049972315826605,0.15150332052058957,0.023014726645412945,1.1214086756180475,0.12957260446862212,1.1667535245901113,0.09744762421765452,0.1743249943705638,0.17280175194718783,2.6797709381907606,1750.157717150294
2026-01-22 16:30:00,9.6850004196167,9.779999732971191,9.635000228881836,9.755000114440918,1891766,1h,1H,yfinance,730d,2026-04-02T03:04:46Z,0.006718306020797593,0.006718306020797593,8.917631820948689,8.862750053405762,8.30506399154663,7.663576002120972,7.051310248374939,8.917631820948689,8.30506399154663,7.663576002120972,7.051310248374939,0.019106095591688944,0.38336882894750113,2053227.55,0.9213620769894696,79.57239504311934,0.14499950408935547,0.2425796427655704,0.02486721065297222,32.44346186550622,47.987124459288644,12.72948808128714,8.862750053405762,0.38336882894750113,9.629487711300763,8.09601239551076,0.1730247729598018,0.3518088273951321,0.27060097960575447,0.08120784778937762,10.050000190734863,8.399999618530273,8.800000190734863,0.1537551983992258,0.29205296264918834,0.09422323681236366,0.1510324100716105,0.023136147054916744,1.0748207380402002,0.13074341634691983,1.3233918601353578,0.09390029890280305,0.1745845816925813,0.17780436528950538,2.3273933446408126,1750.157717150294
2026-01-22 17:30:00,9.754599571228027,9.770000457763672,9.489999771118164,9.545000076293944,1567206,1h,1H,yfinance,730d,2026-04-02T03:04:46Z,-0.021527425492911978,-0.021527425492911978,8.977381178600618,8.914250040054322,8.349563989639282,7.689476003646851,7.065810248851776,8.977381178600618,8.349563989639282,7.689476003646851,7.065810248851776,0.020108985314167365,0.40192806822512683,2083382.6,0.7522410910026799,70.68859267192632,0.2800006866455078,0.2452525744712802,0.025694350184489984,33.479028964020856,44.073832846197604,15.914478783958378,8.914250040054322,0.40192806822512683,9.718106176504575,8.110393903604068,0.18035306006412063,0.3581683204928492,0.2881144477831734,0.07005387270967578,10.050000190734863,8.649999618530273,8.84000015258789,0.13293766886685243,0.2659151358865748,0.06350971260135752,0.12096297022217839,0.023234473275417666,1.1058718603134805,0.13253323908900982,1.360813795118935,0.06322767034180954,0.14317347446382134,0.1816852838633929,1.5693107451414114,1750.157717150294
2026-01-22 18:30:00,9.541899681091309,9.67870044708252,9.494999885559082,9.61989974975586,1212440,1h,1H,yfinance,730d,2026-04-02T03:04:46Z,0.007847006062151607,0.007847006062151607,9.038573423472545,8.96224503517151,8.395561981201173,7.716224999427795,7.080634746551514,9.038573423472545,8.395561981201173,7.716224999427795,7.080634746551514,0.01995443686229271,0.42533230548366135,2051818.15,0.5909100667620082,71.89385870634567,0.1837005615234375,0.24085600211786287,0.02503726737110493,34.440626984070164,41.67275746412445,15.047482183956875,8.96224503517151,0.42533230548366135,9.812909646138833,8.111580424204186,0.18983292860861709,0.36504404179437167,0.3035003665854131,0.06154367520895859,10.050000190734863,8.720000267028809,8.96500015258789,0.133753699351715,0.3223229723229297,0.06355994125071063,0.11084294679642515,0.023398789585151188,1.07002404034581,0.1336745969742003,1.4201122195659623,0.06431615909360766,0.145831544248753,0.1857075363603622,1.5462138805480716,1750.157717150294
2026-01-22 19:30:00,9.614999771118164,9.739999771118164,9.5649995803833,9.5649995803833,1900036,1h,1H,yfinance,730d,2026-04-02T03:04:46Z,-0.005706937785287414,-0.005706937785287414,9.088709247940237,9.000495004653931,8.44056197166443,7.742324995994568,7.095134744644165,9.088709247940237,8.44056197166443,7.742324995994568,7.095134744644165,0.0199373422466814,0.4430507787308365,2008162.65,0.9461564281160194,69.63367365445914,0.17500019073486328,0.23615201559050578,0.024689182012597892,35.459986117811084,41.32104451642925,14.250987892621685,9.000495004653931,0.4430507787308365,9.886596562115605,8.114393447192258,0.19690062757737042,0.36189145617702145,0.31517858450373476,0.04671287167328669,10.050000190734863,8.720000267028809,9.329999923706056,0.06513289643923414,0.31208930281917335,0.005254780373774137,0.08693174693949124,0.023533005222343244,1.049130010354858,0.13695839850513358,1.437667421103716,0.05240461758098425,0.13321833457223442,0.18962673373269956,1.2741306478378156,1750.157717150294
2026-01-22 20:30:00,9.5600004196167,9.579999923706056,9.479999542236328,9.53499984741211,2334134,1h,1H,yfinance,730d,2026-04-02T03:04:46Z,-0.0031364071392869786,-0.0031364071392869786,9.131213114556605,9.043494987487794,8.484361972808838,7.768124995231628,7.109534742832184,9.131213114556605,8.484361972808838,7.768124995231628,7.109534742832184,0.019564170483896356,0.45103483420072465,1941198.7,1.2024188971484475,68.36882458348849,0.10000038146972834,0.2264268988675931,0.02374692212806354,35.9024198184967,40.017526933669764,16.482833901988954,9.043494987487794,0.45103483420072465,9.945564655889243,8.141425319086345,0.1994958076826526,0.3529042214400615,0.32272371189100013,0.030180509549061374,10.050000190734863,8.734999656677246,9.489999771118164,0.0606229243792471,0.2981620312835047,-0.01598577327690509,0.09913540493010586,0.023533005222343244,1.0090900802383367,0.13695839850513358,1.456616095545064,0.04422049160278663,0.12383227848722345,0.19337794661777985,1.0897270513380806,1750.157717150294
2026-01-23 14:30:00,9.729999542236328,10.010000228881836,9.529999732971191,9.880000114440918,2312249,1h,1H,yfinance,730d,2026-04-02T03:04:46Z,0.0361825141635892,0.0361825141635892,9.202526162164634,9.102495002746583,8.534161977767944,7.797674994468689,7.125759742259979,9.202526162164634,8.534161977767944,7.797674994468689,7.125759742259979,0.02070335627088661,0.4785802068198918,1981754.45,1.166768668035538,74.1777980979228,0.48000049591064453,0.2445392986563825,0.024750940872860536,37.16941712473284,46.96692054122413,14.171850265634339,9.102495002746583,0.4785802068198918,10.059655416386367,8.145334589106799,0.21030726484353368,0.3693626289568215,0.33205149530416445,0.037311133652657036,10.050000190734863,8.800000190734863,9.479999542236328,0.12208969585534568,0.3460490339305362,0.01281394141809944,0.1356322219592614,0.023589240822198335,1.0492470300090795,0.13695839850513358,1.5355558121224,0.07361825876264905,0.15770009289476472,0.19764941373974554,1.6246077472797376,1750.157717150294
2026-01-23 15:30:00,9.877300262451172,9.9350004196167,9.79170036315918,9.837900161743164,1541322,1h,1H,yfinance,730d,2026-04-02T03:04:46Z,-0.004261128766205102,-0.004261128766205102,9.263037971648304,9.166140031814574,8.573519983291625,7.8278039979934695,7.143549242019653,9.263037971648304,8.573519983291625,7.8278039979934695,7.143549242019653,0.020242616320222402,0.48742619500347956,1998212.35,0.7713504523180431,72.42977148313236,0.14330005645751953,0.23730792421360658,0.02412180651481203,38.34591462338068,44.941113056979944,13.560580887040294,9.166140031814574,0.48742619500347956,10.140992421821533,8.191287641807616,0.2127072871728694,0.37468973116691906,0.3405791424767154,0.03411058869020367,10.050000190734863,8.84000015258789,9.479999542236328,0.11730832717407402,0.35601654122114224,0.030686231860455493,0.14861653750400983,0.02370748624318239,1.0174763476557447,0.13695839850513358,1.5530795445516001,0.062059789871785176,0.14747503719774469,0.2001765078989901,1.37817814638336,1750.157717150294
2026-01-23 16:30:00,9.835000038146973,9.9399995803833,9.804200172424316,9.864999771118164,886912,1h,1H,yfinance,730d,2026-04-02T03:04:46Z,0.0027546131724718315,0.0027546131724718315,9.32036766683591,9.234390020370483,8.611719980239869,7.856309995651245,7.161774241924286,9.32036766683591,8.611719980239869,7.856309995651245,7.161774241924286,0.019989940384101217,0.48493231929761754,1984197.95,0.44698766068173795,72.87291393350216,0.13579940795898438,0.230057315909705,0.02332055968042144,39.447523689360274,43.20146568527434,12.988823103004684,9.234390020370483,0.48493231929761754,10.204254658965718,8.264525381775249,0.2100549438470271,0.3767552104991392,0.34781435608120015,0.028940854417939033,10.050000190734863,8.96500015258789,9.479999542236328,0.1065619532619353,0.35044490115501636,0.025478438210182475,0.16058820836684284,0.02370748624318239,0.9836791400491809,0.13695839850513358,1.5337134935843577,0.0584346158596496,0.1455318790850173,0.20245621955349424,1.3004077592952854,1750.157717150294
2026-01-23 17:30:00,9.864999771118164,10.010000228881836,9.770000457763672,9.864999771118164,1359923,1h,1H,yfinance,730d,2026-04-02T03:04:46Z,0.0,0.0,9.372237391053268,9.304890012741089,8.65081997871399,7.8843099927902225,7.180571739673614,9.372237391053268,8.65081997871399,7.8843099927902225,7.180571739673614,0.019851093562186433,0.46872176408087196,1963889.05,0.6924642713395647,72.87291393350216,0.23999977111816406,0.2307674912817378,0.02339254907611428,40.60249937860382,42.15889588981444,12.023932748121897,9.304890012741089,0.46872176408087196,10.242333540902832,8.367446484579345,0.20149481119671744,0.37407995686484874,0.3530674762379299,0.02101248062691885,10.050000190734863,9.329999923706056,9.479999542236328,0.09916427318331689,0.3682385185747583,0.031364370506625994,0.16676521113368237,0.02370748624318239,0.9867157081169381,0.14228284584233175,1.4161567404970266,0.052576813785712107,0.14035430114044178,0.20475364530056273,1.1949727990024286,1750.157717150294
2026-01-23 18:30:00,9.864999771118164,9.920000076293944,9.8149995803833,9.902000427246094,719028,1h,1H,yfinance,730d,2026-04-02T03:04:46Z,0.0037507001506738025,0.0037507001506738025,9.422691013547823,9.37874002456665,8.686485986709595,7.912079997062683,7.199781742095947,9.422691013547823,8.686485986709595,7.912079997062683,7.199781742095947,0.01970318651952521,0.43973060535793834,1935829.6,0.3714314524377559,73.54621086892928,0.10500049591064275,0.22178413446951672,0.022397912027882882,41.674976804329965,40.73321585508032,11.6173215099437,9.37874002456665,0.43973060535793834,10.258201235282526,8.499278813850774,0.18754357374492037,0.370672560268531,0.35658849304405016,0.014084067224480856,10.050000190734863,9.479999542236328,9.479999542236328,0.09474851782458948,0.41356177951131845,0.038489835942010275,0.17531159680394026,0.02370748624318239,0.9447611525799744,0.16210203295694353,1.1569476972243429,0.050867572014101414,0.13993166424216263,0.20649296018532493,1.1899567514831335,1750.157717150294
2026-01-23 19:30:00,9.899999618530272,9.899999618530272,9.744999885559082,9.8149995803833,1164471,1h,1H,yfinance,730d,2026-04-02T03:04:46Z,-0.008786188962727537,-0.008786188962727537,9.460053734198821,9.445240020751953,8.722285985946655,7.938979992866516,7.218481740951538,9.460053734198821,8.722285985946655,7.938979992866516,7.218481740951538,0.020052657178173686,0.39814354639768634,1926420.4,0.6044739767083032,69.19719756071267,0.15700054168701172,0.21715673498505209,0.02212498668049577,42.17819406792488,38.62968682228887,13.319858656924803,9.445240020751953,0.39814354639768634,10.241527113547326,8.64895292795658,0.16861129861091212,0.356838520333433,0.35663849850192675,0.00020002183150624742,10.050000190734863,9.479999542236328,9.529999732971191,0.03152908315668901,0.38727913003332803,-0.006579001346630586,0.1567471982935691,0.02370748624318239,0.9332489515567386,0.17081803578535695,0.9870813572799905,0.03752048943457087,0.12527834975799057,0.2083269444963487,0.9287091627551153,1750.157717150294
2026-01-23 20:30:00,9.8149995803833,9.890000343322754,9.729999542236328,9.890000343322754,1615742,1h,1H,yfinance,730d,2026-04-02T03:04:46Z,0.007641443315937968,0.007641443315937968,9.501001030305863,9.490735054016113,8.760559997558595,7.9661799955368044,7.2373037433624265,9.501001030305863,8.760559997558595,7.9661799955368044,7.2373037433624265,0.016322210098838535,0.3943618843044461,1887179.15,0.8561677888397612,70.80021053957508,0.16000080108642578,0.21307416827800735,0.021544404538050864,42.537913712766716,36.55771184245809,13.108277829630413,9.490735054016113,0.3943618843044461,10.279458822625006,8.70201128540722,0.16620920595083635,0.3479163160565637,0.3548940620128542,-0.006977745956290471,10.050000190734863,9.479999542236328,9.744999885559082,0.02065036139116616,0.35109291139238863,0.005295864028199038,0.10132411642471251,0.023569735602088908,0.9140706922542421,0.17081803578535695,0.973019067844148,0.04094298187907541,0.12892330468359492,0.2104728926975321,1.0124337700912525,1750.157717150294
2026-01-26 14:30:00,9.899999618530272,9.949999809265137,9.43000030517578,9.545000076293944,2785295,1h,1H,yfinance,730d,2026-04-02T03:04:46Z,-0.034883746719153286,-0.034883746719153286,9.50519141563806,9.518485069274902,8.793959999084473,7.990179996490479,7.25467874288559,9.50519141563806,8.793959999084473,7.990179996490479,7.25467874288559,0.018488895625796142,0.37730846253494843,1886506.35,1.476430227759371,56.28886367783822,0.5199995040893572,0.23499740655024662,0.024619948106012958,40.98942541391024,30.77953499611212,20.155050349839502,9.518485069274902,0.37730846253494843,10.273101994344799,8.763868144205006,0.15855819903647372,0.30943973794496316,0.345803197199276,-0.036363459254312835,10.050000190734863,9.479999542236328,9.729999542236328,-0.021527425492911978,0.30396172847733305,-0.03243788162682848,0.06173529691945134,0.023809949623712464,1.0340193278482963,0.17081803578535695,0.9282286750780319,0.004188096684764275,0.0854040815841397,0.21217772843606664,0.07027408513686656,1750.157717150294
2026-01-26 15:30:00,9.545000076293944,9.585000038146973,9.420000076293944,9.46500015258789,1441881,1h,1H,yfinance,730d,2026-04-02T03:04:46Z,-0.008381343432855681,-0.008381343432855681,9.501363676299949,9.551485061645508,8.820160007476806,8.014329996109009,7.271828744411469,9.501363676299949,8.820160007476806,8.014329996109009,7.271828744411469,0.01788689330551851,0.3405329393606419,1904913.05,0.7569274618597421,53.54809715126036,0.16499996185302912,0.22999758907187395,0.024299797714106612,39.496416998805266,29.202306630773094,19.432819285197752,9.551485061645508,0.3405329393606419,10.232550940366792,8.870419182924223,0.1426094213257246,0.2693861316878703,0.3305197840969949,-0.061133652409124606,10.050000190734863,9.43000030517578,9.43000030517578,-0.008381343432855681,0.29391662044420874,-0.04054735203353532,0.07495739063451778,0.023934364321437786,1.0152681469940488,0.17081803578535695,0.8348616155785905,-0.0038271899646113994,0.07310980124674127,0.21292185466486102,-0.25396929066537444,1750.157717150294
2026-01-26 16:30:00,9.46500015258789,9.5600004196167,9.380000114440918,9.46500015258789,1099875,1h,1H,yfinance,730d,2026-04-02T03:04:46Z,0.0,0.0,9.497900483565468,9.584485054016113,8.846160011291504,8.040729999542236,7.289403746128082,9.497900483565468,8.846160011291504,8.040729999542236,7.289403746128082,0.01788689330551851,0.29561070800258676,1923675.1,0.5717571537937981,53.54809715126036,0.18000030517578125,0.22642635450786733,0.023922488204710546,37.88042280188685,27.5441124444746,19.59120657207155,9.584485054016113,0.29561070800258676,10.175706470021288,8.993263638010939,0.1233705123797839,0.23493517371792194,0.31140286202118034,-0.0764676883032584,10.050000190734863,9.420000076293944,9.420000076293944,-0.016101997026725767,0.28863177984392063,-0.04413252431859771,0.07495739063451778,0.024022147359761287,0.9958513635955095,0.17081803578535695,0.7222335265276455,-0.003463958275253143,0.06995579330539803,0.21356428034190378,-0.4041967973202686,1750.157717150294
2026-01-26 17:30:00,9.46500015258789,9.48989963531494,9.425000190734863,9.4399995803833,596042,1h,1H,yfinance,730d,2026-04-02T03:04:46Z,-0.002641370502012519,-0.002641370502012519,9.492386111833833,9.610735034942627,8.874270000457763,8.06587999343872,7.30586124420166,9.492386111833833,8.874270000457763,8.06587999343872,7.30586124420166,0.017822252066378275,0.2555971779192065,1925476.85,0.3095555264660803,52.6195027886579,0.06489944458007635,0.2148887180844537,0.022763636402166915,36.379856761891176,26.949918649979992,19.16857638584741,9.610735034942627,0.2555971779192065,10.12192939078104,9.099540679104214,0.10637986667613178,0.20327201087365943,0.28977669179167614,-0.08650468091801672,10.050000190734863,9.380000114440918,9.380000114440918,-0.013068479402378652,0.2774018607489648,-0.038206827919737396,0.05888946952066498,0.024022147359761287,0.9476103889154196,0.17081803578535695,0.6227671813871248,-0.0055187948354969985,0.06374942163088981,0.2146781472890522,-0.6679864619369733,1750.157717150294
2026-01-26 18:30:00,9.44499969482422,9.489999771118164,9.414999961853027,9.479999542236328,745572,1h,1H,yfinance,730d,2026-04-02T03:04:46Z,0.004237284282951448,0.004237284282951448,9.491206438538832,9.635984992980957,8.904669990539551,8.091629986763001,7.322586240768433,9.491206438538832,8.904669990539551,8.091629986763001,7.322586240768433,0.017804590889857575,0.21292960797096228,1892106.4,0.39404337937866496,53.99414420848613,0.07499980926513672,0.20489665316878822,0.02161357205302704,34.92217502401699,26.245299053710227,19.016019796300125,9.635984992980957,0.21292960797096228,10.061844208922881,9.210125777039032,0.08838934810548774,0.17933907955234396,0.2676891693438097,-0.08835008979146575,10.050000190734863,9.380000114440918,9.380000114440918,-0.005768254436911091,0.20457429226034507,-0.041456095738483856,0.05626731357128967,0.024022147359761287,0.8997352205586427,0.17081803578535695,0.5174473977475904,-0.0011807662571744482,0.06460986789044565,0.21605532495648605,-0.73256815823331,1750.157717150294
2026-01-26 19:30:00,9.475000381469728,9.475000381469728,9.31999969482422,9.425000190734863,980945,1h,1H,yfinance,730d,2026-04-02T03:04:46Z,-0.005801619636839228,-0.005801619636839228,9.48490108160512,9.654984998703004,8.93426999092102,8.116706986427307,7.338936240673065,9.48490108160512,8.93426999092102,8.116706986427307,7.338936240673065,0.01786402338299341,0.1724545983283523,1857922.7,0.5279794471535334,51.77006035097181,0.1599998474121076,0.20168973847188246,0.021399441314616758,32.96354393280286,24.758133711928107,21.302936355088647,9.654984998703004,0.1724545983283523,9.999894195359708,9.310075802046299,0.07144686329456498,0.15415704458478707,0.2449827443920052,-0.09082569980721814,10.050000190734863,9.380000114440918,9.380000114440918,-0.0460526233234565,0.1847894759430706,-0.012572015149283522,0.04201217371317245,0.024022147359761287,0.8908213322536794,0.17081803578535695,0.4182629952749382,-0.00631539436783668,0.05492672600139925,0.21737942638150587,-1.3335962635815077,1750.157717150294
2026-01-26 20:30:00,9.420000076293944,9.470000267028809,9.369999885559082,9.390000343322754,1356423,1h,1H,yfinance,730d,2026-04-02T03:04:46Z,-0.0037135115866114843,-0.0037135115866114843,9.475862916054417,9.648734998703002,8.965570001602172,8.142256989479066,7.355261242389679,9.475862916054417,8.965570001602172,8.142256989479066,7.355261242389679,0.013762434376550465,0.1795343537511594,1467593.65,0.9242497063134608,50.34875784426738,0.10000038146972656,0.19442621297172846,0.020705666226091813,31.144815062389736,23.84856249655202,20.52030314302864,9.648734998703002,0.1795343537511594,10.007803706205321,9.289666291200684,0.07442814162697706,0.12987874395243182,0.22196194430409055,-0.09208320035165873,10.050000190734863,9.31999969482422,9.31999969482422,-0.04552798982064965,0.1871049967712517,-0.007923909990073308,-0.013137151391457436,0.02383470516638704,0.8687192093020742,0.17081803578535695,0.43571594348796083,-0.009061187724253794,0.04734002875943588,0.2189329115779053,-1.4411428786429543,1750.157717150294
2026-01-27 14:30:00,9.1899995803833,9.595000267028809,9.100000381469728,9.44499969482422,1630336,1h,1H,yfinance,730d,2026-04-02T03:04:46Z,0.005857225717843306,0.005857225717843306,9.472923561651541,9.636489963531494,8.996069993972778,8.168456988334656,7.3712862420082095,9.472923561651541,8.996069993972778,8.168456988334656,7.3712862420082095,0.013157680247431788,0.18458959203273795,1457079.9,1.1189063825532148,52.553162028268204,0.49499988555908025,0.21589576101368216,0.022858207304335985,29.8743680414639,19.942896020181877,26.09256986445127,9.636489963531494,0.18458959203273795,10.00566914759697,9.267310779466017,0.07662109034775212,0.11376459635224379,0.20032247471372122,-0.08655787836147744,10.010000228881836,9.31999969482422,9.31999969482422,-0.04257476797146831,0.16336355116847345,-0.0021130964016098375,-0.025273810190483914,0.023569735602088908,0.9698117827978578,0.17081803578535695,0.44855386608022524,-0.002947755953649045,0.04990286882518902,0.22042065639848474,-1.0373838882167932,1750.157717150294
2026-01-27 15:30:00,9.4399995803833,9.520000457763672,9.4399995803833,9.505000114440918,494331,1h,1H,yfinance,730d,2026-04-02T03:04:46Z,0.006352612128677659,0.006352612128677659,9.475978471441005,9.623989963531494,9.029469995498657,8.195206990242005,7.387886242866516,9.475978471441005,9.029469995498657,8.195206990242005,7.387886242866516,0.013146923873926497,0.18460583336957975,1387208.15,0.35634954999363294,54.90532687016695,0.0800008773803711,0.2061889836113028,0.021692686073516244,28.69466723631848,19.39019599879632,25.369436980065164,9.623989963531494,0.18460583336957975,9.993201630270654,9.254778296792335,0.07672735905549069,0.1046294475596703,0.18118386928291105,-0.07655442172324076,10.010000228881836,9.100000381469728,9.100000381469728,-0.03649261683018179,0.18442374657479377,0.0068856501003125015,-0.02562788283619899,0.02335655437826786,0.928762253292816,0.16741025228087425,0.45831935625280934,0.003062653961000361,0.05266423380102281,0.22219938134770234,-0.6445616962296071,1750.157717150294
2026-01-27 16:30:00,9.510000228881836,9.68000030517578,9.5,9.595000267028809,942386,1h,1H,yfinance,730d,2026-04-02T03:04:46Z,0.009468716623280526,0.009468716623280526,9.487313880544605,9.626489973068237,9.060896005630493,8.221811990737915,7.404136245250702,9.487313880544605,9.060896005630493,8.221811990737915,7.404136245250702,0.012470127867433877,0.18385623099930304,1355967.15,0.6949917628904211,58.24883739259429,0.18000030517577947,0.20431836372305115,0.02129425305230559,26.646472363555667,23.763533245650766,23.773011565705712,9.626489973068237,0.18385623099930304,9.994202435066843,9.258777511069631,0.07639595803399672,0.10345942067723435,0.16563897956177573,-0.06217955888454138,10.010000228881836,9.100000381469728,9.100000381469728,-0.031003852451122027,0.20293877517835446,0.012130878728434213,0.005238364623908698,0.023089383492378712,0.9222529938633635,0.16238370249365502,0.47046567396122657,0.011350566434302767,0.05894607564929788,0.22376138221963449,-0.17127353186929914,1750.157717150294
2026-01-27 17:30:00,9.595000267028809,9.609999656677246,9.449999809265137,9.489999771118164,898680,1h,1H,yfinance,730d,2026-04-02T03:04:46Z,-0.01094325096284332,-0.01094325096284332,9.487569679646848,9.619994974136352,9.091096000671387,8.247061986923217,7.419461243152618,9.487569679646848,9.091096000671387,8.247061986923217,7.419461243152618,0.012576459882230714,0.18625314997442896,1340279.15,0.6705170337089852,53.2850244376308,0.15999984741210938,0.20115275541512675,0.02119628664558185,25.016604403772543,22.413400220971504,24.197827610172645,9.619994974136352,0.18625314997442896,9.99250127408521,9.247488674187494,0.07744417766336732,0.09298760027587427,0.15110870370459545,-0.05812110342872118,10.010000228881836,9.100000381469728,9.100000381469728,-0.03311256476410818,0.20507933601500494,0.006896507062906787,-0.01350325700026056,0.02281092185325145,0.9292165736195598,0.15058381018109918,0.5142928550567907,0.00025613424231596404,0.043878512603685804,0.22530406221361576,-0.6979490174315731,1750.157717150294
2026-01-27 18:30:00,9.494999885559082,9.515000343322754,9.1850004196167,9.274999618530272,2452921,1h,1H,yfinance,730d,2026-04-02T03:04:46Z,-0.022655443390233065,-0.022655443390233065,9.467324911921459,9.605494976043701,9.113995990753175,8.271161985397338,7.4343612408638,9.467324911921459,9.113995990753175,8.271161985397338,7.4343612408638,0.013433779105877256,0.20069840814888365,1367923.4,1.793171313539925,44.85594317447286,0.3299999237060547,0.21035612457876446,0.022679906547758734,24.7299345249537,19.901870113321543,30.484668806843935,9.605494976043701,0.20069840814888365,10.006891792341468,9.204098159745934,0.08357649809798642,0.06657248550681949,0.13420146006504027,-0.06762897455822078,10.010000228881836,9.100000381469728,9.100000381469728,-0.06218409539365699,0.137339046257825,-0.012247148092413007,-0.03031886822533536,0.022721771474962824,0.9981574972158214,0.13298996685275424,0.628442130454261,-0.02031463958198021,0.01766553638387025,0.22592858962207463,-1.6467263520508786,1750.157717150294
2026-01-27 19:30:00,9.273699760437012,9.3149995803833,8.930000305175781,8.954999923706055,3246808,1h,1H,yfinance,730d,2026-04-02T03:04:46Z,-0.03450131622484365,-0.03450131622484365,9.418532055900943,9.5764949798584,9.131295986175537,8.2919619846344,7.4479612398147585,9.418532055900943,9.131295986175537,8.2919619846344,7.4479612398147585,0.015247647335414833,0.24565741135267416,1413557.1,2.2969061525707026,35.78301485712254,0.38499927520751953,0.22283063533796127,0.024883376575813763,25.34492385816771,17.44574285349163,34.89655128163437,9.5764949798584,0.24565741135267416,10.067809802563747,9.08518015715305,0.1026084854090558,0.01959118078147526,0.11127940420832727,-0.09168822342685201,10.010000228881836,9.100000381469728,9.100000381469728,-0.061812482752432785,0.09675443546159412,-0.05187927866071629,-0.0608285194533561,0.022721771474962824,1.0951336520232509,0.11487518952795783,0.8932171152943638,-0.049214902008479555,-0.019306795304455004,0.22601282312831228,-2.529925935188273,1750.157717150294
2026-01-27 20:30:00,8.949999809265137,9.010000228881836,8.864999771118164,8.904999732971191,3079513,1h,1H,yfinance,730d,2026-04-02T03:04:46Z,-0.005583494266984901,-0.005583494266984901,9.369624215621918,9.527744960784911,9.148895988464355,8.311865983009339,7.461411237716675,9.369624215621918,9.148895988464355,8.311865983009339,7.461411237716675,0.01231391004310683,0.2755186461685301,1451920.3,2.1209931426676794,34.60520366576948,0.14500045776367188,0.21727133693979775,0.02439880330769019,26.111714180339657,16.614116261792695,35.36996771363851,9.527744960784911,0.2755186461685301,10.078782253121972,8.976707668447851,0.1156700341172157,-0.02142941427029399,0.08473764051260302,-0.10616705478289701,10.010000228881836,8.930000305175781,8.930000305175781,-0.059165389391312995,0.10834521098701155,-0.06312471059922953,-0.09868424799354358,0.022721771474962824,1.0738072660652929,0.11102495039667373,1.0418381967651942,-0.04958837963597962,-0.0266585450092216,0.22616160629474713,-2.2602652723286005,1750.157717150294
2026-01-28 14:30:00,8.875,9.09000015258789,8.75,9.074999809265137,2402144,1h,1H,yfinance,730d,2026-04-02T03:04:46Z,0.019090407792434982,0.019090407792434982,9.341564748349844,9.48959994316101,9.171295986175537,8.333715982437134,7.476136236190796,9.341564748349844,9.171295986175537,8.333715982437134,7.476136236190796,0.013397881854111449,0.2826562898542548,1494961.4,1.6068267715808584,41.6389107075975,0.3400001525878906,0.22603768091466153,0.024907733957623666,27.1553542512691,14.829078209330257,35.20380789913269,9.48959994316101,0.2826562898542548,10.05491252286952,8.924287363452502,0.11914360628361792,-0.03976258762050833,0.059837594885980755,-0.09960018250648908,10.010000228881836,8.864999771118164,8.864999771118164,-0.04120447300955632,0.14007534745913497,-0.054194939373847006,-0.07754707203115696,0.022721771474962824,1.0962056363021502,0.11102495039667373,1.07312460719809,-0.028535362786175078,-0.010499734939920513,0.22674275808120492,-1.4667996035384638,1750.157717150294
2026-01-28 15:30:00,9.074999809265137,9.149999618530272,9.015000343322754,9.124600410461426,800863,1h,1H,yfinance,730d,2026-04-02T03:04:46Z,0.005465631100691537,0.005465631100691537,9.320901478074758,9.452579975128174,9.18668800354004,8.355361986160279,7.491859738826752,9.320901478074758,9.18668800354004,8.355361986160279,7.491859738826752,0.013478368969895448,0.27953368591826816,1490658.95,0.5372543464754296,43.546795689732136,0.13499927520751775,0.21953493764986556,0.024059676892608583,27.73032523623647,16.129890289234286,33.657523414497234,9.452579975128174,0.27953368591826816,10.01164734696471,8.893512603291638,0.11828884247635361,-0.04971630695763274,0.03792681451725806,-0.0876431214748908,10.010000228881836,8.75,8.75,-0.03341093050229438,0.14847076316090035,-0.038503621651160946,-0.07505315538114976,0.022721771474962824,1.0588820910869559,0.11102495039667373,1.065425762891379,-0.02106030924960256,-0.006758430574183905,0.22622263680802757,-1.173309626671058,1750.157717150294
2026-01-28 16:30:00,9.124600410461426,9.484999656677246,9.085000038146973,9.414999961853027,1289201,1h,1H,yfinance,730d,2026-04-02T03:04:46Z,0.03182600205250141,0.03182600205250141,9.329863238434593,9.430079984664918,9.209188003540039,8.38276198387146,7.508259737491608,9.329863238434593,9.209188003540039,8.38276198387146,7.508259737491608,0.015552399615364426,0.2630569148604026,1487122.85,0.8669095495372153,53.19441506903113,0.39999961853027344,0.23242527199846613,0.024686699197046094,26.421728335537757,24.442255936757658,29.520096357769493,9.430079984664918,0.2630569148604026,9.956193814385722,8.903966154944113,0.11158205032754007,-0.0337824612337414,0.023584959367058168,-0.057367420600799565,10.010000228881836,8.75,8.75,-0.0068564961521050405,0.2031949126318524,0.015094377259385894,-0.04561579520585546,0.022721771474962824,1.0864777521527504,0.10898095850183592,1.0238673972174719,0.009125184500852201,0.02234854563006783,0.22654094630677823,-0.05732608405254403,1750.157717150294
2026-01-28 17:30:00,9.41728687286377,9.5,9.300000190734863,9.479999542236328,1294370,1h,1H,yfinance,730d,2026-04-02T03:04:46Z,0.006903832251371256,0.006903832251371256,9.344161934034759,9.40897994041443,9.230487995147705,8.410011978149415,7.5256097340583805,9.344161934034759,9.230487995147705,8.410011978149415,7.5256097340583805,0.015627824470998336,0.2402974854084124,1515889.95,0.8538680528886679,55.04622752861592,0.19999980926513672,0.23010916751751403,0.024273120108530236,25.13536077699122,23.39045324252189,27.687421612021453,9.40897994041443,0.2402974854084124,9.889574911231254,8.928384969597605,0.1021566575463771,-0.015728541946739227,0.01572225910429869,-0.03145080105103792,9.949999809265137,8.75,8.75,0.005835474842274424,0.19696962764075665,0.0586264235626035,-0.04261774053741696,0.02281092185325145,1.064100796306501,0.10449417604259378,0.9776301552417249,0.014537163328345315,0.027031241167291054,0.22654353884092848,0.2955486683566121,1750.157717150294
2026-01-28 18:30:00,9.470100402832031,9.479999542236328,9.234999656677246,9.239999771118164,1265401,1h,1H,yfinance,730d,2026-04-02T03:04:46Z,-0.025316432775011277,-0.025316432775011277,9.334241728042702,9.380229949951172,9.245787982940675,8.434611973762513,7.541734733581543,9.334241728042702,9.245787982940675,8.434611973762513,7.541734733581543,0.01638106620076634,0.22383350290051737,1520936.45,0.8319880820793005,47.56352744619565,0.24499988555908203,0.2311727902347689,0.025018700861590377,24.207821437370196,21.61977452152427,27.599867523669918,9.380229949951172,0.22383350290051737,9.827896955752207,8.932562944150137,0.09544904723862671,-0.020549771632198954,0.008467852956999162,-0.029017624589198116,9.949999809265137,8.75,8.75,-0.01597450124815547,0.17932351322661666,0.037619320403415424,-0.05858378337726644,0.023390347754523266,1.0696164556489853,0.10238257147771646,0.9322782760872652,-0.010096369868096366,-0.0006260376977268445,0.22594977277195794,-0.626493250634303,1750.157717150294
2026-01-28 19:30:00,9.239999771118164,9.509300231933594,9.1899995803833,9.475000381469728,1526952,1h,1H,yfinance,730d,2026-04-02T03:04:46Z,0.025432967118258487,0.025432967118258487,9.347647314083371,9.359479951858521,9.264987983703612,8.462011976242065,7.558934736251831,9.347647314083371,9.264987983703612,8.462011976242065,7.558934736251831,0.01738080053330298,0.19268277981301465,1516496.95,1.00689421103023,54.13754583163826,0.31930065155029297,0.23746763747159205,0.025062546481370896,23.53180020300067,19.543338770231948,26.3026537524638,9.359479951858521,0.19268277981301465,9.74484551148455,8.974114392232492,0.08234764358878868,-0.005346415470173227,0.0057049992715646845,-0.011051414741737911,9.949999809265137,8.75,8.75,0.003176356550011139,0.18087673571595242,0.04407719896547113,-0.04196157203707418,0.023991082548659566,1.0446609247639471,0.0988028523925019,0.8334541118474632,0.01362407706530444,0.02266731464039795,0.22570022192012518,0.5995368642870511,1750.157717150294
2026-01-28 20:30:00,9.470000267028809,9.539899826049805,9.449999809265137,9.505000114440918,1811943,1h,1H,yfinance,730d,2026-04-02T03:04:46Z,0.003166198602995385,0.003166198602995385,9.362633295069804,9.35747995376587,9.28188798904419,8.489161977767944,7.57648473739624,9.362633295069804,9.28188798904419,8.489161977767944,7.57648473739624,0.01567480845717705,0.19094652052727668,1467829.35,1.2344370958381503,54.914626666567244,0.08990001678466797,0.22692709313681178,0.023874496623313254,22.73061510850659,19.953480859147334,25.558359003387647,9.35747995376587,0.19094652052727668,9.739372994820423,8.975586912711316,0.08162305298893266,0.00901911481367712,0.006367822379987172,0.002651292433689948,9.949999809265137,8.75,9.015000343322754,0.0,0.19110276838627005,0.04168946440036558,-0.00419067171642773,0.0238984924140119,0.9989959286852513,0.09191919767205722,0.8879870044138286,0.015205852337085712,0.024037364559891028,0.22509162372232727,0.7725731805308034,1750.157717150294
2026-01-29 14:30:00,9.619999885559082,9.84000015258789,9.404999732971191,9.494999885559082,1867770,1h,1H,yfinance,730d,2026-04-02T03:04:46Z,-0.0010521019212448302,-0.0010521019212448302,9.375239637021163,9.358979940414429,9.295787982940674,8.516612977981568,7.594384737014771,9.375239637021163,9.295787982940674,8.516612977981568,7.594384737014771,0.015561875746100769,0.19190070522489486,1489123.8,1.2542744934974512,54.582624775060346,0.4350004196166992,0.24178947359966088,0.025464926436428694,21.69293221682435,26.25478912116248,22.273950131467185,9.358979940414429,0.19190070522489486,9.742781350864218,8.975178529964639,0.08201778674456578,0.019373638916562186,0.008968985687302176,0.01040465322926001,9.68000030517578,8.75,9.085000038146973,-0.010422134308151754,0.16789664845066632,0.008497071060030947,0.0031695438444327984,0.0238984924140119,1.0655453070126875,0.08598292310173708,0.9538846062202415,0.012774099988335896,0.021430340599849718,0.22403437603487775,0.7088037794610864,1750.157717150294
2026-01-29 15:30:00,9.494999885559082,9.670000076293944,9.40999984741211,9.630000114440918,1277655,1h,1H,yfinance,730d,2026-04-02T03:04:46Z,0.014218033755551529,0.014218033755551529,9.399502539632568,9.36722993850708,9.314887981414795,8.544612979888916,7.612884738445282,9.399502539632568,9.314887981414795,8.544612979888916,7.612884738445282,0.015854862332491098,0.19967073061489357,1498012.8,0.8528999218164224,58.25204132626006,0.26000022888183416,0.24309024183410183,0.025243015466798333,20.72936953169084,24.248993387140043,20.572279859146704,9.36722993850708,0.19967073061489357,9.766571399736867,8.967888477277294,0.0852635120203812,0.03803462461832474,0.01478211347350669,0.02325251114481805,9.84000015258789,8.75,9.1899995803833,0.014752407449874827,0.19035845893777892,0.015822845933303187,0.017432642281354216,0.02396708675796092,1.0532367042237039,0.08442000505918382,1.009991789986343,0.024522316349877782,0.03382886983234146,0.22356876551333404,1.3160175010359665,1750.157717150294
2026-01-29 16:30:00,9.630000114440918,9.729999542236328,9.579999923706056,9.710000038146973,1247829,1h,1H,yfinance,730d,2026-04-02T03:04:46Z,0.008307364772103032,0.008307364772103032,9.429073729967273,9.380729961395264,9.335087985992432,8.57321298122406,7.631609737873077,9.429073729967273,9.335087985992432,8.57321298122406,7.631609737873077,0.015908936282654648,0.21282844280716187,1530602.15,0.8152536568696184,60.299031852977144,0.14999961853027166,0.23644091159811398,0.024350248266655584,20.101094530969085,24.96273463450933,19.640052343336546,9.380729961395264,0.21282844280716187,9.806386847009588,8.955073075780941,0.09075133542187845,0.05860337229148982,0.023546365237103316,0.0350570070543865,9.84000015258789,8.75,9.1899995803833,0.046900316712426005,0.20996890962161774,0.05086583102500786,0.028601744678542484,0.02416639850056941,1.0076076609463276,0.08442000505918382,1.0749979860609575,0.029793627266575085,0.04016159812495679,0.22321349055174733,1.5471150021524662,1750.157717150294
2026-01-29 17:30:00,9.710000038146973,9.780699729919434,9.621323585510254,9.755000114440918,916794,1h,1H,yfinance,730d,2026-04-02T03:04:46Z,0.004634405367369476,0.004634405367369476,9.460114338012382,9.394479990005493,9.358887996673584,8.601412982940674,7.651609737873077,9.460114338012382,9.358887996673584,8.601412982940674,7.651609737873077,0.01591254035931647,0.22719609959231726,1539163.25,0.5956444191348773,61.44422409155316,0.1593761444091797,0.23093628537033298,0.023673632256391672,19.742029383089307,25.300352298372925,18.67189544194709,9.394479990005493,0.22719609959231726,9.848872189190129,8.940087790820858,0.09673599808995274,0.07764039296723091,0.03436517078312883,0.043275222184102076,9.84000015258789,8.75,9.1899995803833,0.08933558878287307,0.22627281055915893,0.029551421815115164,0.02900850057844173,0.02416639850056941,0.9796094463903618,0.08442000505918382,1.145889508323704,0.031171481220225283,0.04232469903562519,0.22312667756041105,1.5868235637950887,1750.157717150294
2026-01-29 18:30:00,9.760000228881836,9.81999969482422,9.635000228881836,9.8149995803833,878087,1h,1H,yfinance,730d,2026-04-02T03:04:46Z,0.0061506371336235155,0.0061506371336235155,9.493912932523898,9.413979959487914,9.38518798828125,8.62702497959137,7.671761236190796,9.493912932523898,9.38518798828125,8.62702497959137,7.671761236190796,0.015849241017232285,0.24501649132679776,1534020.35,0.5724089644573489,62.97764085225461,0.1849994659423846,0.22765508398262238,0.023194609650073146,19.583979386133148,25.064859715300013,17.588084597030008,9.413979959487914,0.24501649132679776,9.90401294214151,8.92394697683432,0.10410750495803077,0.09645692903659331,0.04678352243382173,0.04967340660277158,9.84000015258789,9.015000343322754,9.404999732971191,0.10218976695111981,0.17474567542060981,0.032614356886897955,0.041379244748644295,0.02416639850056941,0.9597876013476577,0.08800742372112982,1.1829400356942326,0.03382026464129839,0.04579680158125021,0.22334203311848766,1.6367046100603695,1750.157717150294
2026-01-29 19:30:00,9.8149995803833,9.850000381469728,9.664999961853027,9.744999885559082,1890402,1h,1H,yfinance,730d,2026-04-02T03:04:46Z,-0.007131910118888141,-0.007131910118888141,9.517825975670107,9.431729936599732,9.410987987518311,8.650924978256226,7.6917112350463865,9.517825975670107,9.410987987518311,8.650924978256226,7.6917112350463865,0.015929837907619225,0.25528019470350904,1560719.3,1.2112376645819656,59.980453121718924,0.185000419616701,0.22460832224219943,0.023048571049758753,19.573970186563024,24.5442897343558,16.553329963394624,9.431729936599732,0.25528019470350904,9.94229032600675,8.921169547192713,0.10826442080912307,0.10451598387377459,0.058330014721812304,0.04618596915196228,9.84000015258789,9.085000038146973,9.404999732971191,0.07382921106068863,0.17551265746698808,0.026329647500072495,0.03780612665139782,0.02416639850056941,0.9537445577261204,0.09310019133025257,1.1628807552615945,0.023868256308708258,0.03549169316587886,0.22352330969449818,1.2271611956548076,1750.157717150294
2026-01-29 20:30:00,9.744999885559082,9.789999961853027,9.595000267028809,9.670000076293944,2630796,1h,1H,yfinance,730d,2026-04-02T03:04:46Z,-0.007696235007275787,-0.007696235007275787,9.532318747158092,9.442979955673218,9.435887985229492,8.672774977684021,7.711086235046387,9.532318747158092,9.435887985229492,8.672774977684021,7.711086235046387,0.01603859195978426,0.2605210999670389,1610742.3,1.6332817484212092,56.858191466603685,0.19499969482421875,0.22249342028377225,0.02300862652826819,19.094431212481933,23.00776628449626,17.76430484025819,9.442979955673218,0.2605210999670389,9.964022155607296,8.92193775573914,0.11035546032712744,0.10365610206552667,0.06739523219055518,0.036260869874971485,9.850000381469728,9.1899995803833,9.40999984741211,0.05977244386583913,0.1491384575318,0.004153682386051294,0.023822169268361337,0.02416639850056941,0.9520916626333898,0.09609252266428972,1.1484292145463486,0.014443634627398394,0.024810817109202743,0.22367818198478884,0.8714078078491452,1750.157717150294
2026-01-30 14:30:00,9.550000190734863,10.050000190734863,9.550000190734863,9.725000381469728,1713581,1h,1H,yfinance,730d,2026-04-02T03:04:46Z,0.005687725412807154,0.005687725412807154,9.550669378997295,9.453979969024658,9.460687999725343,8.69452497959137,7.730086236000061,9.550669378997295,9.460687999725343,8.69452497959137,7.730086236000061,0.01602878483581581,0.26745970585856066,1671704.8,1.0250499968654752,58.561725595877796,0.5,0.24231531883493138,0.024916741319274946,19.773518414982213,27.280870264300606,15.146065673080988,9.453979969024658,0.26745970585856066,9.98889938074178,8.919060557307537,0.11316279777823718,0.10618862810368057,0.07515391137318027,0.031034716730500303,9.850000381469728,9.1899995803833,9.579999923706056,0.03292622632742814,0.14749261872991548,0.0015448345276853903,0.023145740597579234,0.02431168418759291,1.0248875037621137,0.09944632781816493,1.1379283706197023,0.018253275823347126,0.027937966218953614,0.22387871375427015,1.0133130580364598,1750.157717150294
2026-01-30 15:30:00,9.725000381469728,9.854999542236328,9.670000076293944,9.744999885559082,1247631,1h,1H,yfinance,730d,2026-04-02T03:04:46Z,0.002056504195872444,0.002056504195872444,9.569177046288894,9.461479949951173,9.475986003875732,8.71657497882843,7.748986234664917,9.569177046288894,9.475986003875732,8.71657497882843,7.748986234664917,0.015920340180736813,0.2733472844433906,1686967.05,0.7395704616755852,59.192724926256936,0.1849994659423846,0.23822132934260662,0.024445493292988334,20.404099388732476,25.767587744557126,14.305906389161319,9.461479949951173,0.2733472844433906,10.008174518837954,8.914785381064391,0.11556216823978008,0.10855807614521851,0.08183474432758792,0.02672333181763059,10.050000190734863,9.1899995803833,9.550000190734863,0.02795362406317592,0.1444509092945443,-0.001025138776475476,0.015633102069388727,0.024374525787172887,1.002911544061825,0.10238257147771646,1.1287289093430533,0.0183738725304885,0.028389012137979286,0.2228678328895617,1.037215116971925,1750.157717150294
2026-01-30 16:30:00,9.748700141906738,9.770000457763672,9.53499984741211,9.574999809265137,1293827,1h,1H,yfinance,730d,2026-04-02T03:04:46Z,-0.017444851543391482,-0.017444851543391482,9.569731595143775,9.46572995185852,9.487686004638672,8.739574975967408,7.767186233997345,9.569731595143775,9.487686004638672,8.739574975967408,7.767186233997345,0.016222423947097424,0.2744163703377164,1706724.4,0.7580761135189724,51.951092250148776,0.2350006103515625,0.23799127798610348,0.024855486446674808,20.088428849462687,23.95017454878808,17.348672806271708,9.46572995185852,0.2744163703377164,10.014562692533953,8.916897211183088,0.11596205331585105,0.09561609258570769,0.08459101397921187,0.01102507860649582,10.050000190734863,9.404999732971191,9.550000190734863,0.03625541628194573,0.10565819607103788,-0.02445234654903483,0.0089568008637535,0.02442214830033926,1.017743653875426,0.10335799518354329,1.1219456521958022,0.0005505080334786694,0.009202855636640583,0.22150875732972874,0.3981900105745912,1750.157717150294
2026-01-30 17:30:00,9.579999923706056,9.69499969482422,9.360099792480469,9.449999809265137,2622198,1h,1H,yfinance,730d,2026-04-02T03:04:46Z,-0.013054830547259644,-0.013054830547259644,9.558328567917238,9.474479961395264,9.50058599472046,8.76117597579956,7.784861233234405,9.558328567917238,9.50058599472046,8.76117597579956,7.784861233234405,0.01566013307062572,0.2709635593749809,1715188.25,1.5288106130624437,47.362799656309534,0.3348999023437518,0.24491332258307835,0.025916754235588035,18.797824844444033,21.610888891983603,20.75510730124287,9.474479961395264,0.2709635593749809,10.016407080145227,8.932552842645302,0.1143972272796184,0.07441520982442995,0.08255585314825549,-0.008140643323825539,10.050000190734863,9.404999732971191,9.53499984741211,-0.002638582712195525,0.07386359141385368,-0.03027194250983012,0.01886794586872398,0.024566096245017214,1.0549805706653443,0.10618596288357693,1.077329094854509,-0.011333441603557093,-0.005324533190208869,0.22039246559225,-0.09034481310547772,1750.157717150294
2026-01-30 18:30:00,9.449999809265137,9.779899597167969,9.350099563598633,9.675000190734863,1385557,1h,1H,yfinance,730d,2026-04-02T03:04:46Z,0.023809564657252924,0.023809564657252924,9.569440151042727,9.510479974746705,9.51798599243164,8.784475979804993,7.803786234855652,9.569440151042727,9.51798599243164,8.784475979804993,7.803786234855652,0.014120843934251557,0.2462573698160041,1622125.7,0.8541613020495268,55.05719536829328,0.42980003356933594,0.2581195162249539,0.026679019238897653,18.013820769259617,21.3899584185626,18.286553767461864,9.510479974746705,0.2462573698160041,10.002994714378714,9.017965235114696,0.10357305644715921,0.07490554339281452,0.0810257911971673,-0.006120247804352774,10.050000190734863,9.360099792480469,9.360099792480469,0.017885331325316223,0.11527377268164529,0.0005170749122513918,0.08040204055421518,0.024566096245017214,1.0860097173277585,0.10618596288357693,0.975393108792708,0.011030952493144008,0.01649657799749593,0.21966257224211327,0.6680824054568718,1750.157717150294
2026-01-30 19:30:00,9.675000190734863,9.8100004196167,9.625,9.74370002746582,993698,1h,1H,yfinance,730d,2026-04-02T03:04:46Z,0.007100758178459454,0.007100758178459454,9.586036329749689,9.552414989471435,9.534559993743896,8.808512978553772,7.822729735374451,9.586036329749689,9.534559993743896,8.808512978553772,7.822729735374451,0.013961311718069812,0.20802261948937553,1517834.95,0.6546811957387066,57.11834901610544,0.18500041961669922,0.25289672361007853,0.025954896281413224,17.43138683126916,21.122466663536095,17.331047935439255,9.552414989471435,0.20802261948937553,9.968460228450187,9.136369750492683,0.08710786527539105,0.07991641229937052,0.08080391541760795,-0.0008875031182374316,10.050000190734863,9.350099563598633,9.350099563598633,0.02619274827848983,0.11996554495198808,0.0019228427005228976,0.09418307912905388,0.02477109282186045,1.0477897147318453,0.10384028070259499,0.8388639233831945,0.016447225140054034,0.021934943391111128,0.2188277386892883,0.9195396080672599,1750.157717150294
2026-01-30 20:30:00,9.744999885559082,9.829999923706056,9.720000267028809,9.8149995803833,1642182,1h,1H,yfinance,730d,2026-04-02T03:04:46Z,0.007317502870213488,0.007317502870213488,9.607842353619557,9.589414978027344,9.551359977722168,8.834112973213196,7.841820993423462,9.607842353619557,9.551359977722168,8.834112973213196,7.841820993423462,0.013581289062379884,0.1842706751513412,1479836.85,1.109704762386475,59.209223460993705,0.10999965667724787,0.2426897902577335,0.024726418811345057,16.99082526078019,21.02724996974585,16.769952660941286,9.589414978027344,0.1842706751513412,9.957956328330027,9.22087362772466,0.07686419894167447,0.08861929201958496,0.08236699073800335,0.006252301281581607,10.050000190734863,9.350099563598633,9.350099563598633,0.019210743898638416,0.14594279757618622,0.007183139625065449,0.08154267621721156,0.024706559004195577,1.000803827321567,0.10286485699676814,0.7472347814967499,0.021561264136031655,0.027602310380516748,0.21800280645686887,1.2242023977536545,1750.157717150294
2026-02-02 14:30:00,9.380000114440918,9.770000457763672,9.289999961853027,9.55500030517578,2368845,1h,1H,yfinance,730d,2026-04-02T03:04:46Z,-0.026489993512293974,-0.026489993512293974,9.602809777577292,9.610934972763062,9.561559982299805,8.856612977981568,7.859870994091034,9.602809777577292,9.561559982299805,8.856612977981568,7.859870994091034,0.015110722260487434,0.150828249746542,1558235.95,1.5202094393984429,49.69378973165918,0.5249996185302734,0.2628547779914864,0.027509656681968128,17.07891555139126,18.027413683932103,26.06237641705175,9.610934972763062,0.150828249746542,9.912591472256146,9.309278473269977,0.06277360118406064,0.07368719814257751,0.0806310322189182,-0.00694383407634068,10.050000190734863,9.350099563598633,9.350099563598633,-0.015962897256669106,0.12411768296185643,-0.002088721095326318,0.047169177317715416,0.024790952629009932,1.1096651707436533,0.09944632781816493,0.6312309620807776,-0.004978696184646747,-0.0006860467472011855,0.2165034247366251,-0.3708500740496357,1750.157717150294
2026-02-02 15:30:00,9.550000190734863,9.635000228881836,9.399999618530272,9.454999923706056,1161274,1h,1H,yfinance,730d,2026-04-02T03:04:46Z,-0.010465764340745753,-0.010465764340745753,9.588732648637174,9.612934970855713,9.56035997390747,8.879062976837158,7.875795493125915,9.588732648637174,9.56035997390747,8.879062976837158,7.875795493125915,0.013745335865051028,0.14846353586129965,1551839.6,0.7483208960513702,46.592318557577165,0.23500061035156428,0.26086519458863483,0.027590184737556724,17.16071367838725,16.867413010714994,24.385354148662582,9.612934970855713,0.14846353586129965,9.909862042578313,9.316007899133114,0.061776569304341826,0.05317128563573981,0.07513908290228252,-0.021967797266542716,10.050000190734863,9.289999961853027,9.289999961853027,-0.03075347895596159,0.11827321218492393,0.0005291126499300525,0.004248535530015696,0.024886113882974875,1.108657818866278,0.09609252266428972,0.6428863307103028,-0.013946861366514907,-0.011020510785050619,0.2138913437064056,-1.0637968861068066,1750.157717150294
2026-02-02 16:30:00,9.454999923706056,9.465499877929688,9.34000015258789,9.380000114440918,872326,1h,1H,yfinance,730d,2026-04-02T03:04:46Z,-0.007932290837686318,-0.007932290837686318,9.568853359666102,9.607934999465943,9.5541619682312,8.902812976837158,7.892120494842529,9.568853359666102,9.5541619682312,8.902812976837158,7.892120494842529,0.013769599706602242,0.15442073281809982,1530737.4,0.5698730559532942,44.35635526342255,0.12549972534179688,0.25119623249957496,0.02677998181608201,17.476880989874534,16.265477316568855,25.2212377459396,9.607934999465943,0.15442073281809982,9.916776465102142,9.299093533829744,0.06428883327236623,0.030508733666090748,0.06621301305504416,-0.03570427938895342,10.050000190734863,9.289999961853027,9.289999961853027,-0.044319865974502104,0.11335310410512345,-0.030490963356925693,-0.010548463356974014,0.02496772109043266,1.0725841465100228,0.09310019133025257,0.6905338469640266,-0.019736246144310687,-0.01822889902530367,0.21059504533348283,-1.4760640029698695,1750.157717150294
2026-02-02 17:30:00,9.38599967956543,9.404999732971191,9.359999656677246,9.364999771118164,620083,1h,1H,yfinance,730d,2026-04-02T03:04:46Z,-0.00159918370359724,-0.00159918370359724,9.549438732185346,9.614184999465943,9.546361961364745,8.925712976455689,7.908820493221283,9.549438732185346,9.546361961364745,8.925712976455689,7.908820493221283,0.012542304955555111,0.14138161079055414,1498471.5,0.4138103394025178,43.90255383876643,0.04500007629394531,0.23646793562774426,0.025250180609402238,17.770464921969868,16.04438188612197,24.87840732619155,9.614184999465943,0.14138161079055414,9.896948221047051,9.331421777884835,0.0588220887359283,0.011208886545420071,0.05521218775311935,-0.044003301207699276,10.050000190734863,9.289999961853027,9.289999961853027,-0.038994368281525804,0.10371245139042573,-0.038866165345830095,0.01352813886324089,0.02498964390032292,1.0104257871828237,0.08892960034863476,0.661445553621352,-0.019314115335967386,-0.018998042498343914,0.20705255221647945,-1.76250098548479,1750.157717150294
2026-02-02 18:30:00,9.364999771118164,9.420000076293944,9.31999969482422,9.375,802853,1h,1H,yfinance,730d,2026-04-02T03:04:46Z,0.0010678301255999667,0.0010678301255999667,9.532825519596265,9.609184980392456,9.542961959838868,8.946262974739074,7.925120494365692,9.532825519596265,9.542961959838868,8.946262974739074,7.925120494365692,0.011196858393991973,0.1478364467346772,1462266.55,0.5490469572732823,44.31159611510492,0.10000038146972301,0.2267202531878856,0.024183493673374464,18.215680019085728,15.538899189621318,25.354811283762974,9.609184980392456,0.1478364467346772,9.904857873861811,9.313512086923101,0.06153964026557418,-0.003242073841118298,0.04352133543427182,-0.04676340927539012,10.050000190734863,9.289999961853027,9.289999961853027,-0.03050672946912769,0.04397504884340653,-0.044829302006563876,-0.010554129545503721,0.024886113882974875,0.9717665758139487,0.08892960034863476,0.6920040124358766,-0.016556006324864536,-0.017600610852870235,0.20414092967083208,-1.5840815006379922,1750.157717150294
2026-02-02 19:30:00,9.371600151062012,9.414999961853027,9.199999809265137,9.208399772644045,1657490,1h,1H,yfinance,730d,2026-04-02T03:04:46Z,-0.017770690917968568,-0.017770690917968568,9.50192782941034,9.594354963302612,9.53473196029663,8.9651469707489,7.940812492370606,9.50192782941034,9.53473196029663,8.9651469707489,7.940812492370606,0.011772150204226468,0.17065872494273432,1454543.9,1.1395255928679775,39.185352962201776,0.21500015258789062,0.22588310314502882,0.024530114756319936,19.12060915687164,14.482453352213549,27.425635961876477,9.594354963302612,0.17065872494273432,9.935672413188081,9.253037513417143,0.07114963980194028,-0.027817151268182627,0.029253638093780933,-0.05707078936196356,10.050000190734863,9.289999961853027,9.289999961853027,-0.05312088314258867,0.024293660410039886,-0.03627425656323502,-0.031204664726542153,0.024886113882974875,0.9856948686995085,0.08892960034863476,0.8000670139414673,-0.030891421407955533,-0.03422562784265548,0.20072498493793112,-2.261561433721464,1750.157717150294
2026-02-02 20:30:00,9.199999809265137,9.20009994506836,9.0,9.015000343322754,2518136,1h,1H,yfinance,730d,2026-04-02T03:04:46Z,-0.021002501422216047,-0.021002501422216047,9.455553783116285,9.570354986190797,9.52373197555542,8.982146973609924,7.955562493801117,9.455553783116285,9.52373197555542,8.982146973609924,7.955562493801117,0.012512679189166029,0.2117484798260456,1487062.2,1.69336292725348,34.23420069561642,0.20839977264404475,0.22463429382352998,0.024917835304344996,20.651062006406242,13.522753816150118,31.967775602108787,9.570354986190797,0.2117484798260456,9.993851945842888,9.146858026538705,0.08850182887952664,-0.06218199944016689,0.01096651058699137,-0.07314851002715826,10.050000190734863,9.199999809265137,9.199999809265137,-0.07491016426979125,0.023850088684668203,-0.04653618021509587,-0.05055287498911487,0.024886113882974875,1.0012746635139294,0.08962658215070254,0.9874506731799201,-0.046592029393368484,-0.05341725633800154,0.19711610372945998,-2.6227089957116787,1750.157717150294
2026-02-03 14:30:00,9.039999961853027,9.31999969482422,8.9399995803833,9.315999984741213,1704367,1h,1H,yfinance,730d,2026-04-02T03:04:46Z,0.03338875540269992,0.03338875540269992,9.442262945175802,9.554654979705811,9.519351978302002,9.00185697555542,7.971792492866516,9.442262945175802,9.519351978302002,9.00185697555542,7.971792492866516,0.014356067033520938,0.21828393155918469,1508397.8,1.129918778720043,45.72778618084614,0.38000011444091975,0.23573185243905784,0.025303977332027248,21.241117184591648,15.598758791113873,28.286911015159923,9.554654979705811,0.21828393155918469,9.99122284282418,9.118087116587441,0.0913832815618449,-0.06438603160489009,-0.004103997851384923,-0.06028203375350517,10.050000190734863,9.0,9.0,-0.027049590567438497,0.058035168864793096,-0.006823041462566071,-0.03260645129472406,0.024886113882974875,1.0167910285638546,0.09106730849186168,1.0034696651873867,-0.013372108060080934,-0.02136195762319748,0.19412942406871525,-1.0933236966179993,1750.157717150294
2026-02-03 15:30:00,9.3149995803833,9.390000343322754,9.239999771118164,9.260000228881836,983762,1h,1H,yfinance,730d,2026-04-02T03:04:46Z,-0.006011137392775812,-0.006011137392775812,9.424904591243044,9.532154989242553,9.50695198059082,9.020556979179382,7.986692492961883,9.424904591243044,9.50695198059082,9.020556979179382,7.986692492961883,0.0142026760136381,0.22422330823565287,1495194.45,0.6579492052020391,44.180774505935574,0.15000057220458984,0.22960818956516726,0.024795700204090915,21.33346488400355,17.048508631212737,26.966944147685805,9.532154989242553,0.22422330823565287,9.98060160571386,9.083708372771246,0.09409133967657846,-0.06984631047366996,-0.01725246037584193,-0.05259385009782803,10.050000190734863,8.9399995803833,8.9399995803833,-0.020105776107743223,0.03869885232810466,-0.011211910817141568,-0.046343955458007735,0.024886113882974875,0.9963669024698222,0.09273731061921167,1.0146006935970633,-0.01749666118789417,-0.02597591238634167,0.1903490699020447,-1.2137665905575235,1750.157717150294
2026-02-03 16:30:00,9.260000228881836,9.4350004196167,9.244999885559082,9.3100004196167,1334123,1h,1H,yfinance,730d,2026-04-02T03:04:46Z,0.005399588498811614,0.005399588498811614,9.413961336802439,9.509905004501343,9.496393985748291,9.034956984519958,8.001536993980407,9.413961336802439,9.496393985748291,9.034956984519958,8.001536993980407,0.014222238790390173,0.22308219400975293,1516060.9,0.8799930134732715,45.93936518422174,0.1900005340576172,0.226779071314628,0.02435865317866062,21.129361993034824,17.44561691980566,25.35312245384198,9.509905004501343,0.22308219400975293,9.956069392520849,9.063740616481837,0.09383151310309029,-0.06933971818433626,-0.0276699119375408,-0.04166980624679546,10.050000190734863,8.9399995803833,8.9399995803833,-0.03772607379043791,0.037325907956353044,-0.00693328857421871,-0.04561760016439764,0.024886113882974875,0.9788050192651773,0.09260739733246759,1.0132183368271115,-0.011043270039714392,-0.01962782572114452,0.18682123108253723,-0.8961028278030306,1750.157717150294
2026-02-03 17:30:00,9.3149995803833,9.34000015258789,9.039999961853027,9.074000358581545,1378533,1h,1H,yfinance,730d,2026-04-02T03:04:46Z,-0.025349092416568464,-0.025349092416568464,9.381584100781401,9.472855043411254,9.480573997497558,9.046146988868713,8.01540699481964,9.381584100781401,9.480573997497558,9.046146988868713,8.01540699481964,0.014933222333189899,0.23073680606379518,1541083.2,0.8945221127580912,39.59804297391584,0.3000001907348633,0.23200915127321622,0.025568563159003896,21.75370126169809,15.834323210451121,29.322809095193588,9.472855043411254,0.23073680606379518,9.934328655538845,9.011381431283663,0.09743073445393093,-0.08697883487003466,-0.039531696524039574,-0.04744713834599509,10.050000190734863,8.9399995803833,8.9399995803833,-0.06873155649255491,0.0032062224480913226,-0.014595306174887024,-0.07549661268277086,0.02491728831180997,1.0261374688547167,0.09260739733246759,1.0520837131848895,-0.032785906825078426,-0.04288491804645267,0.18279383737155896,-1.7286131832796205,1750.157717150294
2026-02-03 18:30:00,9.074999809265137,9.395000457763672,9.06999969482422,9.239999771118164,1755923,1h,1H,yfinance,730d,2026-04-02T03:04:46Z,0.018293961425693395,0.018293961425693395,9.368099878908712,9.44760503768921,9.468073997497559,9.059446988105774,8.030081994533539,9.368099878908712,9.468073997497559,9.059446988105774,8.030081994533539,0.01566053335067958,0.2271780117438946,1534359.25,1.1444014822473942,45.31592059092951,0.32500076293945135,0.2386514092493759,0.02582807523386939,21.973381839113756,15.940234827574024,26.470491279897313,9.44760503768921,0.2271780117438946,9.901961061176998,8.993249014201421,0.09618438147556586,-0.0865653254628036,-0.048938422311792386,-0.037626903151011214,10.050000190734863,8.9399995803833,8.9399995803833,-0.05858378337726644,-0.028901793198312875,0.02495833823922844,-0.05182145924796444,0.025084007956873617,1.0296630139120921,0.09260739733246759,1.0386252529077848,-0.013674075794062768,-0.02408876677977756,0.1790756313500821,-0.9138440158772305,1750.157717150294
2026-02-03 19:30:00,9.229999542236328,9.510000228881836,9.1850004196167,9.470000267028809,2162022,1h,1H,yfinance,730d,2026-04-02T03:04:46Z,0.024891829178347535,0.024891829178347535,9.377804677777293,9.437605047225953,9.459433994293214,9.072959990501404,8.045931994915009,9.377804677777293,9.459433994293214,9.072959990501404,8.045931994915009,0.016699582780000655,0.22149932023756286,1510920.55,1.4309303027217413,52.084080034083186,0.3249998092651367,0.24481915210764452,0.025852074467201253,21.46071181656949,17.78398759038156,23.960503063505506,9.437605047225953,0.22149932023756286,9.880603687701079,8.994606406750826,0.09387946163425,-0.06690723351312222,-0.05253218455205835,-0.014375048961063869,10.050000190734863,8.9399995803833,8.9399995803833,-0.00889586974695622,-0.022693745259260045,0.016530730199638688,-0.020682503380267336,0.025277078970714743,1.022747703449148,0.09260739733246759,1.0137360981781574,0.009831255013232676,0.001117008981929457,0.1756790885470485,0.14625426284880472,1750.157717150294
2026-02-03 20:30:00,9.46500015258789,9.56999969482422,9.44499969482422,9.489999771118164,1847557,1h,1H,yfinance,730d,2026-04-02T03:04:46Z,0.002111879992124921,0.002111879992124921,9.388489924762139,9.425855016708374,9.45293399810791,9.087609992027282,8.061806993484497,9.388489924762139,9.45293399810791,9.087609992027282,8.061806993484497,0.016647097712163245,0.2119701443502617,1517619.35,1.2174047464537137,52.63306455759,0.125,0.23626064124281276,0.024895747833614038,20.630357793497,18.925870592854928,23.05500707423852,9.425855016708374,0.2119701443502617,9.849795305408897,9.00191472800785,0.08995264364856914,-0.049147716889999415,-0.05185529101964657,0.0027075741296471514,10.050000190734863,8.9399995803833,9.039999961853027,0.003701728999949916,-0.027165591000912204,0.0248379629105151,-0.024164586234807883,0.025277078970714743,0.9849139555427863,0.09066796260520701,0.9921105654512987,0.010812159055344273,0.0039210866189980376,0.17255771637149264,0.30261221270763927,1750.157717150294
2026-02-04 14:30:00,9.520000457763672,9.630000114440918,9.279999732971191,9.380000114440918,1371307,1h,1H,yfinance,730d,2026-04-02T03:04:46Z,-0.011591112679688265,-0.011591112679688265,9.387681371398212,9.407605028152465,9.442733993530274,9.101646995544433,8.076831994056702,9.387681371398212,9.442733993530274,9.101646995544433,8.076831994056702,0.01678353072500297,0.19902447400003606,1523803.15,0.899923982963285,49.28818934055952,0.35000038146972656,0.24438490840187804,0.02605382786996312,20.589961698642508,16.989796538182304,25.51913366444406,9.407605028152465,0.19902447400003606,9.805653976152538,9.009556080152393,0.08462280183083838,-0.04344837913513899,-0.050173908642745055,0.006725529507606062,9.854999542236328,8.9399995803833,9.039999961853027,0.0,-0.017286533319451847,0.007518763874244883,-0.03745508213489568,0.02543627024551557,1.0242786233393013,0.08922723626404788,0.9483965364613142,-0.0008182272760872689,-0.00664361392922197,0.16911358320671566,-0.13870110121000745,1750.157717150294
2026-02-04 15:30:00,9.385000228881836,9.4399995803833,9.241999626159668,9.380000114440918,814337,1h,1H,yfinance,730d,2026-04-02T03:04:46Z,0.0,0.0,9.386949823116565,9.397855043411255,9.439433994293212,9.116696996688843,8.091491994857789,9.386949823116565,9.439433994293212,9.116696996688843,8.091491994857789,0.01639486407270315,0.19532723817839717,1499828.65,0.5429533567051144,49.28818934055951,0.1979999542236328,0.24107169738914624,0.025700607084002684,20.708710251465863,15.993063149834274,25.14794100688256,9.397855043411255,0.19532723817839717,9.788509519768049,9.007200567054461,0.08313694445216575,-0.0384879477985951,-0.04783671647391507,0.009348768675319967,9.829999923706056,8.9399995803833,9.039999961853027,0.001601745188399839,-0.024937851906515984,0.03372269602898803,-0.020365503781580196,0.025634585121503288,1.002575503453107,0.08780484707745884,0.9468377569045227,-0.0007403585623236841,-0.006296339366134274,0.16658757127759038,-0.09141033855211514,1750.157717150294
2026-02-04 16:30:00,9.380000114440918,9.400099754333496,9.289999961853027,9.385000228881836,678409,1h,1H,yfinance,730d,2026-04-02T03:04:46Z,0.0005330612345324504,0.0005330612345324504,9.386764147475162,9.39460506439209,9.437833995819092,9.12899700164795,8.105798995494842,9.386764147475162,9.437833995819092,9.12899700164795,8.105798995494842,0.016156666145304897,0.19497301375653694,1402639.2,0.4836660774916315,49.45752007497239,0.11009979248046875,0.2317165613242407,0.02469009650219777,20.818976764801835,15.45027164509344,24.29444042276207,9.39460506439209,0.19497301375653694,9.784551091905165,9.004659036879016,0.08301488457265072,-0.03376409135104552,-0.045022191449341165,0.011258100098295643,9.829999923706056,8.9399995803833,9.06999969482422,0.0010666910807290986,-0.018818542540307348,0.015692690622883587,-0.006878262613251307,0.02543627024551557,0.970664970291808,0.08586533355311471,0.9668032620090999,-0.00018791551226959857,-0.005598081822657752,0.16433111665667854,-0.04926238418947471,1750.157717150294
2026-02-04 17:30:00,9.385000228881836,9.65999984741211,9.379899978637695,9.654999732971191,2539597,1h,1H,yfinance,730d,2026-04-02T03:04:46Z,0.028769259190686736,0.028769259190686736,9.412310393712879,9.393605041503907,9.441633987426759,9.14389699935913,8.121473994255066,9.412310393712879,9.441633987426759,9.14389699935913,8.121473994255066,0.016556620116684104,0.1935785987006618,1460341.2,1.7390435878957604,57.67583499343709,0.28009986877441406,0.23517251185639595,0.024357588644285222,19.363839280084402,22.029754837648508,22.227608255100655,9.393605041503907,0.1935785987006618,9.78076223890523,9.006447844102583,0.08242995009705889,-0.008139866271324792,-0.037645726413737896,0.029505860142413104,9.829999923706056,8.9399995803833,9.1850004196167,0.04849919327502361,0.012585200574664945,0.019535317922480422,-0.0020672307358531317,0.025277078970714743,0.9636235528838275,0.08387987314150207,0.9827142914010228,0.025784247342758748,0.02259839195509672,0.16255177251143604,1.3503284620398008,1750.157717150294
2026-02-04 18:30:00,9.654999732971191,9.675000190734863,9.470000267028809,9.675000190734863,1160757,1h,1H,yfinance,730d,2026-04-02T03:04:46Z,0.002071513031260963,0.002071513031260963,9.437328469619734,9.390170049667358,9.446333999633788,9.160302000045776,8.137073996067047,9.437328469619734,9.446333999633788,9.160302000045776,8.137073996067047,0.016485406266374535,0.18786088269447337,1468694.15,0.790332691118842,58.21780978409183,0.2049999237060547,0.23301732698851443,0.02408447776690076,18.027445174477215,21.105217910445695,20.830821263410453,9.390170049667358,0.18786088269447337,9.765891815056305,9.01444828427841,0.08002448590422642,0.013624333669962851,-0.027391714396997748,0.0410160480669606,9.829999923706056,9.039999961853027,9.241999626159668,0.07321129476173116,-0.020748979891854535,0.019494249112600448,-0.007050692913093015,0.025084007956873617,0.960152692038237,0.08307591451240823,0.9632693949131785,0.025184216262073678,0.02420687126984289,0.1609005895976312,1.5161758902769433,1750.157717150294
2026-02-04 19:30:00,9.675000190734863,9.75,9.520000457763672,9.520000457763672,1367252,1h,1H,yfinance,730d,2026-04-02T03:04:46Z,-0.016020643918914335,-0.016020643918914335,9.44520199230011,9.375420093536377,9.447134017944336,9.175902004241943,8.15195749759674,9.44520199230011,9.447134017944336,9.175902004241943,8.15195749759674,0.016734789094503013,0.16399067130720316,1454947.65,0.9397259069767906,52.596667091772325,0.22999954223632812,0.23280177093478685,0.024453966359311914,17.182102112097756,21.91700311591083,19.360815461677078,9.375420093536377,0.16399067130720316,9.703401436150783,9.047438750921971,0.06996621790644308,0.018156143145692027,-0.018282142888459793,0.03643828603415182,9.829999923706056,9.039999961853027,9.241999626159668,0.02189786103011948,-0.03231377618729203,0.014925409553803393,-0.030055948571737878,0.025084007956873617,0.9748827380917388,0.08307591451240823,0.8421961806510468,0.00791920231293508,0.007713073581991026,0.15887920425608493,0.8816377363103358,1750.157717150294
2026-02-04 20:30:00,9.515000343322754,9.630000114440918,9.5,9.604999542236328,1414328,1h,1H,yfinance,730d,2026-04-02T03:04:46Z,0.00892847483041237,0.00892847483041237,9.46042080657975,9.377920055389405,9.450734004974365,9.192501997947693,8.16715749502182,9.46042080657975,9.450734004974365,9.192501997947693,8.16715749502182,0.01583424098807886,0.1670615874735021,1407221.8,1.0050498080686356,55.15385056091838,0.13000011444091797,0.22545879547093908,0.02347306675856911,16.27761481984936,21.014331709077325,19.197066044392617,9.377920055389405,0.1670615874735021,9.712043230336409,9.0437968804424,0.07125741592454435,0.028280352258162722,-0.00896964385913529,0.03724999611729801,9.770000457763672,9.039999961853027,9.241999626159668,0.03725694436577265,-0.02635582715805429,0.023987145527750497,0.00523278236144753,0.024906791568979517,0.9424363910365694,0.08307591451240823,0.8577385677036553,0.015282484639163485,0.01632312761958654,0.15716318813919417,1.3592561299164052,1750.157717150294
2026-02-05 14:30:00,9.414999961853027,9.56999969482422,9.170000076293944,9.2475004196167,2296773,1h,1H,yfinance,730d,2026-04-02T03:04:46Z,-0.0372201082412954,-0.0372201082412954,9.440142674488031,9.367545080184936,9.447884006500244,9.206727004051208,8.180319998264313,9.440142674488031,9.447884006500244,9.206727004051208,8.180319998264313,0.01771315307108721,0.16839041737415436,1463996.75,1.5688374991269618,44.323701228576546,0.4349994659423846,0.2404259862188995,0.025999024094001063,16.425224635636145,18.298549961395167,26.52016287683611,9.367545080184936,0.16839041737415436,9.704325914933245,9.030764245436627,0.0719037553308812,0.0073716931799481245,-0.005701376451318608,0.013073069631266733,9.75,9.06999969482422,9.289999961853027,-0.0067132112978544045,-0.06259496865973813,-0.014651018211165101,-0.02194600801308355,0.024906791568979517,1.0438527990245794,0.08307591451240823,0.8655186735277124,-0.020406710101103398,-0.02120936145550467,0.1549528635193833,-0.7128948454442267,1750.157717150294
2026-02-05 15:30:00,9.25,9.295000076293944,8.984999656677246,9.244999885559082,2068737,1h,1H,yfinance,730d,2026-04-02T03:04:46Z,-0.000270401075334159,-0.000270401075334159,9.421557646970989,9.360795068740845,9.44388401031494,9.21997700214386,8.193419997692109,9.421557646970989,9.44388401031494,9.21997700214386,8.193419997692109,0.017640749969732823,0.17044905353602016,1523817.3,1.3576017282386805,44.25823833360645,0.31000041961669744,0.24539558860445648,0.026543601042956253,17.242709795692925,16.647408926316448,29.51206097899898,9.360795068740845,0.17044905353602016,9.701693175812887,9.019896961668804,0.07283528900454747,-0.009293215574587066,-0.0064197442759722995,-0.0028734712986147664,9.75,9.170000076293944,9.170000076293944,0.018844998922202816,-0.06635028411827026,-0.042465029389072595,-0.014392348319271053,0.024906791568979517,1.0657173955723516,0.08307591451240823,0.8767317149866437,-0.01873976342634487,-0.021059568768382886,0.15261807804006855,-0.6793536296010759,1750.157717150294
2026-02-05 16:30:00,9.244999885559082,9.545000076293944,9.244999885559082,9.524999618530272,1237362,1h,1H,yfinance,730d,2026-04-02T03:04:46Z,0.03028661291911483,0.03028661291911483,9.431409263309968,9.36879506111145,9.444284000396728,9.236876997947693,8.2077449965477,9.431409263309968,9.444284000396728,9.236876997947693,8.2077449965477,0.01887338002810796,0.17417276683186916,1554681.25,0.7958943352536091,52.68511279358132,0.3000001907348615,0.24929591732805684,0.026172800767683784,16.676216519704514,22.379487826560464,26.97530981379416,9.36879506111145,0.17417276683186916,9.71714059477519,9.020449527447711,0.07436293170925948,9.229860773274368e-05,-0.0051173356992312916,0.005209634306964035,9.75,8.984999656677246,8.984999656677246,0.03084414009434755,-0.029546609704664273,-0.015503934805938036,0.01708487467405506,0.024906791568979517,1.05082987887854,0.08307591451240823,0.8951202300415558,0.009923263067841637,0.00854650475675589,0.1506551439365058,0.8968368606649456,1750.157717150294
2026-02-05 17:30:00,9.529999732971191,9.5649995803833,9.40999984741211,9.470000267028809,1128476,1h,1H,yfinance,730d,2026-04-02T03:04:46Z,-0.005774210362640364,-0.005774210362640364,9.435084596997477,9.373545074462891,9.441784000396728,9.251340003013611,8.221319997310639,9.435084596997477,9.441784000396728,9.251340003013611,8.221319997310639,0.018931430304623676,0.17556705186605498,1570962.4,0.7183341880111198,51.05248438170507,0.1549997329711914,0.24256047558828076,0.02561356586575721,16.053765561291073,21.94694054865239,25.74405109137432,9.373545074462891,0.17556705186605498,9.724679178195,9.022410970730782,0.07492023582171324,0.0030571571936768294,-0.0034824371206496675,0.006539594314326496,9.75,8.984999656677246,8.984999656677246,0.0,-0.042467144763802644,-0.00525212062296565,0.010133361816406339,0.025110906318186122,1.0200175788640111,0.08307591451240823,0.9018286017245485,0.003700620770527463,0.002988446529903044,0.14845110073386358,0.5493923349553422,1750.157717150294
2026-02-05 18:30:00,9.46500015258789,9.495100021362305,9.350000381469728,9.44499969482422,1065464,1h,1H,yfinance,730d,2026-04-02T03:04:46Z,-0.0026399758711339594,-0.0026399758711339594,9.436028892028595,9.3853750705719,9.44088399887085,9.265989999771119,8.234269995689392,9.436028892028595,9.44088399887085,9.265989999771119,8.234269995689392,0.018475700229044184,0.17197523221646224,1541361.1,0.6912487930310425,50.289606996226915,0.14509963989257635,0.23559898732430187,0.0249443086222023,15.728005321295871,20.981470363633,26.430597230406537,9.3853750705719,0.17197523221646224,9.729325535004824,9.041424606138976,0.07329498541009613,0.0033508650587226185,-0.0021157766847752103,0.005466641743497829,9.75,8.984999656677246,8.984999656677246,-0.00474184166272551,-0.01047672924781684,-0.01665797553748294,0.025693923811068498,0.025124142977114773,0.9928421695786287,0.08307591451240823,0.8822651648228174,0.0009506968342587463,0.00043594391731360815,0.14653563750194198,0.34670471720760304,1750.157717150294
2026-02-05 19:30:00,9.44499969482422,9.460000038146973,9.390000343322754,9.44499969482422,1252458,1h,1H,yfinance,730d,2026-04-02T03:04:46Z,0.0,0.0,9.436883254199607,9.406875038146973,9.444284000396728,9.279139995574951,8.24691249370575,9.436883254199607,9.444284000396728,9.279139995574951,8.24691249370575,0.01775301576756519,0.1497735448996068,1478077.2,0.8473562815257553,50.289606996226915,0.06999969482421875,0.2237704664314388,0.023691950625902413,15.425513669871755,20.51265561729314,25.840025953873823,9.406875038146973,0.1497735448996068,9.706422127946187,9.10732794834776,0.06368684362968227,0.003542791562006542,-0.0009840630354188598,0.004526854597425402,9.75,8.984999656677246,8.984999656677246,0.006929592706852228,-0.0021130964016098375,0.021357044200675634,0.0476982068913574,0.025124142977114773,0.9429953749062436,0.0827224173348548,0.7698861527689912,0.0008600764050992193,7.578069734703874e-05,0.14519027667685824,0.2545486701460026,1750.157717150294
2026-02-05 20:30:00,9.44499969482422,9.46500015258789,9.31999969482422,9.31999969482422,2547527,1h,1H,yfinance,730d,2026-04-02T03:04:46Z,-0.013234516044346667,-0.013234516044346667,9.425751486640046,9.407075023651123,9.451583995819092,9.291439990997315,8.25851249217987,9.425751486640046,9.451583995819092,9.291439990997315,8.25851249217987,0.01656385233366565,0.1496546933941264,1520235.2,1.6757453057263771,46.279500096965094,0.1450004577636701,0.2181440372408839,0.02340601334590475,15.456625263485472,19.5387432518422,26.905262253399343,9.407075023651123,0.1496546933941264,9.706384410439375,9.10776563686287,0.0636349526363366,-0.006318722334986759,-0.00205099489533244,-0.004267727439654319,9.75,8.984999656677246,8.984999656677246,-0.006396633143354036,-0.015319646637726114,0.00811247270887372,0.00042933770819653105,0.02492002822790817,0.9392450575032713,0.08122721800064266,0.7834190829462254,-0.0112194546997888,-0.013921931080872585,0.14446566555041995,-0.5818416172059704,1750.157717150294
2026-02-06 14:30:00,9.40999984741211,9.9399995803833,9.390000343322754,9.5649995803833,2266466,1h,1H,yfinance,730d,2026-04-02T03:04:46Z,0.02628754222976415,0.02628754222976415,9.43901320985369,9.422324991226196,9.464783992767334,9.306839990615845,8.271155490875245,9.43901320985369,9.464783992767334,9.306839990615845,8.271155490875245,0.017435180207675646,0.14943033246961795,1584370.4,1.4305152381034132,54.018752487857604,0.6199998855590803,0.24684802640646936,0.02580742678888621,15.413169936304199,29.778104088712155,22.07833066172768,9.422324991226196,0.14943033246961795,9.721185656165432,9.12346432628696,0.06343671338391028,0.0055711789850168,-0.0005265601192625921,0.006097739104279392,9.75,8.984999656677246,9.244999885559082,0.019179472254835517,0.013241526012326865,0.004199471228871321,0.032937294164440134,0.0252564358906031,1.0218158611400951,0.07747236086296982,0.8188302599441204,0.01334740907005938,0.010588259350931661,0.1443121826459317,0.9547900135075542,1750.157717150294
2026-02-06 15:30:00,9.5649995803833,9.65999984741211,9.543499946594238,9.614999771118164,1015343,1h,1H,yfinance,730d,2026-04-02T03:04:46Z,0.005227411701868467,0.005227411701868467,9.45577383473602,9.43757495880127,9.475583992004395,9.323439989089966,8.28358048915863,9.45577383473602,9.475583992004395,9.323439989089966,8.28358048915863,0.017433430165249883,0.1527160791203659,1568431.4,0.6473620714300925,55.429964950499695,0.1164999008178711,0.23753744600728377,0.024704883168152135,15.372818561064443,28.734916332967487,21.304881682404417,9.43757495880127,0.1527160791203659,9.743007117042001,9.132142800560537,0.06472683068988884,0.018811758721874128,0.003341103648964752,0.015470655072909376,9.9399995803833,8.984999656677246,9.31999969482422,-0.0041429272873442224,0.014240531160404357,0.015311457233448289,0.03276040147740633,0.0252564358906031,0.9781618940677147,0.07464158376548635,0.8671685061406479,0.016839017003264622,0.014713159551053456,0.14389954976665376,1.1617952303310142,1750.157717150294
2026-02-06 16:30:00,9.619999885559082,9.789999961853027,9.604999542236328,9.725000381469728,1421114,1h,1H,yfinance,730d,2026-04-02T03:04:46Z,0.011440521369744383,0.011440521369744383,9.481414458234468,9.470124959945679,9.48759199142456,9.3371399974823,8.29691349029541,9.481414458234468,9.48759199142456,9.3371399974823,8.29691349029541,0.016384828660828805,0.14065575861285354,1570560.45,0.9048451462024273,58.45115941196803,0.18500041961669922,0.23378480126509918,0.024039567310512284,15.80734375892538,31.08263092936456,20.100656982167138,9.470124959945679,0.14065575861285354,9.751436477171385,9.188813442719972,0.059410307343467195,0.03774603075205185,0.010222089069582172,0.02752394168246968,9.9399995803833,8.984999656677246,9.31999969482422,0.005167978268646234,0.03183025831975872,0.02964538863870425,0.07174344249088715,0.02492002822790817,0.9646685425335976,0.0738289585596778,0.8047019557433462,0.02569088444643497,0.025023039593160323,0.14350860745045035,1.8120510957932323,1750.157717150294
2026-02-06 17:30:00,9.725000381469728,9.760000228881836,9.590100288391112,9.664999961853027,741179,1h,1H,yfinance,730d,2026-04-02T03:04:46Z,-0.006169708716004529,-0.006169708716004529,9.498898791912426,9.491374969482422,9.492591991424561,9.3508899974823,8.30901349067688,9.498898791912426,9.492591991424561,9.3508899974823,8.30901349067688,0.016154080311857732,0.13632099147754223,1519823.25,0.4876744713571134,56.212874464664075,0.16989994049072443,0.22922159692407243,0.023716668166455408,16.128526035431648,29.43701899250048,19.500746220077726,9.491374969482422,0.13632099147754223,9.764016952437506,9.218732986527337,0.057450471366205465,0.04736406190881226,0.01765048363742819,0.02971357827138407,9.9399995803833,8.984999656677246,9.31999969482422,0.015231039613144759,0.029286433277484036,0.02329277651002637,0.04599569277732063,0.02480031550088309,0.9563050988448476,0.0730651372073218,0.7862911583015326,0.017486360638143017,0.018162370255059512,0.14244512926543118,1.2736482510047527,1750.157717150294
2026-02-06 18:30:00,9.670000076293944,9.835000038146973,9.650699615478516,9.8100004196167,1149251,1h,1H,yfinance,730d,2026-04-02T03:04:46Z,0.01500263407511393,0.01500263407511393,9.528527518360452,9.508374977111817,9.499192008972168,9.364840002059937,8.322888493537903,9.528527518360452,9.499192008972168,9.364840002059937,8.322888493537903,0.015599314036734022,0.15279946805023642,1469184.7,0.7822372503606932,60.18122400688126,0.18430042266845703,0.2260129416200999,0.02303903485754701,16.705215810652682,30.09271023276576,18.36490868005892,9.508374977111817,0.15279946805023642,9.81397391321229,9.202776041011344,0.06427995043024681,0.06592678309928601,0.027305743529799757,0.03862103956948626,9.9399995803833,8.984999656677246,9.31999969482422,0.021343142857937147,0.038644863587713685,0.05257518678510209,0.03590286620916494,0.024697489835174953,0.9328492495109394,0.07236952216771433,0.8882185277012032,0.02954002081789442,0.03271945764976292,0.14133356662744867,1.9739953702307107,1750.157717150294
2026-02-06 19:30:00,9.8100004196167,9.890000343322754,9.675000190734863,9.704999923706056,1089467,1h,1H,yfinance,730d,2026-04-02T03:04:46Z,-0.010703414008084722,-0.010703414008084722,9.545334414107652,9.519124984741211,9.508492012023925,9.377139997482299,8.336383492946625,9.545334414107652,9.508492012023925,9.377139997482299,8.336383492946625,0.01583828600352888,0.1585821580247826,1431280.2,0.761183589348892,56.20863888513892,0.21500015258789062,0.22522631383208497,0.023207245296512854,17.44208315184331,29.785112713964303,17.11268942769423,9.519124984741211,0.1585821580247826,9.836289300790776,9.201960668691646,0.06663728369108869,0.07134281532004216,0.03611315788784824,0.035229657432193924,9.9399995803833,9.244999885559082,9.390000343322754,0.049472774623385174,0.021041536755089574,0.014636732824315102,0.022655443390233065,0.024572031430754843,0.9444577409853955,0.07158058562771277,0.9309407447106683,0.016727073423684846,0.020666569571035742,0.140601559425501,1.1721049913811725,1750.157717150294
2026-02-06 20:30:00,9.704999923706056,9.949999809265137,9.69499969482422,9.895000457763672,3067520,1h,1H,yfinance,730d,2026-04-02T03:04:46Z,0.01957759253490643,0.01957759253490643,9.578635942074891,9.544875001907348,9.516892013549805,9.39093999862671,8.351283495426179,9.578635942074891,9.516892013549805,9.39093999862671,8.351283495426179,0.016030749080615865,0.17487586895832713,1516090.85,2.023308827436034,61.19972592317574,0.2550001144409162,0.2273530138755729,0.02297655415439526,18.344553175821186,29.28392216160805,15.741713300535531,9.544875001907348,0.17487586895832713,9.894626739824002,9.195123263990695,0.07328576599416184,0.08992985963070055,0.0468764982364187,0.04305336139428185,9.9399995803833,9.31999969482422,9.543499946594238,0.07030833750684051,0.031266303531616524,0.02912123695380453,0.05490408710442218,0.024405777501798568,0.9414391388556262,0.07158058562771277,1.0238218275457767,0.033028138620356806,0.03973024425154037,0.1395723805522835,2.002137046934465,1750.157717150294
2026-02-09 14:30:00,9.800000190734863,9.954999923706056,9.587400436401367,9.8149995803833,1626304,1h,1H,yfinance,730d,2026-04-02T03:04:46Z,-0.008084979654306323,-0.008084979654306323,9.601146764770931,9.566624975204467,9.523092002868653,9.40248999595642,8.365833492279053,9.601146764770931,9.523092002868653,9.40248999595642,8.365833492279053,0.016197448647373765,0.17999357259216714,1556689.2,1.0447197809299378,58.192287523450624,0.3675994873046893,0.2373706191205098,0.02418447572783695,18.48752171003093,26.04463729116175,17.23825189675443,9.566624975204467,0.17999357259216714,9.926612120388802,9.206637830020133,0.07525896460191075,0.09708568065707546,0.05691833472055005,0.040167345936525406,9.949999809265137,9.31999969482422,9.590100288391112,0.030446191440139492,0.03424655606992122,0.00925441597771659,0.046375209022938346,0.024271032186061088,0.9964337545448996,0.07158058562771277,1.0513879418831393,0.022273674265354426,0.03065260499706568,0.13833152568212714,1.3799081911752775,1750.157717150294
2026-02-09 15:30:00,9.81999969482422,9.859999656677246,9.744999885559082,9.845000267028809,595405,1h,1H,yfinance,730d,2026-04-02T03:04:46Z,0.0030566161923704094,0.0030566161923704094,9.62437090784311,9.589624977111816,9.530092010498047,9.412939996719361,8.380408494472503,9.62437090784311,9.530092010498047,9.412939996719361,8.380408494472503,0.016192239560463485,0.1846454679049287,1552539.0,0.3835040536823874,59.00584883878811,0.11499977111816406,0.2286298442631994,0.02322293936637944,18.620278206082833,25.108899146703976,16.618911736120346,9.589624977111816,0.1846454679049287,9.958915912921674,9.220334041301959,0.07701884832645037,0.10397892078727189,0.06633045193389442,0.03764846885337747,9.954999923706056,9.31999969482422,9.587400436401367,0.039598731723970104,0.06145559805304446,0.018623932321389258,0.049014387525676106,0.024134476747368856,0.96223090351073,0.07158058562771277,1.075973990028829,0.022924029144170133,0.033043569378330195,0.1371870496269776,1.3830574495794374,1750.157717150294
2026-02-09 16:30:00,9.845000267028809,10.140000343322754,9.842599868774414,9.96280002593994,2329146,1h,1H,yfinance,730d,2026-04-02T03:04:46Z,0.011965439889894736,0.011965439889894736,9.65660225242376,9.605014991760253,9.536748008728027,9.42581799507141,8.395521993637084,9.65660225242376,9.536748008728027,9.42581799507141,8.395521993637084,0.015215231790562054,0.20151025826285102,1542016.45,1.5104547036446985,62.12266501503414,0.29740047454833984,0.23354203214070945,0.023441405180535675,19.791473795018568,31.388793530085294,15.10726208588849,9.605014991760253,0.20151025826285102,10.008035508285955,9.201994475234551,0.08391876886635505,0.11759179429771827,0.0765827204066592,0.04100907389105907,9.954999923706056,9.31999969482422,9.587400436401367,0.05482269431935172,0.11254049255388532,0.015575902118994067,0.031879886222847986,0.024062022538706523,0.9742075980033469,0.07158058562771277,1.1723677325415103,0.031708645081589326,0.044674769305216966,0.1359327050725221,1.7755177193658787,1750.157717150294
2026-02-09 17:30:00,9.96500015258789,9.989999771118164,9.8100004196167,9.899999618530272,752822,1h,1H,yfinance,730d,2026-04-02T03:04:46Z,-0.006303489706323107,-0.006303489706323107,9.679782953957712,9.616264963150025,9.540548000335694,9.437817993164062,8.41029699087143,9.679782953957712,9.540548000335694,9.437817993164062,8.41029699087143,0.015313796429166089,0.2111533149790617,1521619.7,0.4947504294272741,59.524379278790185,0.17999935150146484,0.22971755495219198,0.02320379432360981,20.66132631576159,29.63198940319484,15.275371489835626,9.616264963150025,0.2111533149790617,10.038571593108149,9.193958333191901,0.08783173749401091,0.12190735449917511,0.08564764722516238,0.03625970727401273,10.140000343322754,9.390000343322754,9.587400436401367,0.04817363032371369,0.11173497084733697,0.020092704415988427,0.023255754352426328,0.023878117738483848,0.9717597751104458,0.07158058562771277,1.2270329548687908,0.022750165537804845,0.037676202476202736,0.1343889532903586,1.3437376316274385,1750.157717150294
2026-02-09 18:30:00,9.899999618530272,9.90999984741211,9.845000267028809,9.895000457763672,534977,1h,1H,yfinance,730d,2026-04-02T03:04:46Z,-0.000504965753457487,-0.000504965753457487,9.70027985908209,9.635014963150024,9.543348007202148,9.451118001937866,8.424821994304658,9.70027985908209,9.543348007202148,9.451118001937866,8.424821994304658,0.014802820598456397,0.2183013764836554,1480005.95,0.3614694927408907,59.31171397993237,0.06499958038330078,0.21795198534012833,0.022026475518666804,21.469046513594392,29.000766864457262,14.949974546661299,9.635014963150024,0.2183013764836554,10.071617716117334,9.198412210182713,0.09062834975080718,0.12350044035655117,0.09321820585144014,0.030282234505111028,10.140000343322754,9.543499946594238,9.587400436401367,0.06169536285057742,0.09035820008077078,0.0,0.03939075440843953,0.02370430939617891,0.9292181919553173,0.07236952216771433,1.252299960483068,0.020073709368217063,0.03684791231506379,0.13276553660761437,1.1909475734941768,1750.157717150294
2026-02-09 19:30:00,9.895000457763672,10.125499725341797,9.890000343322754,10.074000358581545,1321533,1h,1H,yfinance,730d,2026-04-02T03:04:46Z,0.018089933556034277,0.018089933556034277,9.735872287605847,9.658465003967285,9.548528022766114,9.466858005523681,8.440466995239257,9.735872287605847,9.548528022766114,9.466858005523681,8.440466995239257,0.015146552688783236,0.23810911187059722,1475366.2,0.8957321917772009,64.23844169378515,0.23549938201904297,0.21920537081719366,0.02175951588392226,22.935934448188227,33.79741847132829,13.802743216837706,9.658465003967285,0.23810911187059722,10.134683227708479,9.182246780226091,0.0986115751406841,0.13762036648832598,0.10209863797881731,0.035521728509508674,10.140000343322754,9.587400436401367,9.587400436401367,0.05321492948542783,0.10404838627581148,0.02638826176986231,0.04882882235265784,0.02370430939617891,0.9179561201403257,0.07306052749935465,1.3497243794408018,0.034730125969929526,0.055031763488840646,0.13127958774696302,1.7451467999262742,1750.157717150294
2026-02-09 20:30:00,10.074999809265137,10.18000030517578,10.04010009765625,10.170000076293944,1601001,1h,1H,yfinance,730d,2026-04-02T03:04:46Z,0.009529453473825056,0.009529453473825056,9.777217791290427,9.704589986801148,9.557028026580811,9.48400800704956,8.456366996765137,9.777217791290427,9.557028026580811,9.48400800704956,8.456366996765137,0.01214635317379722,0.24332539354919366,1440577.6,1.1113604709666456,66.57593452388741,0.13990020751952947,0.21354071629593194,0.02099712042222014,24.458055381711045,34.03885523943885,13.156828713348453,9.704589986801148,0.24332539354919366,10.191240773899535,9.21793919970276,0.10029291041873238,0.15477276055166556,0.11263346249338697,0.04213929805827858,10.140000343322754,9.587400436401367,9.744999885559082,0.05772234200596715,0.08019119676048514,0.03301166078720885,0.09975664934497841,0.023566677903219042,0.8909664955089864,0.07329037570212898,1.3684322048825166,0.04017321628586479,0.0641383543093399,0.13015767057374839,1.9127066135771098,1750.157717150294
2026-02-10 14:30:00,10.220000267028809,10.239999771118164,9.824999809265137,9.90999984741211,1282570,1h,1H,yfinance,730d,2026-04-02T03:04:46Z,-0.02556541071104701,-0.02556541071104701,9.789863701397254,9.7378399848938,9.561828022003175,9.498858003616332,8.470541996955872,9.789863701397254,9.561828022003175,9.498858003616332,8.470541996955872,0.01381485329255431,0.22282323096242626,1401269.25,0.9152916186521612,55.915920233748764,0.41499996185302734,0.22793066240715304,0.023000067196436404,24.418438929130573,29.612031661757293,18.186536700437607,9.7378399848938,0.22282323096242626,10.183486446818652,9.292193522968947,0.09152881185482169,0.14570669478676557,0.1192481089520627,0.02645858583470287,10.18000030517578,9.587400436401367,9.8100004196167,0.01902308058464275,0.045358684170816455,-0.0052997328452197845,0.071930770155203,0.02342370926322021,0.981913963240271,0.0738289585596778,1.2397413378225652,0.012271483003150507,0.03641268433271749,0.12883308121717452,0.7726297737211271,1750.157717150294
2026-02-10 15:30:00,9.914999961853027,10.015000343322754,9.910099983215332,9.960000038146973,710220,1h,1H,yfinance,730d,2026-04-02T03:04:46Z,0.005045428002495855,0.005045428002495855,9.806067162040083,9.759590005874633,9.566528015136718,9.51360800743103,8.485066998004914,9.806067162040083,9.566528015136718,9.51360800743103,8.485066998004914,0.012397089905984163,0.22221573353219748,1374912.15,0.5165566396369398,57.33085705772681,0.10500049591064453,0.219149936228831,0.022003005561193067,24.38165222316299,28.598610028112574,17.56413328199538,9.759590005874633,0.22221573353219748,10.20402147293903,9.315158538810238,0.09107584781673764,0.14093179585822213,0.1235848463332946,0.017346949524927532,10.239999771118164,9.587400436401367,9.8100004196167,0.03052251189428734,0.07792210875148964,0.006060648679662162,0.04566933722185529,0.023314476356142096,0.9437486489117082,0.07410761061590468,1.2289675386888173,0.015697717909048503,0.04113007586322648,0.12745462320876055,0.9018714790656407,1750.157717150294
2026-02-10 16:30:00,9.954999923706056,10.1899995803833,9.94499969482422,10.175000190734863,929135,1h,1H,yfinance,730d,2026-04-02T03:04:46Z,0.021586360618919276,0.021586360618919276,9.841203640963396,9.794840002059937,9.575128021240234,9.525557012557984,8.501016998291016,9.841203640963396,9.575128021240234,9.525557012557984,8.501016998291016,0.012927559118476954,0.2292868078198775,1364945.1,0.6807123597864851,62.85214948486588,0.24499988555908025,0.22099636118099167,0.02171954368926953,24.985819181908017,31.99015505043878,16.17328599737521,9.794840002059937,0.2292868078198775,10.253413617699692,9.336266386420181,0.09363575424270609,0.15273572715075545,0.12941502249678677,0.023320704653968682,10.239999771118164,9.587400436401367,9.824999809265137,0.03720690677936034,0.07387860486360776,0.02829709146213344,0.07444560758468133,0.023215092331446148,0.935578604606676,0.07427697500600344,1.260629612812557,0.033918264670599774,0.06264899729423457,0.12635088521351623,1.658011606902267,1750.157717150294
2026-02-10 17:30:00,10.18000030517578,10.295000076293944,10.119999885559082,10.199999809265137,1130903,1h,1H,yfinance,730d,2026-04-02T03:04:46Z,0.0024569649200634203,0.0024569649200634203,9.87537470461118,9.832590007781983,9.587628021240235,9.537657012939453,8.516916997432709,9.87537470461118,9.587628021240235,9.537657012939453,8.516916997432709,0.012850465388834373,0.2307286040971157,1368217.05,0.8265523368532792,63.44447327080888,0.1750001907348615,0.21771092043483953,0.021344208284894528,25.88517886353828,33.598370970695804,15.244686297796834,9.832590007781983,0.2307286040971157,10.294047215976214,9.371132799587752,0.09386279867847874,0.16223751494474747,0.13597952098637892,0.02625799395836856,10.239999771118164,9.587400436401367,9.824999809265137,0.0510046253941705,0.073119377849171,0.012507389934353075,0.07993648902441475,0.02320551981006133,0.9197901387083005,0.07613890646418056,1.2327836455418015,0.032872180992016053,0.06387104158278412,0.12571579881901807,1.5923894781962444,1750.157717150294
2026-02-10 18:30:00,10.19499969482422,10.210000038146973,10.103799819946287,10.135000228881836,427180,1h,1H,yfinance,730d,2026-04-02T03:04:46Z,-0.0063725079998784295,-0.0063725079998784295,9.90010094501791,9.867090034484864,9.601328029632569,9.550957012176514,8.531941998004914,9.90010094501791,9.601328029632569,9.550957012176514,8.531941998004914,0.013021940896046488,0.22160036431028773,1326953.15,0.3219254575792672,60.73295968814092,0.10620021820068537,0.2097458702752571,0.020695201335816617,26.606470908985088,32.38324255853247,15.245032822600916,9.867090034484864,0.22160036431028773,10.310290763105439,9.42388930586429,0.08983413084741615,0.16264792330040656,0.14131320144918447,0.021334721851222094,10.295000076293944,9.744999885559082,9.824999809265137,0.024254649824685837,0.06740393375845422,-0.0034414795623937122,0.07305458510874585,0.02312141459057841,0.8950664006625947,0.08046880859640271,1.1163845024472265,0.02372695845915951,0.05558316491241566,0.12533911176115797,1.2089790340860658,1750.157717150294
2026-02-10 19:30:00,10.135000228881836,10.170000076293944,10.0600004196167,10.114999771118164,659510,1h,1H,yfinance,730d,2026-04-02T03:04:46Z,-0.0019734047668471533,-0.0019734047668471533,9.9205674998846,9.90684003829956,9.610128021240234,9.564057006835938,8.546766996383667,9.9205674998846,9.610128021240234,9.564057006835938,8.546766996383667,0.01251473539560027,0.18877030631845518,1232552.3,0.5350766859953935,59.88485578425275,0.10999965667724432,0.2026211407325419,0.020031749413489418,26.959344837712766,31.12750503823221,16.197899003813788,9.90684003829956,0.18877030631845518,10.28438065093647,9.52929942566265,0.07621817071383986,0.1595204526087297,0.14495465168109353,0.01456580092763618,10.295000076293944,9.8100004196167,9.824999809265137,0.030565481768787484,0.05036341130982458,0.02068616820005187,0.08530044016368787,0.023019551026991707,0.8702059127913083,0.08046880859640271,0.94717657740054,0.01959890613473747,0.0525353823343524,0.12441675610280467,1.102714388074569,1750.157717150294
2026-02-10 20:30:00,10.114999771118164,10.18000030517578,10.0649995803833,10.149999618530272,1378598,1h,1H,yfinance,730d,2026-04-02T03:04:46Z,0.003460192605445611,0.003460192605445611,9.942418177850854,9.93609004020691,9.618254013061524,9.57640700340271,8.561866993904113,9.942418177850854,9.618254013061524,9.57640700340271,8.561866993904113,0.011441295800070408,0.17858401405350446,1188158.9,1.160280834491077,60.91349333005399,0.11500072479247869,0.19636253959396596,0.019346063741271294,27.325925505090545,30.189130409661136,15.520300266074566,9.93609004020691,0.17858401405350446,10.29325806831392,9.5789220120999,0.07189307396807207,0.15804426878221456,0.14757257510131774,0.010471693680896815,10.295000076293944,9.8100004196167,9.910099983215332,0.03098012628023117,0.045314065772884105,0.019076263017630213,0.06116048759131543,0.022988310675415832,0.8415609139109281,0.08046880859640271,0.8934278414467043,0.02087836550084532,0.05528504495167641,0.12338278787903834,1.197809218574702,1750.157717150294
2026-02-11 14:30:00,10.34000015258789,10.43000030517578,9.835000038146973,9.885000228881836,1756243,1h,1H,yfinance,730d,2026-04-02T03:04:46Z,-0.02610831523231205,-0.02610831523231205,9.936949801758567,9.949590063095092,9.619654026031494,9.585507001876831,8.575716996192932,9.936949801758567,9.619654026031494,9.585507001876831,8.575716996192932,0.013064617986457082,0.163357154276659,1225203.9,1.433429162280662,50.379936629443804,0.5950002670288068,0.2248366629821689,0.02274523599152226,28.522212627234136,32.42486750353355,12.58655694954654,9.949590063095092,0.163357154276659,10.276304371648411,9.622875754541774,0.0656739235448833,0.1339470877634774,0.1448474776337497,-0.010900389870272281,10.295000076293944,9.824999809265137,9.94499969482422,-0.007809029274454815,0.013326510806337177,-0.028501224217872267,0.02808117152271894,0.02286089507295876,0.9949407457115138,0.08046880859640271,0.8161413681949207,-0.00522791942327594,0.027583757392136476,0.12173174911229023,-0.3953902998571351,1750.157717150294
2026-02-11 15:30:00,9.887499809265137,10.055100440979004,9.854999542236328,10.013500213623049,696352,1h,1H,yfinance,730d,2026-04-02T03:04:46Z,0.01299949233847908,0.01299949233847908,9.944240317174232,9.96401505470276,9.628824024200439,9.595192003250123,8.59030949831009,9.944240317174232,9.628824024200439,9.595192003250123,8.59030949831009,0.013128361192727669,0.155433839889784,1188965.8,0.5856787470253559,54.48967654734749,0.20010089874267578,0.22306982267934797,0.0222769079662942,29.633050669224613,30.34728446212868,11.780088973533847,9.96401505470276,0.155433839889784,10.274882734482327,9.653147374923192,0.062398075087782244,0.12379177848013612,0.14063633780302698,-0.016844559322890862,10.43000030517578,9.824999809265137,9.835000038146973,0.011464707016789477,0.020224212096399796,-0.018284274424464342,0.02966579134567815,0.02251107197890823,0.9895978293333418,0.08046880859640271,0.7754318247800142,0.006964825289791143,0.03995048496636677,0.12089372636627926,0.3183679883053678,1750.157717150294
2026-02-11 16:30:00,10.013799667358398,10.06999969482422,9.960000038146973,10.03499984741211,395852,1h,1H,yfinance,730d,2026-04-02T03:04:46Z,0.0021470647955657007,0.0021470647955657007,9.952884081958793,9.982515048980712,9.64042402267456,9.600391998291016,8.605209498405456,9.952884081958793,9.64042402267456,9.600391998291016,8.605209498405456,0.01300844894687863,0.13999596260893138,1171699.45,0.33784431664621845,55.15886173944283,0.10999965667724787,0.21499338225062653,0.02142435331536855,30.71267553615537,29.733223871036802,11.34957547547996,9.982515048980712,0.13999596260893138,10.262506974198574,9.70252312376285,0.05609646944563363,0.11613967756633237,0.13573700575568806,-0.019597328189355695,10.43000030517578,9.824999809265137,9.835000038146973,0.014148497541361271,0.029758847127620003,-0.009866835639998683,0.038282450803873935,0.022151691742480502,0.9671655584788982,0.08046880859640271,0.6971206660581946,0.008250449294608497,0.04092930184497012,0.12030090893904788,0.37490222898791514,1750.157717150294
2026-02-11 17:30:00,10.03499984741211,10.050000190734863,9.845000267028809,9.885000228881836,614807,1h,1H,yfinance,730d,2026-04-02T03:04:46Z,-0.014947645322481606,-0.014947645322481606,9.946418953094321,9.98626503944397,9.65052402496338,9.60234299659729,8.619509499073029,9.946418953094321,9.65052402496338,9.60234299659729,8.619509499073029,0.01314458755515859,0.1362798563913333,1144977.25,0.536960013834336,49.671228512714464,0.2049999237060547,0.21427956378315713,0.021677244190352017,30.77394746249369,27.701396011112845,14.407434911632908,9.98626503944397,0.1362798563913333,10.258824752226635,9.713705326661303,0.05458691747236903,0.09685513118339806,0.12796063084123008,-0.03110549965783202,10.43000030517578,9.824999809265137,9.835000038146973,-0.01876117956842327,0.022233728117021068,-0.022738462426173944,0.00764524016891599,0.022014740539929935,0.9846695286294302,0.08046880859640271,0.6783611988858165,-0.006174958495326344,0.024296732831494694,0.11961405994172059,-0.7430651399525056,1750.157717150294
2026-02-11 18:30:00,9.884599685668944,9.897100448608398,9.800000190734863,9.824999809265137,532296,1h,1H,yfinance,730d,2026-04-02T03:04:46Z,-0.006069845040710398,-0.006069845040710398,9.934855225110589,9.992265033721925,9.659724025726318,9.603042993545532,8.633309497833253,9.934855225110589,9.659724025726318,9.603042993545532,8.633309497833253,0.01298552562321462,0.1260199182009947,1117118.7,0.47649009903781936,47.62996595694501,0.09710025787353516,0.20590961336104127,0.020957721868540405,30.48362895568201,26.768319234563577,15.483164185532965,9.992265033721925,0.1260199182009947,10.244304870123914,9.740225197319935,0.05044698785538706,0.07585603565830468,0.11753971180464501,-0.04168367614634033,10.43000030517578,9.835000038146973,9.835000038146973,-0.03392332983683999,0.010282717107749306,-0.03201968684528833,0.012364748738014963,0.021881260722557663,0.9577931607448391,0.08046880859640271,0.626913567322808,-0.01105757591391865,0.01710978316757772,0.1188900418953669,-1.3272919618151884,1750.157717150294
2026-02-11 19:30:00,9.829999923706056,9.850000381469728,9.779999732971191,9.78499984741211,588068,1h,1H,yfinance,730d,2026-04-02T03:04:46Z,-0.004071243015730808,-0.004071243015730808,9.9205832843774,9.986765003204345,9.66792402267456,9.605442991256714,8.647459497451782,9.9205832843774,9.66792402267456,9.605442991256714,8.647459497451782,0.012269632238186856,0.13238463820880556,993146.1,0.5921263749613476,46.26495516155889,0.07000064849853693,0.1962018301565767,0.020051285969970373,30.056777372518827,26.086150082471587,15.816718028619437,9.986765003204345,0.13238463820880556,10.251534279621957,9.721995726786734,0.053024032573642826,0.055348416444861215,0.10510145273268826,-0.04975303628782704,10.43000030517578,9.800000190734863,9.800000190734863,-0.01261352188947229,0.004104665194742951,-0.010116376242212621,-0.011116786787539246,0.021739529786595893,0.9223422110230529,0.08046880859640271,0.6589389540932413,-0.013666881581328338,0.01210971708744979,0.11800743623297527,-1.5240828431619007,1750.157717150294
2026-02-11 20:30:00,9.78499984741211,9.817999839782717,9.739999771118164,9.770000457763672,1022748,1h,1H,yfinance,730d,2026-04-02T03:04:46Z,-0.001532896257776084,-0.001532896257776084,9.90624206279514,9.984515047073364,9.679156036376954,9.606943998336792,8.661584498882293,9.90624206279514,9.679156036376954,9.606943998336792,8.661584498882293,0.012149169493624216,0.13562745118612787,962968.3,1.0620785751722044,45.73564610233225,0.07800006866455256,0.18775884719286068,0.019217895434555404,29.33958100393316,25.312086692099445,16.869090387548656,9.984515047073364,0.13562745118612787,10.25576994944562,9.713260144701108,0.05433511814913143,0.03745390972226126,0.09157194413060286,-0.054118034408341606,10.43000030517578,9.779999732971191,9.779999732971191,-0.019076263017630435,0.02036560338203297,-0.02431714691812792,-0.004584729958579503,0.021698393939810774,0.8856828522822459,0.08046880859640271,0.6752320445261375,-0.013753106795477033,0.009385572569064804,0.11748099180074623,-1.5816458057248577,1750.157717150294
2026-02-12 14:30:00,9.710000038146973,9.869999885559082,9.511300086975098,9.829999923706056,1404882,1h,1H,yfinance,730d,2026-04-02T03:04:46Z,0.006141193769822806,0.006141193769822806,9.898980906691419,9.983765029907227,9.69545602798462,9.60959400177002,8.675959498882294,9.898980906691419,9.69545602798462,9.60959400177002,8.675959498882294,0.012208403203259196,0.1364359573734603,1003442.15,1.4000627739227418,48.28445216793131,0.3586997985839844,0.1999689151493695,0.020342717873997527,27.37228872813959,22.06892534109846,22.876820238044495,9.983765029907227,0.1364359573734603,10.256636944654147,9.710893115160307,0.05466312837481832,0.027793454049277244,0.07881624611433774,-0.051022792065060496,10.43000030517578,9.739999771118164,9.739999771118164,-0.03390665951465599,0.0402116531334058,-0.020428492956969913,-0.0015236508802329851,0.021550798752860284,0.9439426402372944,0.08006846979009746,0.6827047965087855,-0.006968493386903418,0.013877005406769394,0.11750821672619205,-1.1270130628414607,1750.157717150294
2026-02-12 15:30:00,9.824999809265137,9.824999809265137,9.460700035095217,9.46500015258789,955506,1h,1H,yfinance,730d,2026-04-02T03:04:46Z,-0.037131207929913757,-0.037131207929913757,9.857649406300606,9.958875036239624,9.698436031341553,9.608894004821778,8.688509500026703,9.857649406300606,9.698436031341553,9.608894004821778,8.688509500026703,0.014310476115321808,0.1772826331231559,934760.15,1.0221937681019029,36.92269627692286,0.36929988861083984,0.21206398468233167,0.02240506933582561,25.836682236544036,19.323779583578542,21.73551982791198,9.958875036239624,0.1772826331231559,10.313440302485935,9.604309769993312,0.0712058872023344,-0.009208804405355764,0.061211236010399045,-0.07042004041575481,10.43000030517578,9.511300086975098,9.511300086975098,-0.07205879121778136,-0.021705429871523574,-0.042488625854230744,-0.04996586020555849,0.021550798752860284,1.0396398571005143,0.07405562234095597,0.9615189900707167,-0.03983193533559326,-0.02406943531918837,0.11623702906830524,-2.785805213693124,1750.157717150294
2026-02-12 16:30:00,9.460100173950195,9.579999923706056,9.300000190734863,9.3149995803833,1615898,1h,1H,yfinance,730d,2026-04-02T03:04:46Z,-0.015847920738128796,-0.015847920738128796,9.805968470498957,9.929625034332275,9.699536018371582,9.6032439994812,8.700459496974945,9.805968470498957,9.699536018371582,9.6032439994812,8.700459496974945,0.014587281209948387,0.2261173009472888,977913.95,1.6523928306779958,33.44019013553583,0.2799997329711932,0.21691653813153608,0.02328680063371621,25.24659936363864,17.542102508936257,25.023171637691622,9.929625034332275,0.2261173009472888,10.381859636226853,9.477390432437698,0.09108795152504737,-0.050060091810289364,0.03895697044626136,-0.08901706225655073,10.43000030517578,9.460700035095217,9.460700035095217,-0.08090780759548177,-0.04399770578672235,-0.051908421250135506,-0.05909091522104715,0.021550798752860284,1.0805539460863611,0.07405562234095597,1.229993735055978,-0.050068373316998316,-0.039644828088677975,0.11483031692107804,-2.718170840418145,1750.157717150294
2026-02-12 17:30:00,9.3149995803833,9.369999885559082,9.140000343322754,9.274999618530272,1557097,1h,1H,yfinance,730d,2026-04-02T03:04:46Z,-0.0042941453199060176,-0.0042941453199060176,9.755400008406701,9.898624992370605,9.698836002349854,9.597614994049072,8.71270949602127,9.755400008406701,9.698836002349854,9.597614994049072,8.71270949602127,0.014579114201986152,0.2674599219913731,1029019.95,1.5131844625558524,32.55830580533211,0.22999954223632812,0.21785103842473552,0.02348798354551916,25.391152286078192,16.219220999726858,28.382172879129413,9.898624992370605,0.2674599219913731,10.43354483635335,9.36370514838786,0.10807962608847925,-0.0846864809869281,0.014228280159623468,-0.09891476114655157,10.43000030517578,9.300000190734863,9.300000190734863,-0.08304499966340928,-0.05501782831782254,-0.0521206169478603,-0.06265798994955518,0.021550798752860284,1.0898892340313728,0.07405562234095597,1.4594384959844775,-0.049244560906005375,-0.04369971651411508,0.11318253027705172,-2.331659148021618,1750.157717150294
2026-02-12 18:30:00,9.279999732971191,9.369999885559082,9.234999656677246,9.3100004196167,837200,1h,1H,yfinance,730d,2026-04-02T03:04:46Z,0.003773671431371417,0.003773671431371417,9.71298099995051,9.860424995422363,9.703556003570556,9.592065000534058,8.724187498092652,9.71298099995051,9.703556003570556,9.592065000534058,8.724187498092652,0.013853413630245476,0.29302165198768315,1004803.3,0.833197900524411,34.193666930369716,0.13500022888183594,0.21193312345738555,0.02276402942053906,25.52537999977206,15.481252844109775,27.090795212324757,9.860424995422363,0.29302165198768315,10.44646829939773,9.274381691446997,0.11886775757585145,-0.10805824357726301,-0.010229024587753828,-0.09782921898950919,10.43000030517578,9.140000343322754,9.140000343322754,-0.08275854487521694,-0.025641012845009303,-0.04708290855620545,-0.0758387841741569,0.021550798752860284,1.0562963202242215,0.07405562234095597,1.6051145587377291,-0.04148886735553836,-0.040557872166558595,0.11225899325203881,-1.8784433575877886,1750.157717150294
2026-02-12 19:30:00,9.3100004196167,9.395000457763672,9.255000114440918,9.3100004196167,1044966,1h,1H,yfinance,730d,2026-04-02T03:04:46Z,0.0,0.0,9.674601897061576,9.817425012588501,9.704956016540528,9.586515007019043,8.735412499904633,9.674601897061576,9.704956016540528,9.586515007019043,8.735412499904633,0.013545900235766207,0.3071957261382211,977001.55,1.0695643215714448,34.193666930369716,0.1400003433227539,0.2067950677334833,0.022212143760783766,25.460295825219173,15.596161811324603,25.78076098645326,9.817425012588501,0.3071957261382211,10.431816464864943,9.20303356031206,0.12516346220900723,-0.12513802060869672,-0.03321082379194241,-0.09192719681675432,10.43000030517578,9.140000343322754,9.140000343322754,-0.05816892220043779,-0.015335748837586705,-0.052899237856078196,-0.0845624041519808,0.021698393939810774,1.0236768593287633,0.07405562234095597,1.6901277479344927,-0.037686457936384476,-0.040696278916740214,0.11099000953263283,-1.6517957438753192,1750.157717150294
2026-02-12 20:30:00,9.3100004196167,9.335200309753418,9.21500015258789,9.270000457763672,1558607,1h,1H,yfinance,730d,2026-04-02T03:04:46Z,-0.004296451133207757,-0.004296451133207757,9.636068426652251,9.785425043106079,9.700956020355225,9.58019500732422,8.74613750219345,9.636068426652251,9.700956020355225,9.58019500732422,8.74613750219345,0.012640488712650447,0.3284819527308015,990803.4,1.5730739317204603,33.128927033311044,0.12020015716552734,0.2006097169786293,0.021640745099491085,25.586772199515114,14.92867488014928,26.10162019950501,9.785425043106079,0.3284819527308015,10.442388948567682,9.128461137644475,0.13427396409815448,-0.14028441813887937,-0.0546255426613298,-0.08565887547754958,10.43000030517578,9.140000343322754,9.140000343322754,-0.07424973685503788,-0.011727042146609024,-0.020602186125787125,-0.06458117048463596,0.02165899464492155,0.9991574149340886,0.07405562234095597,1.813150168125657,-0.03798934925327824,-0.04442403013551366,0.10917030722674026,-1.5691108173751305,1750.157717150294
2026-02-13 14:30:00,9.15999984741211,9.470000267028809,9.130000114440918,9.458000183105469,1144292,1h,1H,yfinance,730d,2026-04-02T03:04:46Z,0.02028044401921747,0.02028044401921747,9.619109546314462,9.760325050354004,9.70031602859497,9.57662501335144,8.757802503108978,9.619109546314462,9.70031602859497,9.57662501335144,8.757802503108978,0.013544288706392571,0.3333270378117129,1012507.0,1.1301571248396307,42.2334392600311,0.3400001525878906,0.21056617666500513,0.022263287437986407,24.68743868668245,17.77957501841379,23.09118051216162,9.760325050354004,0.3333270378117129,10.426979125977429,9.093670974730578,0.13660489219039806,-0.1355554418957876,-0.07081152250822137,-0.06474391938756624,10.43000030517578,9.140000343322754,9.140000343322754,-0.05749872178178872,0.009930636867084619,0.015351648863550782,-0.05040159167859792,0.02165899464492155,1.0279003159182436,0.07405562234095597,1.844625537835088,-0.01674888537585284,-0.024980201137281943,0.10761986527458278,-0.9069917317037739,1750.157717150294
2026-02-13 15:30:00,9.454999923706056,9.489999771118164,9.364999771118164,9.4350004196167,492119,1h,1H,yfinance,730d,2026-04-02T03:04:46Z,-0.0024317787104565225,-0.0024317787104565225,9.601575343771819,9.723325061798096,9.701416034698486,9.57207501411438,8.769127504825592,9.601575343771819,9.701416034698486,9.57207501411438,8.769127504825592,0.012370212919120398,0.3262390950651347,990656.2,0.49676063199321824,41.48921394719146,0.125,0.20445430690321906,0.021669771892975188,23.71059588956761,17.701843200855055,22.08278280366793,9.723325061798096,0.3262390950651347,10.375803251928366,9.070846871667827,0.13420886085435654,-0.13214035113582234,-0.08307728823374157,-0.049063062902080776,10.43000030517578,9.130000114440918,9.130000114440918,-0.045523500136128936,0.006400044759114598,0.01725076093445499,-0.07272724886943904,0.021655258496233135,1.0006702019624738,0.07405562234095597,1.8122710553488013,-0.017348707705883926,-0.027461518414313324,0.10631485622256731,-0.8837832330421105,1750.157717150294
2026-02-13 16:30:00,9.4350004196167,9.545000076293944,9.420000076293944,9.494999885559082,633215,1h,1H,yfinance,730d,2026-04-02T03:04:46Z,0.006359243590242425,0.006359243590242425,9.59142530013251,9.688075065612793,9.70371603012085,9.571575012207031,8.780877504348755,9.59142530013251,9.70371603012085,9.571575012207031,8.780877504348755,0.012495781766643548,0.3105399547231321,965771.8,0.655656957471734,44.24920546282791,0.125,0.19877899926727485,0.02093512392449812,22.41148822642884,18.88309047603736,21.090888768931045,9.688075065612793,0.3105399547231321,10.309154975059057,9.066995156166529,0.1282153379778709,-0.12317255509616132,-0.09109634160622553,-0.03207621348993579,10.43000030517578,9.130000114440918,9.130000114440918,-0.033587779146301844,0.031123769600713613,0.019871048077782838,-0.06911764087149008,0.021655258496233135,0.9667455102482254,0.07405562234095597,1.731338336305659,-0.010053293598824786,-0.02150888833864284,0.10509638988985515,-0.6217402209189179,1750.157717150294
2026-02-13 17:30:00,9.494999885559082,9.550000190734863,9.30500030517578,9.350000381469728,625489,1h,1H,yfinance,730d,2026-04-02T03:04:46Z,-0.01527114332143209,-0.01527114332143209,9.568432450736054,9.648825073242188,9.703016033172608,9.57042501449585,8.79237750530243,9.568432450736054,9.703016033172608,9.57042501449585,8.79237750530243,0.012746205636688678,0.30103508284437774,975687.25,0.6410753035872919,39.41091291018764,0.2449998855590838,0.20208049114526122,0.021612885871721874,21.881196236729565,17.24783153985385,23.32928671097286,9.648825073242188,0.30103508284437774,10.250895238930944,9.046754907553431,0.12479657598071667,-0.1263097402335145,-0.09813902133168333,-0.028170718901831163,10.43000030517578,9.130000114440918,9.130000114440918,-0.04445574580743894,0.03716029122451481,0.004296451133207979,-0.07745434925349914,0.021655258496233135,0.9980433101494203,0.07405562234095597,1.6851735497697484,-0.02282840688806065,-0.036382053837280215,0.10357136364094899,-0.9926573638825316,1750.157717150294
2026-02-13 18:30:00,9.350000381469728,9.404999732971191,9.21500015258789,9.244999885559082,1259436,1h,1H,yfinance,730d,2026-04-02T03:04:46Z,-0.011229999104464317,-0.011229999104464317,9.53762934929063,9.605325078964233,9.694816036224365,9.568225011825561,8.804477505683899,9.53762934929063,9.694816036224365,9.568225011825561,8.804477505683899,0.012834122338496361,0.2932876885658801,1005683.55,1.2523183858381695,36.31438592353374,0.18999958038330078,0.20121756894797835,0.021765015839782232,21.86155042285833,16.084527569846372,24.95065200971828,9.605325078964233,0.2932876885658801,10.191900456095993,9.018749701832473,0.12213545555399616,-0.13570432951367373,-0.10565208296808141,-0.030052246545592312,10.43000030517578,9.130000114440918,9.130000114440918,-0.05373598235478083,-0.007621307352771889,-0.0026969332222256392,-0.08601086557048021,0.021673508041663604,1.0042221036826489,0.08149051274655972,1.4987690154048312,-0.030681572224581344,-0.04639759526994214,0.10112338068507665,-1.2285725158361447,1750.157717150294
2026-02-13 19:30:00,9.244999885559082,9.335000038146973,9.21500015258789,9.289999961853027,513705,1h,1H,yfinance,730d,2026-04-02T03:04:46Z,0.004867504256461652,0.004867504256461652,9.514045598106096,9.56232509613037,9.68711603164673,9.566725015640259,8.81630250453949,9.514045598106096,9.68711603164673,9.566725015640259,8.81630250453949,0.012880817011274784,0.2725924586486036,962438.9,0.5337533634602675,38.54300715476184,0.11999988555908203,0.19541630584877148,0.021035124504972854,21.843307881406467,15.379022227849855,23.856257523917385,9.56232509613037,0.2725924586486036,10.107510013427579,9.017140178833163,0.11402768925265473,-0.13792852494888486,-0.1121073713642421,-0.02582115358464275,10.43000030517578,9.130000114440918,9.130000114440918,-0.05493387243582415,0.003239711903853193,-0.01776276358638007,-0.08472903339889715,0.021673508041663604,0.9705454449061238,0.0995837888067633,1.145042688362852,-0.02354893446145223,-0.04099425138466062,0.0987730997953915,-0.9990193258735569,1750.157717150294
2026-02-13 20:30:00,9.289999961853027,9.380000114440918,9.281499862670898,9.359999656677246,847954,1h,1H,yfinance,730d,2026-04-02T03:04:46Z,0.007534951034623649,0.007534951034623649,9.499374556065252,9.536075067520141,9.683916015625,9.565525016784669,8.828577501773834,9.499374556065252,9.683916015625,9.565525016784669,8.828577501773834,0.012100439573158211,0.2654400151027333,917024.45,0.9246798163342319,41.94624882246279,0.09850025177001953,0.18849373055743207,0.020138219815314225,21.451151523919364,16.510234564706806,22.965796921386588,9.536075067520141,0.2654400151027333,10.066955097725607,9.005195037314675,0.1113414117331444,-0.13251527192839774,-0.11618895147707324,-0.016326320451324497,10.43000030517578,9.130000114440918,9.21500015258789,-0.011093554592488397,0.005370487089903397,-0.007949206105334783,-0.053110830556245325,0.021655258496233135,0.9299459444835169,0.10971051891081182,1.0148654189089963,-0.014672007990148894,-0.0334489021202905,0.09688293654094471,-0.6633340899063327,1750.157717150294
2026-02-17 14:30:00,9.300000190734863,9.359999656677246,8.760000228881836,8.845000267028809,1971572,1h,1H,yfinance,730d,2026-04-02T03:04:46Z,-0.05502130433103669,-0.05502130433103669,9.437053195204639,9.47765007019043,9.66871603012085,9.559725017547608,8.838216001987456,9.437053195204639,9.66871603012085,9.559725017547608,8.838216001987456,0.01611641608675557,0.28200603148142184,980785.45,2.010197031369093,29.154655389107674,0.5999994277954102,0.2178869946458591,0.024633916118473015,23.179823602695137,13.262767648692138,35.54456458866616,9.47765007019043,0.28200603148142184,10.041662133153274,8.913638007227586,0.1190193895714302,-0.16784654612158612,-0.12652047040597583,-0.04132607571561028,10.06999969482422,9.130000114440918,9.21500015258789,-0.050456181913767995,-0.025236949801987207,-0.068457043324335,-0.11669245734918277,0.021655258496233135,1.137548929409363,0.11268455049289956,1.0562174588337183,-0.06273705529991891,-0.08519391411702737,0.09396693042426629,-2.2433910361356917,1750.157717150294
2026-02-17 15:30:00,8.845000267028809,8.880000114440918,8.550000190734863,8.725000381469727,3380748,1h,1H,yfinance,730d,2026-04-02T03:04:46Z,-0.01356697365023285,-0.01356697365023285,9.369238641515599,9.41215009689331,9.658266029357911,9.553075017929077,8.84766600370407,9.369238641515599,9.658266029357911,9.553075017929077,8.84766600370407,0.016080545071974026,0.29669731087101847,1130030.25,2.991732300971589,27.08224845117381,0.3299999237060547,0.22589506100730164,0.025890550272875703,25.296931527211232,11.87884049853569,38.47585621551233,9.41215009689331,0.29669731087101847,10.005544718635347,8.818755475151272,0.12609119396383203,-0.20318760314236783,-0.14185389695325423,-0.0613337061891136,10.06999969482422,8.760000228881836,8.760000228881836,-0.05929911155594192,-0.055735866061186634,-0.06684491705889728,-0.1305430479184525,0.021673508041663604,1.194571281359047,0.1164477234142531,1.0828137319204867,-0.06876100446318212,-0.09662869557034026,0.09161738534371477,-2.315995764863214,1750.157717150294
2026-02-17 16:30:00,8.725000381469727,8.890000343322754,8.664999961853027,8.890000343322754,927555,1h,1H,yfinance,730d,2026-04-02T03:04:46Z,0.018911169586130594,0.018911169586130594,9.323596898830566,9.362400102615357,9.651166038513184,9.547525024414062,8.857991006374359,9.323596898830566,9.651166038513184,9.547525024414062,8.857991006374359,0.01689910638838869,0.2966595493811874,1145667.65,0.8096196135065873,34.026484098144465,0.22500038146972656,0.22583115532604628,0.025402828639446255,27.18949398517126,11.34977242648426,35.73769095933553,9.362400102615357,0.2966595493811874,9.955719201377732,8.769081003852982,0.12674508507634352,-0.21539854712031925,-0.15656282698666724,-0.058835720133652014,10.050000190734863,8.550000190734863,8.550000190734863,-0.04511278811641961,-0.06124603034335796,-0.03839908562798866,-0.10065754805466842,0.02171739386637871,1.16969967924066,0.11894357357364083,1.0655900211193217,-0.04650528762801798,-0.07886774428633614,0.08954344518616497,-1.5923969421446185,1750.157717150294
2026-02-17 17:30:00,8.890000343322754,8.9399995803833,8.8100004196167,8.854999542236328,727131,1h,1H,yfinance,730d,2026-04-02T03:04:46Z,-0.00393709783292806,-0.00393709783292806,9.278968579154924,9.313900089263916,9.637766036987305,9.541025018692016,8.86811600446701,9.278968579154924,9.637766036987305,9.541025018692016,8.86811600446701,0.016899661973041113,0.2963570126519435,1155409.4,0.629327578605471,33.30198128234137,0.12999916076660156,0.2189860128575145,0.024730211651960137,28.56841023557216,12.499377100750781,34.22230721018757,9.313900089263916,0.2963570126519435,9.906614114567802,8.72118606396003,0.12727515211100546,-0.22530292841910793,-0.17031084727315537,-0.054992081145952554,9.897100448608398,8.550000190734863,8.550000190734863,-0.048872272489017154,-0.06691256524730316,-0.046824587879754076,-0.09872776446408504,0.021988579800283,1.1246843532678654,0.12057742256271317,1.0555471281931637,-0.045691396980375165,-0.08121866537815059,0.08678844888052994,-1.5484720368893155,1750.157717150294
2026-02-17 18:30:00,8.859999656677246,8.895000457763672,8.675000190734863,8.6899995803833,873729,1h,1H,yfinance,730d,2026-04-02T03:04:46Z,-0.018633537027982316,-0.018633537027982316,9.222876293557626,9.259150075912476,9.622166023254394,9.531975011825562,8.876893501281739,9.222876293557626,9.622166023254394,9.531975011825562,8.876893501281739,0.017154105459932515,0.3052798030147294,1169692.45,0.7469732748980299,30.053309421182163,0.2200002670288086,0.21905845958403553,0.02520810933967539,30.2009961153841,11.602725942920715,36.169310690099735,9.259150075912476,0.3052798030147294,9.869709681941934,8.648590469883018,0.13188243003379296,-0.24365760669653014,-0.18498019915783034,-0.058677407538699794,9.869999885559082,8.550000190734863,8.550000190734863,-0.06256751334835342,-0.0735608236289178,-0.07158120735784212,-0.11190600757325608,0.02223771559938509,1.1335745898455702,0.12346601576735641,1.0681678615295676,-0.05777771448008584,-0.09687698597366512,0.08395645637351001,-1.864356861831815,1750.157717150294
2026-02-17 19:30:00,8.694999694824219,8.770000457763672,8.630000114440918,8.675000190734863,1190689,1h,1H,yfinance,730d,2026-04-02T03:04:46Z,-0.0017260518265498348,-0.0017260518265498348,9.170697617098314,9.204400062561035,9.606766033172608,9.523825016021728,8.885443501472473,9.170697617098314,9.606766033172608,9.523825016021728,8.885443501472473,0.017151773537816856,0.30693866317638246,1178089.5,1.010694858073177,29.769010896381957,0.1400003433227539,0.21341145127965827,0.024600743122471343,31.828062905432677,11.05904591418863,35.98063816453379,9.204400062561035,0.30693866317638246,9.8182773889138,8.59052273620827,0.13338779761425543,-0.2564578602853089,-0.19927573138332608,-0.05718212890198285,9.869999885559082,8.550000190734863,8.550000190734863,-0.08278705616534598,-0.07515990566148034,-0.019219906293010403,-0.11207781123067129,0.02233417838690601,1.1014841332553413,0.12498001909486195,1.0672729815556503,-0.05405231390894927,-0.09699058343050249,0.08118025077539448,-1.7247741498175222,1750.157717150294
2026-02-17 20:30:00,8.670000076293945,8.81980037689209,8.664999961853027,8.774999618530273,1472777,1h,1H,yfinance,730d,2026-04-02T03:04:46Z,0.01152731130798279,0.01152731130798279,9.133012093425167,9.151650047302246,9.59336603164673,9.51882501602173,8.894993500709534,9.133012093425167,9.59336603164673,9.51882501602173,8.894993500709534,0.01737757314234835,0.2847441950174927,1181484.25,1.2465481448440807,34.23565561316242,0.1548004150390625,0.2092249486910443,0.023843300032654294,32.9372627446342,12.174744262454777,34.079124385059956,9.151650047302246,0.2847441950174927,9.721138437337231,8.58216165726726,0.12445589311030553,-0.2555867899648021,-0.2105379430996213,-0.04504884686518082,9.869999885559082,8.550000190734863,8.550000190734863,-0.06995238704114848,-0.06499739962438345,0.005730571332321688,-0.10732454866368224,0.022584549378182335,1.0557350351956973,0.12498001909486195,0.9958063217756544,-0.03919982490252327,-0.08530545070591666,0.0785129894565395,-1.3227677169988787,1750.157717150294
2026-02-18 14:30:00,8.920000076293945,9.225000381469728,8.819999694824219,9.210000038146973,2055430,1h,1H,yfinance,730d,2026-04-02T03:04:46Z,0.049572699547257404,0.049572699547257404,9.140344278636768,9.1389000415802,9.591166038513183,9.521375017166138,8.906668500900269,9.140344278636768,9.591166038513183,9.521375017166138,8.906668500900269,0.019618036863169448,0.2760027456343515,1236480.45,1.6623230880844093,49.33177064970205,0.4500007629394549,0.22642322113735935,0.024584497307224236,31.40305140892183,23.22906106512452,29.241271278275406,9.1389000415802,0.2760027456343515,9.690905532848904,8.586894550311497,0.12080348592438626,-0.2172907693173194,-0.21188850834316092,-0.005402260974158468,9.824999809265137,8.550000190734863,8.630000114440918,-0.030015782079741204,-0.046090078418601466,0.03599546484433702,-0.026941374572635013,0.023025415027127634,1.0677113649530205,0.12498001909486195,0.9665823929238991,0.007620693202225137,-0.039741361877757564,0.07685225261765694,0.25760612055999527,1750.157717150294
2026-02-18 15:30:00,9.21500015258789,9.404999732971191,9.210000038146973,9.28499984741211,1115183,1h,1H,yfinance,730d,2026-04-02T03:04:46Z,0.008143301732301156,0.008143301732301156,9.154120999472514,9.137400054931641,9.58556604385376,9.525175018310547,8.918520500659943,9.154120999472514,9.58556604385376,9.525175018310547,8.918520500659943,0.01941640447585038,0.2751217383679951,1211444.7,0.9205397489460312,51.40305094185956,0.19499969482421875,0.2241786835435636,0.024144177407396092,29.172526088405952,27.521005814117654,27.424468307472793,9.137400054931641,0.2751217383679951,9.68764353166763,8.587156578195652,0.12043764603236602,-0.17882762568555144,-0.20527633181163904,0.0264487061260876,9.579999923706056,8.550000190734863,8.630000114440918,-0.006951928492584858,-0.04031011221025427,0.04856017249066791,-0.003220583394804244,0.02312600648302911,1.0440270967282725,0.12498001909486195,0.9636552058849648,0.014297259993301115,-0.03135612389154341,0.07479329594459716,0.5364890224815426,1750.157717150294
2026-02-18 16:30:00,9.289999961853027,9.53499984741211,9.289999961853027,9.505000114440918,1209895,1h,1H,yfinance,730d,2026-04-02T03:04:46Z,0.023694159466262743,0.023694159466262743,9.187538058040934,9.148900079727174,9.583366050720215,9.529475021362305,8.93159550189972,9.187538058040934,9.583366050720215,9.529475021362305,8.93159550189972,0.020052642071684192,0.28525344615756026,1194084.6,1.013240602885256,56.960982860822334,0.25,0.2260230632904519,0.02377938564640896,27.636729107875187,29.454993024307214,25.257775045208632,9.148900079727174,0.28525344615756026,9.719406972042295,8.578393187412052,0.12471595215676116,-0.12910488358217442,-0.19004204216574613,0.06093715858357171,9.550000190734863,8.550000190734863,8.630000114440918,0.028123335002736116,-0.0015756662396503307,0.09378602685981585,0.02479789815313138,0.02327170753347401,1.0218152497922512,0.12498001909486195,0.9978871267582352,0.03455355007995209,-0.00817728717285171,0.07297358559082379,1.2483636552353934,1750.157717150294
2026-02-18 17:30:00,9.508000373840332,9.56999969482422,9.460000038146973,9.505000114440918,1065948,1h,1H,yfinance,730d,2026-04-02T03:04:46Z,0.0,0.0,9.217772539602837,9.158650064468384,9.578966045379639,9.5332790184021,8.944320502281188,9.217772539602837,9.578966045379639,9.5332790184021,8.944320502281188,0.020047431671017052,0.2937978252180242,1205522.0,0.8842211091958504,56.96098286082233,0.10999965667724787,0.2177356771037945,0.022907488109651816,26.351151245501953,29.540268642027435,24.346333567056178,9.158650064468384,0.2937978252180242,9.746245714904433,8.571054414032336,0.12831490368120219,-0.08867703853158204,-0.16976904143891333,0.08109200290733129,9.550000190734863,8.550000190734863,8.630000114440918,0.02314318121321124,-0.010411185066243833,0.09567722253107469,0.02094518646995369,0.023343436878030387,0.9813245679864363,0.12562732808641963,1.0213932401151902,0.031160193376875922,-0.00772170300931363,0.07095514331542452,1.1788720686258012,1750.157717150294
2026-02-18 18:30:00,9.510000228881836,9.539999961853027,9.385000228881836,9.454999923706056,851059,1h,1H,yfinance,730d,2026-04-02T03:04:46Z,-0.005260409272262567,-0.005260409272262567,9.240365623803143,9.165900039672852,9.5747660446167,9.53367901802063,8.958220500946044,9.240365623803143,9.5747660446167,9.53367901802063,8.958220500946044,0.02009640772374269,0.29918291297416805,1195826.65,0.7116909461751836,55.29411583434811,0.1549997329711914,0.21325453823718,0.022554684289578613,24.790375197089613,28.00664401898958,25.59444156432657,9.165900039672852,0.29918291297416805,9.764265865621189,8.567534213724516,0.13056346313148173,-0.05998085561858346,-0.14781140427484737,0.08783054865626391,9.56999969482422,8.550000190734863,8.664999961853027,0.01014960155057687,0.022438442246424772,0.0774929156395423,0.015574596944575303,0.023343436878030387,0.9662109486031123,0.1264181395200878,1.0327905759974838,0.02322790121529561,-0.01250851669404296,0.06882455545781041,0.9662981122794454,1750.157717150294
2026-02-18 19:30:00,9.460000038146973,9.515000343322754,9.414999961853027,9.494999885559082,1044773,1h,1H,yfinance,730d,2026-04-02T03:04:46Z,0.004230561837735847,0.004230561837735847,9.264616505875138,9.177150011062622,9.568466033935547,9.533829021453858,8.971920499801636,9.264616505875138,9.568466033935547,9.533829021453858,8.971920499801636,0.020070467583482653,0.3070135894960037,1170134.95,0.8928653912952519,56.39349464990763,0.10000038146972656,0.20516495561093331,0.02160768384241564,23.341083152135297,27.031583635001056,24.70336279020558,9.177150011062622,0.3070135894960037,9.79117719005463,8.563122832070615,0.1338165287157399,-0.033623668566065135,-0.12497385713309093,0.0913501885670258,9.56999969482422,8.630000114440918,8.819999694824219,0.07348780089394169,0.027041644466703207,0.030944608711364507,0.02427178173513167,0.023343436878030387,0.9256427815370947,0.1264181395200878,1.0585231614999089,0.02486701738143693,-0.007677944209229515,0.06649028311687566,1.0352957828943181,1750.157717150294
2026-02-18 20:30:00,9.494999885559082,9.59000015258789,9.494999885559082,9.53499984741211,2054718,1h,1H,yfinance,730d,2026-04-02T03:04:46Z,0.004212739582426295,0.004212739582426295,9.29036730030723,9.180999994277954,9.565066032409668,9.536779022216797,8.985695497989655,9.29036730030723,9.565066032409668,9.536779022216797,8.985695497989655,0.019615139988351724,0.3109686577075015,1215656.25,1.6902130022364463,57.51853183355556,0.0950002670288086,0.1972960492836387,0.020691772673408774,22.346967376902256,28.817142979840764,23.853723714417793,9.180999994277954,0.3109686577075015,9.802937309692958,8.55906267886295,0.13548356732439276,-0.00939939493190245,-0.10185896469285324,0.0924595697609508,9.56999969482422,8.630000114440918,9.210000038146973,0.09283661094877083,0.0010498928380409112,0.026925148530797083,0.008141220428836915,0.023343436878030387,0.8864064354158054,0.1264181395200878,1.0717098656784494,0.02633184880610595,-0.003143332716751157,0.06447698283896153,1.1383779180316271,1750.157717150294
2026-02-19 14:30:00,9.479999542236328,10.100000381469728,9.390000343322754,10.029999732971191,3001085,1h,1H,yfinance,730d,2026-04-02T03:04:46Z,0.05191398987734952,0.05191398987734952,9.360808484370464,9.210749959945678,9.567766017913819,9.542329015731811,9.002170495986938,9.360808484370464,9.567766017913819,9.542329015731811,9.002170495986938,0.022551573183957983,0.3586511712383221,1341104.55,2.237771096966303,68.38780400361459,0.7100000381469744,0.23391776277387696,0.02332181146575,23.196940255634782,38.14271898907519,18.68214285431752,9.210749959945678,0.3586511712383221,9.928052302422323,8.493447617469034,0.15575329817787711,0.04917402280250549,-0.0716523671937815,0.12082638999628699,9.59000015258789,8.630000114440918,9.289999961853027,0.12823389714542444,0.05913404964645075,0.05523404652385455,0.06306298748195127,0.02355059855607948,0.9902852961556503,0.1264181395200878,1.2320486503689447,0.07148861657815786,0.0483115613605023,0.06282879469779168,2.284252328514286,1750.157717150294
2026-02-19 15:30:00,10.039999961853027,10.255000114440918,10.020000457763672,10.149800300598145,1649034,1h,1H,yfinance,730d,2026-04-02T03:04:46Z,0.01194422440841536,0.01194422440841536,9.435950562106434,9.243489980697632,9.574462032318115,9.548777017593384,9.018969497680665,9.435950562106434,9.574462032318115,9.548777017593384,9.018969497680665,0.02262199567103439,0.40940155077282725,1391895.5,1.1847398026647833,70.36412361987223,0.2349996566772461,0.23399504090983192,0.023054152198052822,24.372807904516606,40.138013847991324,17.34197490530907,9.243489980697632,0.40940155077282725,10.062293082243286,8.424686879151977,0.1771631933945921,0.10406122986605837,-0.03650964778181353,0.1405708776478719,10.100000381469728,8.630000114440918,9.385000228881836,0.1462225663802592,0.07462155940144166,0.0678379987789357,0.06896265644351884,0.02355059855607948,0.9789200110203355,0.1264181395200878,1.4014064284377554,0.07565212786917708,0.06009092378642311,0.061591574822412065,2.2137442278605706,1750.157717150294
2026-02-19 16:30:00,10.149999618530272,10.204999923706056,10.0649995803833,10.1850004196167,1428476,1h,1H,yfinance,730d,2026-04-02T03:04:46Z,0.0034680602549865824,0.0034680602549865824,9.507288643774078,9.285239982604981,9.581262035369873,9.55567702293396,9.036145000457763,9.507288643774078,9.581262035369873,9.55567702293396,9.036145000457763,0.022205415106704863,0.45784433945608505,1432044.85,0.9975078643661195,70.93901109062641,0.14000034332275568,0.22728113393932647,0.022315279781586886,25.464685007049727,38.37200223132215,16.578954361872444,9.285239982604981,0.45784433945608505,10.200928661517151,8.36955130369281,0.19723532846272718,0.14868613116387053,0.0005295080073232821,0.14815662315654723,10.255000114440918,8.664999961853027,9.385000228881836,0.17203692881737243,0.07834841172075335,0.07720787961936937,0.08930481327057627,0.02355059855607948,0.9475461835268852,0.1270101185936745,1.5529103558568766,0.07128339122073735,0.06301240713572853,0.06032628237865767,1.9652103552937343,1750.157717150294
2026-02-19 17:30:00,10.18000030517578,10.21500015258789,10.095000267028809,10.104999542236328,1049558,1h,1H,yfinance,730d,2026-04-02T03:04:46Z,-0.007854774087813099,-0.007854774087813099,9.564213491246674,9.328239965438843,9.584106025695801,9.560427017211914,9.052519998550416,9.564213491246674,9.584106025695801,9.560427017211914,9.052519998550416,0.02209754439043151,0.4912145805634252,1421550.95,0.7383189466406392,67.72357242650111,0.11999988555908203,0.21961818762645188,0.021733616781327274,26.504955156435884,37.19963868945844,15.931898719007052,9.328239965438843,0.4912145805634252,10.310669126565694,8.345810804311993,0.21063548209882105,0.17557239545330816,0.03553808549652026,0.1400343099567879,10.255000114440918,8.819999694824219,9.390000343322754,0.16484142017988002,0.08422745419702649,0.0642443037419087,0.09302321982941142,0.02355059855607948,0.922847745443686,0.1277950278961038,1.6482290865812539,0.05654265784474499,0.05434972392249904,0.0587224360985128,1.5813039912344176,1750.157717150294
2026-02-19 18:30:00,10.101300239562988,10.104999542236328,9.899999618530272,9.925000190734863,1286692,1h,1H,yfinance,730d,2026-04-02T03:04:46Z,-0.017812900510199237,-0.017812900510199237,9.59857412929317,9.359989976882934,9.584606037139892,9.562577018737793,9.067894999980927,9.59857412929317,9.584606037139892,9.562577018737793,9.067894999980927,0.022635324723371424,0.5079534667294408,1460200.3,0.8811750004434323,61.02164272187789,0.20499992370605646,0.21857402591785222,0.022022571457670535,26.331616567415633,34.707536574002035,21.237073201589098,9.359989976882934,0.5079534667294408,10.375896910341815,8.344083043424053,0.21707436353413673,0.18027738478590294,0.06448594535439679,0.11579143943150615,10.255000114440918,9.210000038146973,9.390000343322754,0.13105420195986328,0.037637284489785205,0.04090197688137387,0.06835309273297097,0.02355059855607948,0.9351172712332404,0.12943918340634197,1.6770374922150584,0.0340077658457103,0.03551467345407411,0.05698246805460938,1.1123267205751337,1750.157717150294
2026-02-19 19:30:00,9.925000190734863,10.135000228881836,9.925000190734863,10.045000076293944,1057579,1h,1H,yfinance,730d,2026-04-02T03:04:46Z,0.012090668337830568,0.012090668337830568,9.641090886150385,9.39423999786377,9.587606029510498,9.565477018356324,9.0834450006485,9.641090886150385,9.587606029510498,9.565477018356324,9.0834450006485,0.02269694804423016,0.5294389504327558,1470681.55,0.7191080897152752,63.60728833529798,0.21000003814697266,0.21796159821993225,0.02169851633294842,26.2711092149797,33.30213981243587,19.775548976717005,9.39423999786377,0.5294389504327558,10.45311789872928,8.335362096998258,0.2254313070788691,0.19148182730149976,0.0898851217438174,0.10159670555768237,10.255000114440918,9.289999961853027,9.390000343322754,0.09066232732773916,0.044721821675693496,0.0014955477290234942,0.07318380819897041,0.02355059855607948,0.9213573184256519,0.13122294658263733,1.7179259645484661,0.04189455269255693,0.04770680453239251,0.05550328414230554,1.2291503636033057,1750.157717150294
2026-02-19 20:30:00,10.050000190734863,10.109999656677246,9.859999656677246,9.890000343322754,1779237,1h,1H,yfinance,730d,2026-04-02T03:04:46Z,-0.015430535768435338,-0.015430535768435338,9.664796548738229,9.446490001678466,9.583926029205323,9.566227025985718,9.096626002788543,9.664796548738229,9.583926029205323,9.566227025985718,9.096626002788543,0.018887744191879646,0.5241958043010255,1461064.8,1.2177673433786098,58.23381030705094,0.25,0.2202500554899371,0.022269974503958352,25.843587086600767,30.602112941812077,20.280224108716677,9.446490001678466,0.5241958043010255,10.494881610280517,8.398098393076415,0.22196426575707406,0.1857134565305305,0.10905078870116003,0.07666266782937048,10.255000114440918,9.385000228881836,9.899999618530272,0.06515891285440012,0.016966576388770305,-0.02559655851160736,0.11814585016908974,0.023187981831901412,0.9604102101425623,0.1326351138240242,1.673495497214778,0.023301452177379334,0.03193621415531833,0.05356931528980069,0.8460776259658821,1750.157717150294
2026-02-20 14:30:00,9.899999618530272,9.960000038146973,9.699999809265137,9.835000038146973,961755,1h,1H,yfinance,730d,2026-04-02T03:04:46Z,-0.005561203565873973,-0.005561203565873973,9.681006404872395,9.50198998451233,9.577226028442382,9.567127027511596,9.109026002883912,9.681006404872395,9.577226028442382,9.567127027511596,9.109026002883912,0.018555513041930115,0.5032103257790222,1340115.15,0.7176659408708275,56.4126672488513,0.26000022888183594,0.22308935358935844,0.022683208207835558,24.596393136103426,28.05458906496848,23.714825427034544,9.50198998451233,0.5032103257790222,10.508410636070375,8.495569332954284,0.21183365867538276,0.1746901963223806,0.12217867022540414,0.052511526096976444,10.255000114440918,9.385000228881836,9.859999656677246,0.03471856072938784,0.017589247487317383,-0.034364297206666006,0.12722058546091053,0.02298082015385232,0.987049550711232,0.13360216316499768,1.5855556052170334,0.015906779402302007,0.026915310230650746,0.051399570646767145,0.6617711055891168,1750.157717150294
2026-02-20 15:30:00,9.835000038146973,9.880000114440918,9.75,9.779999732971191,720333,1h,1H,yfinance,730d,2026-04-02T03:04:46Z,-0.005592303504062257,-0.005592303504062257,9.690434340881804,9.546489953994751,9.574626026153565,9.56822702407837,9.120501000881195,9.690434340881804,9.574626026153565,9.56822702407837,9.120501000881195,0.018482912392270737,0.48618750462391924,1329754.05,0.5417039338966481,54.574670818891676,0.13000011444091797,0.2164401222216127,0.022130892446952818,23.438284467784467,26.850990004338882,22.697411073152054,9.546489953994751,0.48618750462391924,10.518864963242589,8.574114944746913,0.203713619127823,0.15967547869431087,0.1296780319191855,0.029997446775125364,10.255000114440918,9.390000343322754,9.699999809265137,0.028932100496502633,-0.003058173839168954,-0.032162278474800576,0.10011241341704924,0.022795348158743685,0.970851258460117,0.13465004802006633,1.512911596566712,0.009242660229534794,0.02144978887495319,0.04979167539464058,0.4802874955765622,1750.157717150294
2026-02-20 16:30:00,9.774999618530272,9.800000190734863,9.630000114440918,9.69499969482422,782913,1h,1H,yfinance,730d,2026-04-02T03:04:46Z,-0.008691210681776584,-0.008691210681776584,9.690869136495367,9.588489961624145,9.569326019287109,9.567927017211915,9.131225998401641,9.690869136495367,9.569326019287109,9.567927017211915,9.131225998401641,0.018625691632622624,0.4602272228909694,1332543.15,0.5875329440551326,51.76753013092926,0.1700000762939453,0.2131229760839222,0.02198277285121527,21.778885493540024,25.321132041184,25.426025821914166,9.588489961624145,0.4602272228909694,10.508944407406084,8.668035515842206,0.19199153348772507,0.13931151763843808,0.13160472906303602,0.0077067885754020515,10.255000114440918,9.390000343322754,9.699999809265137,0.025383371026415746,-0.0010304202947398755,-0.023173853046909887,0.09486168221480784,0.022618946248707084,0.9718743132196895,0.14561843275113495,1.3184562548880248,0.0004262319788530533,0.013132970418586964,0.047978225592286705,0.23142858114959558,1750.157717150294
2026-02-20 17:30:00,9.69499969482422,9.8100004196167,9.68000030517578,9.6899995803833,972967,1h,1H,yfinance,730d,2026-04-02T03:04:46Z,-0.0005157415779588614,-0.0005157415779588614,9.69078632162755,9.638489961624146,9.559626007080078,9.567377014160156,9.141975996494294,9.69078632162755,9.559626007080078,9.567377014160156,9.141975996494294,0.017894467961258372,0.411655266656275,1337505.05,0.7274492159861378,51.599393184532246,0.13000011444091975,0.20718562882370775,0.021381386769421536,20.25903593229787,24.53104443163474,24.286472753560894,9.638489961624146,0.411655266656275,10.461800494936696,8.815179428311595,0.1708380745512169,0.12137038212486395,0.12955785967540162,-0.00818747755053767,10.255000114440918,9.390000343322754,9.630000114440918,0.020537092909373555,-0.020717621818756582,-0.03534101475503604,0.11507480417575477,0.02243498203558275,0.9530378377620194,0.163295686364547,1.0461885329281266,-8.118445894256254e-05,0.013637936589429911,0.045684872804954146,0.1251280450692373,1750.157717150294
2026-02-20 18:30:00,9.6899995803833,9.758999824523926,9.654999732971191,9.670000076293944,1035537,1h,1H,yfinance,730d,2026-04-02T03:04:46Z,-0.0020639323999399606,-0.0020639323999399606,9.688806679214826,9.6882399559021,9.549026012420654,9.568327016830445,9.153950996398926,9.688806679214826,9.549026012420654,9.568327016830445,9.153950996398926,0.017901551192302505,0.3473024820975267,1329747.45,0.7787471222449045,50.887458037299155,0.10400009155273438,0.19981523330435252,0.020663415897400107,18.91012397181967,23.61904801782484,24.277272050284424,9.6882399559021,0.3473024820975267,10.382844920097153,8.993634991707047,0.14339136259148857,0.10433539662846769,0.12451336706601485,-0.020177970437547155,10.255000114440918,9.630000114440918,9.630000114440918,0.01415838815335424,-0.014773256269838275,-0.022244717835358196,0.11469739062620055,0.02229262714277262,0.926917036967502,0.163295686364547,0.8781086982994559,-0.0019410649364309807,0.012668733304939783,0.04315896121545193,-0.05251871365271283,1750.157717150294
2026-02-20 19:30:00,9.675000190734863,9.704999923706056,9.595000267028809,9.614999771118164,971430,1h,1H,yfinance,730d,2026-04-02T03:04:46Z,-0.00568772541280671,-0.00568772541280671,9.681777449872287,9.730239963531494,9.538626003265382,9.569977016448975,9.165576496124267,9.681777449872287,9.538626003265382,9.569977016448975,9.165576496124267,0.01800943900803848,0.2782495713805179,1304680.1,0.7445733249093015,48.889696106213954,0.10999965667724787,0.19339983497384505,0.020114387891592624,17.98166428321197,22.659493656055712,25.506943288516688,9.730239963531494,0.2782495713805179,10.28673910629253,9.173740820770458,0.11438549200158876,0.08541240191922483,0.11669317403665685,-0.03128077211743202,10.255000114440918,9.630000114440918,9.630000114440918,-0.041375869681114286,-0.02336216248575662,-0.02236911704885558,0.0957265172768842,0.022200433475455583,0.9060358174461208,0.163295686364547,0.7004807937561228,-0.00689725405276731,0.008006789219604293,0.04070115036395827,-0.41416125761334577,1750.157717150294
2026-02-20 20:30:00,9.614999771118164,9.69499969482422,9.600000381469728,9.675000190734863,1472890,1h,1H,yfinance,730d,2026-04-02T03:04:46Z,0.006240293400414876,0.006240293400414876,9.681131996621104,9.753489971160889,9.529826011657715,9.569977016448975,9.177226498126984,9.681131996621104,9.529826011657715,9.569977016448975,9.177226498126984,0.014807416200437771,0.25199673360065855,1275553.1,1.1547069267441707,51.14306882443341,0.09499931335449219,0.18637122628674843,0.019263175463833517,17.119523143790534,21.834475001017136,24.57825068993281,9.753489971160889,0.25199673360065855,10.257483438362206,9.249496503959572,0.10334628295954056,0.07439969136808067,0.10823447750294163,-0.03383478613486096,10.255000114440918,9.595000267028809,9.595000267028809,-0.04677925632047164,-0.028887444740006596,-0.010736149806052087,0.05048861570704699,0.022076731952311676,0.8725555714244404,0.163295686364547,0.632878217792151,-0.0006333769530650901,0.015233665221123571,0.03842114102803218,-0.3114714199050248,1750.157717150294
2026-02-23 14:30:00,9.520000457763672,9.699999809265137,9.43000030517578,9.46500015258789,1230286,1h,1H,yfinance,730d,2026-04-02T03:04:46Z,-0.021705429871523574,-0.021705429871523574,9.660548011475084,9.762489986419677,9.516126022338867,9.567190017700195,9.187851498126983,9.660548011475084,9.516126022338867,9.567190017700195,9.187851498126983,0.015651005916356306,0.2379254556352671,1281308.25,0.9601795664704414,43.8552735749666,0.26999950408935725,0.1923446747012205,0.02032167687272886,17.20154502274328,19.645214114655722,28.42695620028363,9.762489986419677,0.2379254556352671,10.238340897690211,9.286639075149143,0.09748556196881672,0.0481714998149414,0.0962218819653416,-0.048050382150400195,10.255000114440918,9.595000267028809,9.595000267028809,-0.07069221770890266,-0.043939341687263656,-0.023723522380213913,0.019386139809786984,0.022002672154442904,0.9236004031730934,0.163295686364547,0.5969879801428836,-0.020241901251866423,-0.005372550723998337,0.03572919352024839,-1.2503489088104545,1750.157717150294
2026-02-23 15:30:00,9.460000038146973,9.505000114440918,9.324999809265137,9.395000457763672,701737,1h,1H,yfinance,730d,2026-04-02T03:04:46Z,-0.0073956358896708485,-0.0073956358896708485,9.635257768264474,9.756990003585816,9.506326026916504,9.562990026473999,9.198551499843598,9.635257768264474,9.506326026916504,9.562990026473999,9.198551499843598,0.014851337921996133,0.2449809147731421,1255900.35,0.5587521334793799,41.72111474047889,0.18000030517578125,0.19146293402083198,0.020379236263114206,17.746703873921703,18.325994006310943,30.43524823689152,9.756990003585816,0.2449809147731421,10.246951833132101,9.267028174039531,0.10043298791250539,0.021489362688299707,0.08127537810993322,-0.05978601542163352,10.255000114440918,9.43000030517578,9.43000030517578,-0.07026215899417321,-0.050530568657801034,-0.03044366722335401,-0.011572820131808714,0.02185819481627127,0.9323384860649093,0.163295686364547,0.6150376053920694,-0.024935223974197562,-0.011710682848202536,0.03345902092064601,-1.4776234555142993,1750.157717150294
2026-02-23 16:30:00,9.390000343322754,9.390000343322754,9.279999732971191,9.3100004196167,562824,1h,1H,yfinance,730d,2026-04-02T03:04:46Z,-0.00904736923953331,-0.00904736923953331,9.604280877917066,9.747240018844604,9.492256031036376,9.560540027618408,9.208576502799987,9.604280877917066,9.492256031036376,9.560540027618408,9.208576502799987,0.014967360996673541,0.2583323936286604,1230744.15,0.4573038189943865,39.22494067417848,0.11500072479248047,0.1860013476473783,0.019978661575080374,18.44487538736408,17.516667077107407,30.819243927383816,9.747240018844604,0.2583323936286604,10.263904806101925,9.230575231587283,0.10601252995892972,-0.0064409684475830176,0.06373210879842998,-0.070173077246013,10.255000114440918,9.324999809265137,9.324999809265137,-0.061964711264416494,-0.0758387841741569,-0.03722850608448136,-0.020515485794466937,0.02171606655713785,0.9199944899097573,0.163295686364547,0.6492059424170191,-0.030640551025220453,-0.01920045253981395,0.030806013084664352,-1.6925465408585736,1750.157717150294
2026-02-23 17:30:00,9.315099716186523,9.369999885559082,9.265000343322754,9.332925796508787,641396,1h,1H,yfinance,730d,2026-04-02T03:04:46Z,0.0024624463865525748,0.0024624463865525748,9.578437536830563,9.741136312484741,9.478214550018311,9.559319286346435,9.219191131591797,9.578437536830563,9.478214550018311,9.559319286346435,9.219191131591797,0.014950165867667476,0.26647883677272205,1220261.0,0.5256219775933182,40.263052261286234,0.10499954223632812,0.18021550440373185,0.019309647192431976,19.15877537383651,16.787681905917967,30.131152052783346,9.741136312484741,0.26647883677272205,10.274093986030186,9.208178638939296,0.10942412803778938,-0.026421500172936874,0.045701387004156616,-0.07212288717709349,10.255000114440918,9.279999732971191,9.279999732971191,-0.0708884295049077,-0.0823081881519705,-0.029336867532402833,-0.0129110659103443,0.02165310008768203,0.8917728692076202,0.163295686364547,0.6700980930598934,-0.025631710743818648,-0.01532870486765292,0.028096111115313294,-1.5318684249740773,1750.157717150294
2026-02-23 18:30:00,9.335000038146973,9.397199630737305,9.239999771118164,9.3100004196167,534153,1h,1H,yfinance,730d,2026-04-02T03:04:46Z,-0.0024563976390623576,-0.0024563976390623576,9.552872097095909,9.731886339187621,9.466714553833008,9.558619289398193,9.230716133117676,9.552872097095909,9.466714553833008,9.558619289398193,9.230716133117676,0.014914473776632816,0.277831170523963,1194730.0,0.44709097452981006,39.53578556072002,0.15719985961914062,0.17857152977626106,0.019180614578706217,19.60015026936655,16.820063199118433,28.23650797742309,9.731886339187621,0.277831170523963,10.287548680235547,9.176223998139696,0.11419416990320301,-0.043603468197890294,0.027840415963747235,-0.07144388416163752,10.255000114440918,9.265000343322754,9.265000343322754,-0.0586450863065584,-0.060544847329346174,-0.03772607379043791,-0.019483882903858496,0.021539951551184978,0.8904669322550558,0.163295686364547,0.6993091639191984,-0.025423943188043197,-0.01655422621281588,0.0255666426431016,-1.5184974341622133,1750.157717150294
2026-02-23 19:30:00,9.3100004196167,9.399999618530272,9.295000076293944,9.364999771118164,564974,1h,1H,yfinance,730d,2026-04-02T03:04:46Z,0.005907556285988713,0.005907556285988713,9.534979494621838,9.723386335372926,9.457514553070068,9.558619289398193,9.242166132926942,9.534979494621838,9.457514553070068,9.558619289398193,9.242166132926942,0.014947912882069887,0.2861992005739559,1120242.8,0.5043317395121844,42.23167781083782,0.10499954223632812,0.173316387809123,0.018506822428723813,19.986096278974035,16.20759941219157,27.014621869322557,9.723386335372926,0.2861992005739559,10.295784736520837,9.150987934225014,0.11773643078760947,-0.052180805782020556,0.011836171614593678,-0.06401697739661423,10.255000114440918,9.239999771118164,9.239999771118164,-0.04778853738747535,-0.05973898240461317,-0.010565280492085827,-0.017829059152012938,0.021539951551184978,0.8591858892879309,0.163295686364547,0.7210014753529407,-0.017826962669353463,-0.009782145344082172,0.023300643706880342,-1.2522276915380544,1750.157717150294
2026-02-23 20:30:00,9.359999656677246,9.449999809265137,9.340100288391112,9.4399995803833,1005020,1h,1H,yfinance,730d,2026-04-02T03:04:46Z,0.008008522274227658,0.008008522274227658,9.525933788503883,9.693886327743531,9.450614547729492,9.559269285202026,9.252766129970551,9.525933788503883,9.450614547729492,9.559269285202026,9.252766129970551,0.009143779208001903,0.2834687739855614,1020439.55,0.9848893057898431,45.78174770155568,0.10989952087402521,0.16878661159947317,0.01787993846421546,19.9084301060324,17.569763843644854,25.75821974633705,9.693886327743531,0.2834687739855614,10.260823875714653,9.126948779772409,0.11696806189042439,-0.052323398240949004,-0.0009957423565148588,-0.051327655884434144,10.255000114440918,9.239999771118164,9.239999771118164,-0.03476484272710689,-0.07223593086718938,0.0047896881774436295,-0.058823546190974296,0.021022401333410823,0.850518367556752,0.15711471857135273,0.7444755205242214,-0.009021079720739733,-0.0011232039242083935,0.02138262385321643,-0.8956427326741887,1750.157717150294
2026-02-24 14:30:00,9.279999732971191,9.404999732971191,9.029999732971191,9.364999771118164,1626020,1h,1H,yfinance,730d,2026-04-02T03:04:46Z,-0.00794489540243093,-0.00794489540243093,9.510606739229052,9.654646301269532,9.442514533996581,9.560835285186768,9.262991127967835,9.510606739229052,9.442514533996581,9.560835285186768,9.262991127967835,0.00852680209636617,0.2717171451554691,1019288.85,1.5952494722178114,42.93994872285463,0.4099998474121094,0.1860161284432329,0.019862907954030083,21.261101274475138,14.803644062508498,33.61053016829781,9.654646301269532,0.2717171451554691,10.198080591580469,9.111212010958594,0.11257466578335013,-0.057821728704382735,-0.012360939626088434,-0.0454607890782943,10.255000114440918,9.239999771118164,9.239999771118164,-0.034038157204092534,-0.0818627503687307,0.005907556285988713,-0.07732177050160594,0.020521326080257155,0.9679154201023825,0.130563896689549,0.8622189490179422,-0.01530995572661975,-0.008209122961827076,0.0193807166117983,-1.065985475394421,1750.157717150294
2026-02-24 15:30:00,9.364999771118164,9.395000457763672,9.119999885559082,9.175000190734863,513435,1h,1H,yfinance,730d,2026-04-02T03:04:46Z,-0.020288263216969082,-0.020288263216969082,9.478644210801034,9.60414628982544,9.429414539337158,9.56243528366089,9.272291128635407,9.478644210801034,9.429414539337158,9.56243528366089,9.272291128635407,0.009045541264258366,0.2621434737710384,973536.8,0.5273914658387849,36.72129785945693,0.27500057220458984,0.19237216014047268,0.020966992494968525,22.51715307374339,13.292061147640993,30.1785979394822,9.60414628982544,0.2621434737710384,10.128433237367517,9.079859342283363,0.10917929230159737,-0.07662726207577641,-0.02521420411602603,-0.05141305795975039,10.21500015258789,9.029999732971191,9.029999732971191,-0.05314751413312924,-0.0947212645749379,-0.016921339483166098,-0.09916545775850305,0.020521326080257155,1.0217172327445316,0.11735224633901692,0.9303553677719228,-0.03203454136617612,-0.02698092734611901,0.01694547857934592,-1.6370657370070638,1750.157717150294
2026-02-24 16:30:00,9.175000190734863,9.199999809265137,9.114999771118164,9.149999618530272,372175,1h,1H,yfinance,730d,2026-04-02T03:04:46Z,-0.0027248579493042158,-0.0027248579493042158,9.447344725822866,9.556396293640137,9.423114528656006,9.56077527999878,9.2813161277771,9.447344725822866,9.423114528656006,9.56077527999878,9.2813161277771,0.00903841762258655,0.253394750606533,939667.65,0.39607088740364743,35.98286271922241,0.08500003814697266,0.18470272285522268,0.0201860907711044,23.703485658497147,12.855132905352912,29.37995145189472,9.556396293640137,0.253394750606533,10.063185794853203,9.049606792427072,0.10606288932373763,-0.09248204455600195,-0.03866777220402122,-0.05381427235198073,10.21500015258789,9.029999732971191,9.029999732971191,-0.05377460741065099,-0.09540288427324561,-0.017185906968306575,-0.09450766620170536,0.020350456567921532,0.9919232378758409,0.11567677694600657,0.9168900804804033,-0.03147393430874257,-0.028983507448114176,0.015277833329535362,-1.6038085798427275,1750.157717150294
2026-02-24 17:30:00,9.15999984741211,9.204999923706056,9.114999771118164,9.130000114440918,660258,1h,1H,yfinance,730d,2026-04-02T03:04:46Z,-0.0021857382429668615,-0.0021857382429668615,9.417121429500776,9.51664628982544,9.419414539337158,9.55947527885437,9.290016129016877,9.417121429500776,9.419414539337158,9.55947527885437,9.290016129016877,0.008551608462784278,0.25480596591483623,908345.95,0.7268794449955989,35.370110751687065,0.0900001525878924,0.17793825355041337,0.019489403211394106,24.7563235834004,12.591416834581487,28.3185077604795,9.51664628982544,0.25480596591483623,10.026258221655112,9.007034357995767,0.10709905912432943,-0.10544535828346646,-0.052023289419910274,-0.05342206886355619,10.135000228881836,9.029999732971191,9.029999732971191,-0.05044198317446691,-0.10049256575608134,-0.02509339694828283,-0.08010076181520775,0.020253883821916632,0.9622551103164083,0.1142898309523959,0.9370830128267355,-0.03048928669013451,-0.03072530927347905,0.013928760566530363,-1.5174141390149025,1750.157717150294
2026-02-24 18:30:00,9.135000228881836,9.170000076293944,9.03499984741211,9.104999542236328,882827,1h,1H,yfinance,730d,2026-04-02T03:04:46Z,-0.0027382882684794385,-0.0027382882684794385,9.38739553547559,9.46964626312256,9.416014537811279,9.557425270080566,9.296191127300263,9.38739553547559,9.416014537811279,9.557425270080566,9.296191127300263,0.007715112072822366,0.23923177843249852,899608.35,0.9813459379295446,34.577432130567445,0.13500022888183416,0.174871251788372,0.01920606925647587,26.076688403350623,11.897092076374221,30.024655772897436,9.46964626312256,0.23923177843249852,9.948109819987556,8.991182706257563,0.10105204430460445,-0.116394491798129,-0.06489752989555402,-0.05149696190257498,10.135000228881836,9.029999732971191,9.029999732971191,-0.05891479454898496,-0.07890750314466499,-0.03548729375402904,-0.09357894742838313,0.02015023933134851,0.9531434808616016,0.11338441784327657,0.8912339651845431,-0.03008246453151664,-0.0330304285667814,0.01288951667087912,-1.5242403132037061,1750.157717150294
2026-02-24 19:30:00,9.109999656677246,9.3100004196167,9.100000381469728,9.295000076293944,660594,1h,1H,yfinance,730d,2026-04-02T03:04:46Z,0.020867714839110096,0.020867714839110096,9.378595967934482,9.439896249771119,9.415714530944824,9.55963526725769,9.302891128063202,9.378595967934482,9.415714530944824,9.55963526725769,9.302891128063202,0.009152936310126343,0.22144292133461074,843676.2,0.7829947081593626,44.71744267801231,0.21000003814697088,0.17738045081398623,0.019083426504361095,25.992225766536507,16.52863988771852,27.485650395825513,9.439896249771119,0.22144292133461074,9.88278209244034,8.997010407101897,0.09383277759646146,-0.10848970204236608,-0.07361596432491643,-0.03487373771744964,10.109999656677246,9.029999732971191,9.029999732971191,-0.017960916381756897,-0.07175314545373535,-0.007474607211427897,-0.060161804486743575,0.0200465247333365,0.9519568482923221,0.11099939691056976,0.8453449316671591,-0.008913476167046075,-0.01282053042858844,0.01212777848611779,-0.6543274113433051,1750.157717150294
2026-02-24 20:30:00,9.295000076293944,9.380000114440918,9.279999732971191,9.350000381469728,2241594,1h,1H,yfinance,730d,2026-04-02T03:04:46Z,0.005917192546997185,0.005917192546997185,9.375872578747362,9.415646266937255,9.416514530181885,9.560735273361207,9.31009113073349,9.375872578747362,9.416514530181885,9.560735273361207,9.31009113073349,0.009335873466298989,0.2026021197302724,907668.15,2.4696184392941407,47.265451981199575,0.10000038146972656,0.17185330300368198,0.018380031656925807,25.33822035808043,18.75109153481551,26.343241028365007,9.415646266937255,0.2026021197302724,9.8208505063978,9.01044202747671,0.08607040408546505,-0.09667265208246079,-0.0782273018764253,-0.01844535020603548,9.960000038146973,9.029999732971191,9.03499984741211,-0.004789789686147072,-0.0682610340167602,0.019073589874317953,-0.04931364054866072,0.01992078476455523,0.9226560034737757,0.10930171016969337,0.7874570667909845,-0.0027594442074948544,-0.007063563540306239,0.01143097290391526,-0.32401381365072723,1750.157717150294
2026-02-25 14:30:00,9.350000381469728,9.449999809265137,9.085000038146973,9.154999732971191,1123830,1h,1H,yfinance,730d,2026-04-02T03:04:46Z,-0.02085568348050537,-0.02085568348050537,9.354837069625821,9.384396266937255,9.414214515686036,9.55758526802063,9.315272629261017,9.354837069625821,9.414214515686036,9.55758526802063,9.315272629261017,0.01014753528430211,0.19191199751990218,927843.0,1.2112286238081227,40.192322246061394,0.36499977111816406,0.18564947929757356,0.020278480034135654,25.694256812058875,16.117809508494027,30.146372982025326,9.384396266937255,0.19191199751990218,9.76822026197706,9.00057227189745,0.08180046624673742,-0.10186820424956977,-0.08295548235105421,-0.01891272189851556,9.880000114440918,9.029999732971191,9.03499984741211,-0.016648837772221037,-0.07384931502355874,0.000546460617418365,-0.06390593221520702,0.01992078476455523,1.0179558824518233,0.1081391757129634,0.7564369314582396,-0.021361925939200055,-0.027534403670421814,0.010621469747887247,-1.195321485527627,1750.157717150294
2026-02-25 15:30:00,9.149999618530272,9.15999984741211,9.09000015258789,9.15999984741211,651779,1h,1H,yfinance,730d,2026-04-02T03:04:46Z,0.0005461621613063183,0.0005461621613063183,9.336281143700706,9.357646274566651,9.408254508972169,9.55428526878357,9.320947630405426,9.336281143700706,9.408254508972169,9.55428526878357,9.320947630405426,0.010099238417614198,0.1838711937315912,921286.3,0.7074662892523204,40.438451006573096,0.06999969482421875,0.17738878040661965,0.019365587703228583,26.024862090753142,15.663504021882213,29.29665065220361,9.357646274566651,0.1838711937315912,9.725388662029834,8.989903887103468,0.07859719777240952,-0.10437903280971383,-0.08724019244278614,-0.0171388403669277,9.8100004196167,9.029999732971191,9.03499984741211,-0.018528589304906418,-0.06768447580283121,0.003285841467158379,-0.05518307006216061,0.019676155582712095,0.9842160284727377,0.10658097422403354,0.7374411647542081,-0.018881318329572294,-0.02638689900696367,0.00936673845070679,-1.0749178440808904,1750.157717150294
2026-02-25 16:30:00,9.155500411987305,9.210000038146973,9.114999771118164,9.19499969482422,616024,1h,1H,yfinance,730d,2026-04-02T03:04:46Z,0.0038209441042731385,0.0038209441042731385,9.322825767617232,9.332896280288697,9.403454494476318,9.552435264587402,9.327041130065918,9.322825767617232,9.403454494476318,9.552435264587402,9.327041130065918,0.010191721242802631,0.17028157025425422,903439.15,0.6818655135766476,42.23060023653795,0.0950002670288086,0.17150388659391885,0.0186518643051676,25.903588391436372,17.126187245880786,28.13749756482073,9.332896280288697,0.17028157025425422,9.673459420797206,8.992333139780188,0.07298123332363327,-0.10236469091587352,-0.09026509213740362,-0.012099598778469903,9.8100004196167,9.029999732971191,9.03499984741211,-0.012352386639012947,-0.06029638853228281,0.009884696003596538,-0.051083581733189276,0.019427495457311345,0.9600755972972397,0.10603770964133367,0.6882573526954515,-0.013711086743357859,-0.022167895827490347,0.008192669394807117,-0.8098150919008884,1750.157717150294
2026-02-25 17:30:00,9.1899995803833,9.260000228881836,9.149999618530272,9.260000228881836,616100,1h,1H,yfinance,730d,2026-04-02T03:04:46Z,0.007069117587269025,0.007069117587269025,9.316842382975766,9.31239628791809,9.398754501342774,9.551235265731812,9.333966131210326,9.316842382975766,9.398754501342774,9.551235265731812,9.333966131210326,0.010406343061595696,0.15218182129458835,882467.3,0.6981561809712382,45.50975848937257,0.11000061035156428,0.16711079543375068,0.018046521739009683,25.37175836774171,18.458121382903077,26.814533574774384,9.31239628791809,0.15218182129458835,9.616759930507268,9.008032645328914,0.06536741632957749,-0.09443472585011037,-0.09109901887994498,-0.0033357069701653863,9.758999824523926,9.029999732971191,9.085000038146973,-0.011211910817141568,-0.05220063510606776,-0.0037654488568936717,-0.04239915658503712,0.01933761744783028,0.933233982298814,0.10467940645923514,0.6244534483010585,-0.006101010595370271,-0.014763048916865973,0.006941140477873864,-0.3442990666725455,1750.157717150294
2026-02-25 18:30:00,9.270000457763672,9.3100004196167,9.255000114440918,9.279999732971191,292957,1h,1H,yfinance,730d,2026-04-02T03:04:46Z,0.0021597736063738715,0.0021597736063738715,9.313333559165807,9.295646286010742,9.397354488372804,9.550185260772706,9.339591131210327,9.313333559165807,9.397354488372804,9.550185260772706,9.339591131210327,0.010411972961939861,0.1354724237807182,848543.65,0.34524682377859994,46.51571157873103,0.05500030517578125,0.15910290327246715,0.017144709897693816,24.46857228468876,20.247087913590526,26.152425009713383,9.295646286010742,0.1354724237807182,9.566591133572178,9.024701438449306,0.058294999449191205,-0.0855502090096909,-0.08998925690589417,0.004439047896203266,9.704999923706056,9.03499984741211,9.085000038146973,-0.016949137131806236,-0.055951189725697015,-0.007486700068725982,-0.03484139845257783,0.019286411328132747,0.8889528282892697,0.1021991636320725,0.5704058367743516,-0.003579150900464567,-0.012488063055066556,0.006184784360575346,-0.11549622131864007,1750.157717150294
2026-02-25 19:30:00,9.280099868774414,9.380000114440918,9.280099868774414,9.3100004196167,338589,1h,1H,yfinance,730d,2026-04-02T03:04:46Z,0.003232832705686084,0.003232832705686084,9.313016117303988,9.277396297454834,9.398654499053954,9.54673526763916,9.345316133499146,9.313016117303988,9.398654499053954,9.54673526763916,9.345316133499146,0.010317249756712232,0.10408913645928139,791828.6,0.42760390316793306,48.06459651886926,0.10000038146972656,0.1548812945722714,0.016636013704782196,23.082522372508706,22.541588440199657,24.946315847876996,9.277396297454834,0.10408913645928139,9.485574570373396,9.069218024536271,0.044878598745571395,-0.0752212568922328,-0.0870356569031619,0.011814400010929094,9.699999809265137,9.03499984741211,9.085000038146973,-0.005872862023027947,-0.016376094080549186,0.01693071449115191,-0.03772607379043791,0.019257858224453923,0.8638558613780597,0.10074251610855492,0.44547823976534934,-0.0003238153622096007,-0.009432635218815544,0.005707497188202293,0.3132327087238349,1750.157717150294
2026-02-25 20:30:00,9.3149995803833,9.369999885559082,9.30500030517578,9.30500030517578,848872,1h,1H,yfinance,730d,2026-04-02T03:04:46Z,-0.0005370691960855378,-0.0005370691960855378,9.312252706625111,9.269396305084229,9.39895450592041,9.54303526878357,9.351668634414672,9.312252706625111,9.39895450592041,9.54303526878357,9.351668634414672,0.009259414368011384,0.0951256389727969,772757.9,1.0984966960544822,47.816054338259995,0.06499958038330256,0.1484611721302022,0.01595498842139991,21.795476025484366,21.836645203063895,24.166169555388926,9.269396305084229,0.0951256389727969,9.459647583029822,9.079145027138635,0.04104933518512775,-0.06667042026680647,-0.08296260957589081,0.01629218930908434,9.699999809265137,9.03499984741211,9.09000015258789,0.014168949508272854,-0.0010734595446014739,0.015829744561036918,-0.016904368180951868,0.019193341917591044,0.8312772465527161,0.10074251610855492,0.40746783752050736,-0.0007788020447696553,-0.009996239548286767,0.005056410075494178,0.3742839520030204,1750.157717150294
2026-02-26 14:30:00,9.25,9.5600004196167,9.149999618530272,9.494999885559082,1063892,1h,1H,yfinance,730d,2026-04-02T03:04:46Z,0.02041908373475465,0.02041908373475465,9.329657199856918,9.274396276473999,9.401654510498046,9.542785263061523,9.359343633651733,9.329657199856918,9.401654510498046,9.542785263061523,9.359343633651733,0.010206138616277803,0.10382637474997351,790865.65,1.3452246914504378,56.93001075518281,0.41000080108642756,0.16714257419850403,0.01760322024360534,21.199832102226356,26.130247078008807,19.931910730716005,9.274396276473999,0.10382637474997351,9.482049025973946,9.06674352697405,0.044779787990446886,-0.044054608290192476,-0.07518100931875116,0.03112640102855868,9.505000114440918,9.03499984741211,9.114999771118164,0.0377049487882084,0.023719706315596722,0.032626449232372234,0.010643898129113483,0.019132020541533658,0.9200920626961774,0.09744241095053295,0.4595513139877002,0.017722268049108925,0.009928611496710982,0.004520709838474524,2.1247357390289663,1750.157717150294
2026-02-26 15:30:00,9.494999885559082,9.729999542236328,9.489999771118164,9.595000267028809,1507171,1h,1H,yfinance,730d,2026-04-02T03:04:46Z,0.010531899175882709,0.010531899175882709,9.354927968159002,9.288646268844605,9.416654510498047,9.542685270309448,9.367593634128571,9.354927968159002,9.416654510498047,9.542685270309448,9.367593634128571,0.01017454616274626,0.1251112185165526,838083.0,1.798355294165375,60.809581157482576,0.23999977111816406,0.17234665969276547,0.017962131828698154,21.544261058473158,30.576708547461955,17.94933924955658,9.288646268844605,0.1251112185165526,9.53886870587771,9.0384238318115,0.05387705157260344,-0.01785638205690887,-0.06371608386638271,0.04585970180947384,9.5600004196167,9.085000038146973,9.149999618530272,0.05093101278853207,0.03061222712854006,0.036177109056877876,0.03061222712854006,0.01886764540476435,0.9520070704828097,0.08995159084096326,0.5989560725819676,0.02566265605538942,0.018939396824204868,0.005237297675972474,2.448653300772319,1750.157717150294
2026-02-26 16:30:00,9.595000267028809,9.640000343322754,9.4399995803833,9.475000381469728,1071315,1h,1H,yfinance,730d,2026-04-02T03:04:46Z,-0.012506501534078618,-0.012506501534078618,9.366363436093357,9.295749998092651,9.431654510498047,9.544960269927978,9.375843636989593,9.366363436093357,9.431654510498047,9.544960269927978,9.375843636989593,0.010621427443585726,0.1313038954699123,859578.95,1.2463253084547965,54.46909063945032,0.20000076293945312,0.1743219527818146,0.018398094539683215,21.46831935723429,28.070932416375925,18.527144325908157,9.295749998092651,0.1313038954699123,9.558357789032476,9.033142207152826,0.0565006139351226,-0.0066998551431591835,-0.05231283812173801,0.045612982978578825,9.729999542236328,9.085000038146973,9.149999618530272,0.040637106846303395,0.017722873728916788,0.021013001520432617,0.01522294166466942,0.018579343366945708,0.990244605329543,0.08393543516610125,0.6731437541642882,0.011598625882670577,0.004595786552977987,0.005952624176481569,1.3651566294783062,1750.157717150294
2026-02-26 17:30:00,9.475000381469728,9.529999732971191,9.44499969482422,9.524999618530272,560964,1h,1H,yfinance,730d,2026-04-02T03:04:46Z,0.0052769641211125595,0.0052769641211125595,9.381471643944492,9.30649995803833,9.444354496002198,9.54776026725769,9.383868634700775,9.381471643944492,9.444354496002198,9.54776026725769,9.383868634700775,0.010636153570606719,0.14050895709739958,860919.5,0.6515870531449224,56.504099931049325,0.08500003814697088,0.1679418160221829,0.017631687427626025,21.39780206322677,27.056112274356437,17.85735114066059,9.30649995803833,0.14050895709739958,9.587517872233128,9.025482043843532,0.06039175102602863,0.00610590827435864,-0.04062908884251868,0.04673499711687732,9.729999542236328,9.085000038146973,9.149999618530272,0.02474443683146621,0.02750799872431897,0.02309336081881974,0.02309336081881974,0.018452458484203516,0.9555196909246471,0.08019883200957348,0.7530253186083752,0.015299089528072463,0.008538976651311758,0.006445727626423814,1.5550585884747514,1750.157717150294
2026-02-26 18:30:00,9.520000457763672,9.520000457763672,9.380000114440918,9.393199920654297,759943,1h,1H,yfinance,730d,2026-04-02T03:04:46Z,-0.013837239176321514,-0.013837239176321514,9.382588622678758,9.307909965515137,9.455118503570556,9.54644227027893,9.391659634113312,9.382588622678758,9.455118503570556,9.54644227027893,9.391659634113312,0.011061133342304439,0.14122857951872186,870667.95,0.8728275802503125,50.142039532525224,0.1449995040893537,0.16630307945555223,0.017704624713658617,20.797328487731043,25.371098006941278,19.537008629088096,9.307909965515137,0.14122857951872186,9.59036712455258,9.025452806477693,0.06069185458044153,0.005555394787728929,-0.03139219211646916,0.03694758690419809,9.729999542236328,9.09000015258789,9.149999618530272,0.00462027138204002,-0.006851370395078105,0.009478733217177515,0.0030112280005711867,0.01838906309830451,0.962780138336194,0.0757892155480214,0.8007980309808865,0.0011309563279680024,-0.0065486839633873695,0.006756938808423429,0.6039142745031557,1750.157717150294
2026-02-26 19:30:00,9.390000343322754,9.494999885559082,9.380000114440918,9.470000267028809,976289,1h,1H,yfinance,730d,2026-04-02T03:04:46Z,0.008176164355411908,0.008176164355411908,9.390913541188286,9.309409999847412,9.470718517303467,9.54644227027893,9.39889113664627,9.390913541188286,9.470718517303467,9.54644227027893,9.39889113664627,0.01106710058027443,0.14277444289618707,869231.4,1.1231635212441704,53.43234092053864,0.11499977111816406,0.16263855743145308,0.017174081609871016,20.239745881913585,24.089698095253905,18.55026689938055,9.309409999847412,0.14277444289618707,9.594958885639787,9.023861114055038,0.061346290645068864,0.011187294817679216,-0.022876294729639486,0.0340635895473187,9.729999542236328,9.114999771118164,9.149999618530272,0.03440748697382934,0.003709575607367288,-0.002632924574153539,0.003178038980833353,0.01838906309830451,0.9339291250490342,0.06917432482660538,0.8868361317416755,0.008421622187623212,-7.583904783425854e-05,0.007642112203762208,1.1247830068450215,1750.157717150294
2026-02-26 20:30:00,9.46500015258789,9.494999885559082,9.375,9.454999923706056,1172316,1h,1H,yfinance,730d,2026-04-02T03:04:46Z,-0.0015839855226802424,-0.0015839855226802424,9.397017006189978,9.313910007476807,9.48631851196289,9.546542272567748,9.406266136169434,9.397017006189978,9.48631851196289,9.546542272567748,9.406266136169434,0.0109182886262401,0.14584101493960303,846546.2,1.3848222341556788,52.70079591474482,0.11999988555908203,0.159592938011998,0.016879210925412964,19.677475163712558,22.795888154881926,17.7777575737242,9.313910007476807,0.14584101493960303,9.605592037356013,9.0222279775976,0.0626336371395164,0.014275652982718157,-0.01544590518716796,0.029721558169886114,9.729999542236328,9.149999618530272,9.380000114440918,0.03220524904018318,-0.004212739582426073,-0.014590968152844552,0.00961026746262772,0.018213276697967747,0.9267531156157289,0.06400052673454695,0.9786425258545144,0.006170353579000976,-0.003301448103111837,0.008510536979773109,0.9674227533844251,1750.157717150294
2026-02-27 14:30:00,9.329999923706056,9.600000381469728,9.329999923706056,9.515000343322754,1100741,1h,1H,yfinance,730d,2026-04-02T03:04:46Z,0.006345893188878904,0.006345893188878904,9.408253514488338,9.330910015106202,9.50111852645874,9.547242279052734,9.413191137313843,9.408253514488338,9.50111852645874,9.547242279052734,9.413191137313843,0.009870940704014751,0.1484509032588947,875911.5,1.2566806121394685,55.334957269409976,0.2700004577636719,0.16747918942283185,0.01760159573093048,19.849550918997164,24.649060552467276,15.730593769817355,9.330910015106202,0.1484509032588947,9.627811821623991,9.034008208588412,0.06363833881949836,0.02131897957166906,-0.008092928235400556,0.029411907807069617,9.729999542236328,9.149999618530272,9.375,0.03480159424895457,0.017647054023658626,0.004221631687873373,0.03705723656891369,0.01800432678385392,0.977631429502568,0.06313598797950738,1.007956648118883,0.01134608337987797,0.0014610718543670576,0.009340869409987018,1.2400755008913826,1750.157717150294
2026-02-27 15:30:00,9.515000343322754,9.59000015258789,9.475000381469728,9.545000076293944,1331966,1h,1H,yfinance,730d,2026-04-02T03:04:46Z,0.003152888269966514,0.003152888269966514,9.421276996565062,9.350660037994384,9.50781852722168,9.549492282867432,9.420466136932372,9.421276996565062,9.50781852722168,9.549492282867432,9.420466136932372,0.009817123813459125,0.14934157629342001,923901.05,1.4416760322980475,56.635343134669256,0.11499977111816229,0.16373065954392688,0.017153552460472992,20.009335548904296,23.412431911560766,14.941399278902995,9.350660037994384,0.14934157629342001,9.649343190581224,9.051976885407544,0.06388493461920448,0.02898744514679308,-0.0006768535589618295,0.029664298705754908,9.729999542236328,9.149999618530272,9.329999923706056,0.03077752055806604,0.03244999399118109,0.0020997856760816003,0.04316945073568412,0.017833378271178386,0.9618790225627579,0.06313598797950738,1.0118624363641888,0.013132304651905402,0.003910628812046513,0.009272618681452238,1.3013123546903536,1750.157717150294
2026-02-27 16:30:00,9.545000076293944,9.670000076293944,9.524999618530272,9.595000267028809,1243597,1h,1H,yfinance,730d,2026-04-02T03:04:46Z,0.005238364623908698,0.005238364623908698,9.437822069942563,9.373910045623779,9.514018535614014,9.549792289733887,9.428316140174866,9.437822069942563,9.514018535614014,9.549792289733887,9.428316140174866,0.009785959012187144,0.1493750676590139,953068.0,1.3048355416402606,58.78890614801445,0.14500045776367188,0.16239278798819437,0.016924729908160907,20.654403671498855,25.438022845000397,13.988458589360523,9.373910045623779,0.1493750676590139,9.672660180941806,9.075159910305752,0.06374077281816865,0.03865378017000509,0.007189273186831556,0.03146450698317354,9.729999542236328,9.149999618530272,9.329999923706056,0.03394402404328112,0.03283103406116106,0.021483663509682227,0.05093101278853207,0.017668156070642323,0.9579228211756232,0.06313598797950738,1.0095790825172097,0.01665407505263583,0.008511832419881626,0.009089894119477249,1.4801012302114809,1750.157717150294
2026-02-27 17:30:00,9.595000267028809,9.779999732971191,9.539999961853027,9.670000076293944,1132465,1h,1H,yfinance,730d,2026-04-02T03:04:46Z,0.007816551034694141,0.007816551034694141,9.459934261023646,9.40216007232666,9.517318534851075,9.550342292785645,9.436891140937805,9.459934261023646,9.517318534851075,9.550342292785645,9.436891140937805,0.009771951795187256,0.1492738061447139,965549.9,1.1728705062265554,61.84943073917413,0.23999977111816406,0.16793614392604936,0.017366715884288945,21.845052500382366,27.51995618874184,12.560523465051437,9.40216007232666,0.1492738061447139,9.700707684616088,9.103612460037233,0.06350617517524323,0.05176951142392916,0.016105320834251077,0.03566419058967808,9.729999542236328,9.149999618530272,9.329999923706056,0.038668060198870036,0.03311970416532528,0.021119303445160664,0.06205387835954168,0.017617453835615682,0.9857676396563139,0.06306990615737981,1.0069172295385185,0.022205843029565298,0.016042495676042545,0.008522657802459088,1.794286692922031,1750.157717150294
2026-02-27 18:30:00,9.675000190734863,9.770000457763672,9.630000114440918,9.6850004196167,1135832,1h,1H,yfinance,730d,2026-04-02T03:04:46Z,0.0015512247367535092,0.0015512247367535092,9.481369133270602,9.421660089492798,9.52091854095459,9.549942293167113,9.443541145324707,9.481369133270602,9.52091854095459,9.549942293167113,9.443541145324707,0.008878132790912194,0.1591483220041,989311.8,1.1481031561536008,62.45007390711723,0.1400003433227539,0.16594072959724254,0.017133786516016478,22.950654984345626,25.861531295536118,11.803593307050042,9.421660089492798,0.1591483220041,9.739956733500998,9.103363445484598,0.06756699795679741,0.06265201188595348,0.025414659044591562,0.037237352841361926,9.779999732971191,9.329999923706056,9.329999923706056,0.04083826996002893,0.09496892337235185,0.024325806215394374,0.041958078549930944,0.01760240798726791,0.9733774224759253,0.06306990615737981,1.0713032898478698,0.021476991717529925,0.017233828643350435,0.008193684385882083,1.6546849304331137,1750.157717150294
2026-02-27 19:30:00,9.6850004196167,9.758700370788574,9.610099792480469,9.69499969482422,1741621,1h,1H,yfinance,730d,2026-04-02T03:04:46Z,0.0010324496411242556,0.0010324496411242556,9.501714901037614,9.438910055160523,9.525718536376953,9.550242290496826,9.450566143989564,9.501714901037614,9.525718536376953,9.550242290496826,9.450566143989564,0.008836765666221581,0.168847855732971,964313.15,1.8060740953288876,62.869732005606494,0.14860057830810547,0.16470214736230418,0.016988360242056758,23.74279141629659,24.194869659019236,11.905947512714766,9.438910055160523,0.168847855732971,9.776605766626465,9.101214343694581,0.07155396322085182,0.07126186739969498,0.03458410071561225,0.03667776668408273,9.779999732971191,9.329999923706056,9.329999923706056,0.021063697912131474,0.111174701540941,0.018917429848311462,0.03689832077849187,0.017484155807609713,0.9716431510329387,0.06306990615737981,1.1345183080231884,0.020342095695325302,0.017770959513533136,0.007952157705936491,1.516688728749373,1750.157717150294
2026-02-27 20:30:00,9.6899995803833,9.739999771118164,9.630000114440918,9.699999809265137,2306103,1h,1H,yfinance,730d,2026-04-02T03:04:46Z,0.0005157415779586394,0.0005157415779586394,9.520599178011663,9.46616005897522,9.529818534851074,9.54914228439331,9.456991143226624,9.520599178011663,9.529818534851074,9.54914228439331,9.456991143226624,0.007159110764992724,0.16475792882395335,1023426.8,2.2533150392387613,63.09186075862904,0.1099996566772461,0.16079482659908576,0.016576786573284215,24.47834667453677,23.012605540144563,11.324172337073733,9.46616005897522,0.16475792882395335,9.795675916623127,9.136644201327313,0.0696197519574964,0.0775942491689996,0.04318613040628972,0.034408118762709876,9.779999732971191,9.329999923706056,9.475000381469728,0.01094315157000425,0.09111354720596498,0.016238840411971545,0.05953032137523273,0.01727039874707998,0.9598380915256494,0.06306990615737981,1.1038505715193645,0.01884341813988022,0.017857766524273178,0.007700905131608593,1.4192928495707102,1750.157717150294
2026-03-02 14:30:00,11.199999809265137,11.779999732971191,10.984999656677246,11.457500457763672,17445910,1h,1H,yfinance,730d,2026-04-02T03:04:46Z,0.18118563742855187,0.18118563742855187,9.705065966559474,9.581035089492797,9.568268547058105,9.566667289733887,9.471903643608094,9.705065966559474,9.568268547058105,9.566667289733887,9.471903643608094,0.03947540037440183,0.4555590279086486,1863133.35,9.363747366767923,88.69417432627259,2.0799999237060547,0.2978809049638692,0.0259987687595529,28.646530164715077,60.451771858850364,5.676115104266803,9.581035089492797,0.4555590279086486,10.492153145310095,8.6699170336755,0.190191988090408,0.22187073392068513,0.07892305110916881,0.14294768281151632,9.779999732971191,9.329999923706056,9.524999618530272,0.20923482812424177,0.2939018690078987,0.19411153089124467,0.25081884810300026,0.01727039874707998,1.5053948168943514,0.06306990615737981,3.0155742996638915,0.18056904478985736,0.1974476261210747,0.010173763065573604,4.119038924297544,1750.157717150294
2026-03-02 15:30:00,11.46500015258789,11.914999961853027,11.25,11.3149995803833,7477021,1h,1H,yfinance,730d,2026-04-02T03:04:46Z,-0.012437344244992987,-0.012437344244992987,9.858392977399838,9.687035083770752,9.593968544006348,9.580867280960083,9.485903639793396,9.858392977399838,9.593968544006348,9.580867280960083,9.485903639793396,0.039800557691315054,0.5823903378394579,2206183.2,3.3891206315051257,83.62871081107642,0.6649999618530273,0.3241036947416662,0.028643721322231554,32.57839357024834,54.56732289895323,4.844234887037594,9.687035083770752,0.5823903378394579,10.851815759449668,8.522254408091836,0.24048239024762902,0.32101183307846526,0.1273408075030281,0.19367102557543717,11.779999732971191,9.329999923706056,9.539999961853027,0.18792651270774852,0.30207136096135634,0.17011370125240033,0.23056008220994384,0.01727039874707998,1.6585442954566718,0.06306990615737981,3.812949866257097,0.14775294577145615,0.17938677081155685,0.011392157069740838,2.7953150848139834,1750.157717150294
2026-03-02 16:30:00,11.3149995803833,11.729999542236328,11.14009952545166,11.225000381469728,4815578,1h,1H,yfinance,730d,2026-04-02T03:04:46Z,-0.007953972801696185,-0.007953972801696185,9.988546063501731,9.785285091400146,9.61547254562378,9.594967288970947,9.498728642463684,9.988546063501731,9.61547254562378,9.594967288970947,9.498728642463684,0.04001150745542167,0.6623249701554341,2416157.1,1.9930732153136896,80.50166150296428,0.589900016784668,0.3430891463161664,0.03056473359970118,35.67758059320113,47.86576087895034,6.537346117536304,9.785285091400146,0.6623249701554341,11.109935031711014,8.460635151089278,0.2707432492641516,0.3878488056325846,0.1794424071289394,0.2084063985036452,11.914999961853027,9.329999923706056,9.610099792480469,0.19501346466474812,0.29394814232492283,0.15900876563038668,0.21220303499119564,0.01727039874707998,1.7697757907801035,0.06306990615737981,4.292748566781749,0.123787216888954,0.16738936419494865,0.012290476710556497,2.1737294454287457,1750.157717150294
2026-03-02 17:30:00,11.225000381469728,11.349900245666504,10.9399995803833,11.050000190734863,3622915,1h,1H,yfinance,730d,2026-04-02T03:04:46Z,-0.01559021690758744,-0.01559021690758744,10.08963693276203,9.87378511428833,9.632772541046142,9.607017288208008,9.509978642463684,10.08963693276203,9.632772541046142,9.607017288208008,9.509978642463684,0.04037936346046688,0.7057277530976905,2582655.0,1.4027870544071894,74.65606313043514,0.4099006652832031,0.34786139767095475,0.03148066892909445,37.597845823725464,43.83702017115034,10.095892320975672,9.87378511428833,0.7057277530976905,11.28524062048371,8.462329608092949,0.28589957951441886,0.4218338964852233,0.2279207050001962,0.1939131914850271,11.914999961853027,9.329999923706056,9.610099792480469,0.16684264827394513,0.2592593357383679,0.1397628198620804,0.1907328134369426,0.017484155807609713,1.8005255315439919,0.06357225699737079,4.49723815101048,0.0951831333845563,0.14712562179266486,0.012912110867858484,1.6666697197094864,1750.157717150294
2026-03-02 18:30:00,11.05500030517578,11.329999923706056,10.994999885559082,11.255000114440918,2899597,1h,1H,yfinance,730d,2026-04-02T03:04:46Z,0.01855202897443764,0.01855202897443764,10.200623902445733,9.97103509902954,9.655772552490234,9.619939289093018,9.522878642082214,10.200623902445733,9.655772552490234,9.619939289093018,9.522878642082214,0.040398479450500006,0.7537169141628541,2710705.4,1.0696835591208105,76.78289004843671,0.33500003814697443,0.3469427291335276,0.03082565309691795,39.38094925206949,40.81358921340345,9.399580544533226,9.97103509902954,0.7537169141628541,11.478468927355248,8.463601270703833,0.3023625558137736,0.46000643854306844,0.2743378517087707,0.18566858683429777,11.914999961853027,9.475000381469728,9.630000114440918,0.1903754844272192,0.22204126686468428,0.1603093129641604,0.2089151028098768,0.01760240798726791,1.7512179651337825,0.06368955581883351,4.747443311959205,0.10336389441261384,0.1656239884749815,0.013955224612519412,1.7035109485866646,1750.157717150294
2026-03-02 19:30:00,11.255000114440918,11.5,11.125,11.395000457763672,3545343,1h,1H,yfinance,730d,2026-04-02T03:04:46Z,0.01243894641485821,0.01243894641485821,10.314374050571251,10.075535106658936,9.68517255783081,9.634889297485351,9.536353645324708,10.314374050571251,9.68517255783081,9.634889297485351,9.536353645324708,0.0403238777400178,0.7977297066758775,2845528.95,1.2459346090996544,78.13252639572408,0.375,0.3489468199097042,0.03062279999049573,41.22340731994193,41.16053354041879,8.678053754472275,10.075535106658936,0.7977297066758775,11.67099452001069,8.480075693307182,0.31669968819766464,0.49583958077888823,0.3186381975227942,0.17720138325609402,11.914999961853027,9.524999618530272,10.9399995803833,0.1975827689549403,0.227248319335154,-0.005454941959670556,0.22461043353489818,0.017617453835615682,1.7382080450574682,0.06381285371868656,4.962945076767885,0.10476897598381862,0.1765407781558217,0.015605431388239666,1.6540255929579448,1750.157717150294
2026-03-02 20:30:00,11.395000457763672,11.43000030517578,11.18000030517578,11.369999885559082,5088627,1h,1H,yfinance,730d,2026-04-02T03:04:46Z,-0.0021939948398647102,-0.0021939948398647102,10.414909844379617,10.169285106658936,9.711672554016113,9.649639291763306,9.550378646850586,10.414909844379617,9.711672554016113,9.649639291763306,9.550378646850586,0.04035858549810076,0.8333753766802562,3046765.7,1.6701733907533487,77.268717163969,0.25,0.3418791899161539,0.03006853063827829,42.93426124010919,39.01062342834751,8.22477888373919,10.169285106658936,0.8333753766802562,11.836035860019448,8.502534353298424,0.3278009684808835,0.5162690388130944,0.35816436578085425,0.15810467303224013,11.914999961853027,9.539999961853027,10.9399995803833,0.19119955942145306,0.19621249328389534,0.004860831393324494,0.19747235625054427,0.017668156070642323,1.70184882440792,0.06572596628800095,4.987389109572169,0.09170411030440917,0.17075610017938603,0.016888744742986406,1.440785044169631,1750.157717150294
2026-03-03 14:30:00,13.300000190734863,13.43000030517578,12.011199951171877,12.089300155639648,17664329,1h,1H,yfinance,730d,2026-04-02T03:04:46Z,0.06326299712580852,0.06326299712580852,10.574375588309143,10.294000101089477,9.755658550262451,9.669792289733886,9.568325147628784,10.574375588309143,9.755658550262451,9.669792289733886,9.568325147628784,0.042009854628926036,0.9202137926510986,3854623.6,4.582633956788933,83.0686455713999,2.0600004196166974,0.46460213489476415,0.038430854467454645,45.736507456602915,57.40394942593069,5.61993138101747,10.294000101089477,0.9202137926510986,12.134427686391675,8.453572515787279,0.3575728710372587,0.5837716951276537,0.40328583165021414,0.18048586347743956,11.914999961853027,9.610099792480469,10.9399995803833,0.25995829277691374,0.2718884808083706,0.07699775009332832,0.25995829277691374,0.017668156070642323,2.175148007171611,0.0685933749571469,5.212935961536361,0.14326373738846399,0.23920902862210336,0.019578494641780964,1.9509597322791532,1750.157717150294
2026-03-03 15:30:00,12.074999809265137,12.40999984741211,12.039999961853027,12.239999771118164,6183915,1h,1H,yfinance,730d,2026-04-02T03:04:46Z,0.012465536758818452,0.012465536758818452,10.733006462862384,10.4322500705719,9.803758544921875,9.69049228668213,9.587250146865845,10.733006462862384,9.803758544921875,9.69049228668213,9.587250146865845,0.04161967251604356,0.9917096746902062,4110253.6,1.5045093567949188,83.99030074427114,0.36999988555908203,0.45784483137078685,0.0374056241774718,48.338593229061374,54.090372850427904,5.295527343206433,10.4322500705719,0.9917096746902062,12.415669419952312,8.448830721191488,0.38024766200254256,0.6420273445276283,0.451034134225697,0.19099321030193134,13.43000030517578,9.610099792480469,10.9399995803833,0.2657703903358375,0.2945531327218114,0.10769226785906172,0.291820504308997,0.017668156070642323,2.1171209959835906,0.0705868575891741,5.386947018036133,0.14040737918775825,0.24850073724614608,0.022582950766837806,1.8228618180123888,1750.157717150294
2026-03-03 16:30:00,12.239999771118164,12.270000457763672,11.994999885559082,12.045000076293944,4743260,1h,1H,yfinance,730d,2026-04-02T03:04:46Z,-0.015931347914266092,-0.015931347914266092,10.857958235570152,10.558250093460083,9.84905855178833,9.711842288970947,9.60535014629364,10.857958235570152,9.84905855178833,9.711842288970947,9.60535014629364,0.04208757593804596,1.0278643067144941,4319368.4,1.0981374036074347,78.06843308640549,0.27500057220458984,0.44478452714462996,0.03692690114797269,50.59124234257898,51.701594436092705,5.784324950993781,10.558250093460083,1.0278643067144941,12.613978706889071,8.502521480031096,0.389407069397292,0.6647971529373269,0.49378673796802297,0.17101041496930391,13.43000030517578,9.630000114440918,10.994999885559082,0.24367574129342628,0.26856242458866686,0.07019102210753458,0.2645669877887631,0.02185169673660576,1.6898871329343084,0.13087297565562991,2.9754582062988377,0.1093245907720568,0.22295953597584095,0.025372152163420036,1.4464457741374115,1750.157717150294
2026-03-03 17:30:00,12.045000076293944,12.10830020904541,11.710000038146973,11.985099792480469,4322102,1h,1H,yfinance,730d,2026-04-02T03:04:46Z,-0.004973041380993082,-0.004973041380993082,10.965305050513992,10.687845087051391,9.894860553741456,9.732093286514282,9.622850646972656,10.965305050513992,9.894860553741456,9.732093286514282,9.622850646972656,0.04185274993728413,1.0361650826850541,4497476.35,0.9610060539840305,76.28904222595104,0.3983001708984375,0.44146421598418767,0.03683442137554543,51.668356836058074,48.369702655123305,10.022831748569857,10.687845087051391,1.0361650826850541,12.760175252421499,8.615514921681283,0.3877919540358591,0.6702823402710614,0.5290858584286307,0.14119648184243072,13.43000030517578,10.9399995803833,11.125,0.2362145610874895,0.2569585720269665,0.05178581053191178,0.27593364281824306,0.027321245040892228,1.3481970283716809,0.2153371891690185,1.8008591805825076,0.09300194908108583,0.21124494149123207,0.028267081839659758,1.251976858810424,1750.157717150294
2026-03-03 18:30:00,11.979999542236328,11.979999542236328,11.729999542236328,11.770000457763672,2694681,1h,1H,yfinance,730d,2026-04-02T03:04:46Z,-0.017947229346538363,-0.017947229346538363,11.041942708347294,10.802845096588134,9.936460571289063,9.74804328918457,9.636800150871277,11.041942708347294,9.936460571289063,9.74804328918457,9.636800150871277,0.0423887898731087,1.02215888609235,4583395.95,0.5879223679115045,70.10935185754141,0.2551002502441406,0.4281525041456129,0.03637659197058034,52.66853458000295,46.31116991735841,9.596276980874693,10.802845096588134,1.02215888609235,12.847162868772834,8.758527324403435,0.37847766100623936,0.6497823852386464,0.5532251637906338,0.0965572214480126,13.43000030517578,10.9399995803833,11.18000030517578,0.21340213290739807,0.1734796381970629,0.0351803497124592,0.24287224138130714,0.029356125980254923,1.2391482443919002,0.25561281975589034,1.480667759025876,0.06593565721600725,0.18452645922759836,0.031095427499416628,0.9461888697880545,1750.157717150294
2026-03-03 19:30:00,11.779999732971191,11.979999542236328,11.229999542236328,11.28499984741211,8035396,1h,1H,yfinance,730d,2026-04-02T03:04:46Z,-0.0412065073482345,-0.0412065073482345,11.065091007305847,10.894345092773438,9.968760566711426,9.75889328956604,9.648275151252747,11.065091007305847,9.968760566711426,9.75889328956604,9.648275151252747,0.04386574969726427,0.9783792050118776,4926549.95,1.631039181892391,58.58583418226655,0.75,0.45114161099235484,0.03997710386286015,51.959080136529295,40.811886608443906,16.37317857917973,10.894345092773438,0.9783792050118776,12.851103502797194,8.937586682749682,0.3592246056757896,0.5876267320628283,0.5601054774450728,0.027521254617755564,13.43000030517578,10.9399995803833,11.710000038146973,-0.015055693079608412,0.11184452040372328,-0.0665299312510107,0.19354838058938362,0.030316632118989738,1.3186525371932487,0.27832141438928526,1.2906825961057595,0.019874110385632138,0.13203640230822544,0.033216861090146876,0.39928767152602,1750.157717150294
2026-03-03 20:30:00,11.28499984741211,11.420000076293944,11.239999771118164,11.329999923706056,2799485,1h,1H,yfinance,730d,2026-04-02T03:04:46Z,0.003987600966097293,0.003987600966097293,11.09032042791539,10.985095071792603,10.003060569763184,9.770843286514282,9.660900149345398,11.09032042791539,10.003060569763184,9.770843286514282,9.660900149345398,0.04387795329304771,0.9291665457826076,5011487.15,0.5586136243011218,59.2550080985091,0.18000030517577947,0.43177437486259945,0.038108947729045134,51.30030101044662,39.596610351742065,15.885626132390868,10.985095071792603,0.9291665457826076,12.84342816335782,9.126761980227387,0.33833718860331424,0.535822431734136,0.5552488683028854,-0.019426436568749428,13.43000030517578,10.9399995803833,11.229999542236328,0.0013257042756555926,0.11242017250034131,-0.0743463941526672,0.19075139410341646,0.030593766795098454,1.2456441857676288,0.29413106766409625,1.1502939532715473,0.02161159340242058,0.13265333591539852,0.035417033105447304,0.37119809519503394,1750.157717150294
2026-03-04 14:30:00,10.949999809265137,11.25,10.5600004196167,10.654999732971191,7988615,1h,1H,yfinance,730d,2026-04-02T03:04:46Z,-0.05957636321978643,-0.05957636321978643,11.04886131411118,11.040595054626465,10.02266056060791,9.776243286132813,9.670150146484374,11.04886131411118,10.02266056060791,9.776243286132813,9.670150146484374,0.04639968391079824,0.8729402548511499,5344319.6,1.4947861651088383,46.98993234800023,0.7699995040893572,0.45593331266451076,0.04279055129899772,48.861369215432426,34.82000792710259,24.62249452911567,11.040595054626465,0.8729402548511499,12.786475564328764,9.294714544924165,0.31626565435360365,0.43528260934694707,0.5312556165116978,-0.09597300716475077,13.43000030517578,10.994999885559082,11.229999542236328,-0.050779566069280135,0.0544285220831533,-0.11540060892639137,0.11629121506599605,0.03072422654370684,1.3927299760703786,0.3093141050836886,1.0224740778246573,-0.03564725539970026,0.06309094960758865,0.0364534581969953,-0.44172017444770434,1750.157717150294
2026-03-04 15:30:00,10.654999732971191,10.949999809265137,10.5,10.904999732971191,6799915,1h,1H,yfinance,730d,2026-04-02T03:04:46Z,0.023463163422368982,0.023463163422368982,11.035160211145467,11.106095027923583,10.051460552215577,9.783793287277222,9.680100145339965,11.035160211145467,10.051460552215577,9.783793287277222,9.680100145339965,0.046544457954700684,0.8088056207173213,5622135.5,1.2094897036899948,51.03264278001765,0.4499998092651367,0.45550949099312693,0.04177070170995944,46.456522830251274,32.362948111095506,23.825886401213477,11.106095027923583,0.8088056207173213,12.723706269358226,9.48848378648894,0.29130153080223997,0.37149462759804486,0.4993034187289673,-0.12780879113092242,13.43000030517578,10.5600004196167,10.5600004196167,-0.013122213145774553,0.09874050613632956,-0.0901202391478575,0.1365293829583225,0.0311531610130062,1.3408174436141649,0.3093141050836886,0.9417660753732031,-0.011795069186473106,0.0849169308601101,0.038363281505345403,-0.24863241525700888,1750.157717150294
2026-03-04 16:30:00,10.909000396728516,10.960000038146973,10.6850004196167,10.71500015258789,3008162,1h,1H,yfinance,730d,2026-04-02T03:04:46Z,-0.01742316231414831,-0.01742316231414831,11.004668776997127,11.158345031738282,10.07786054611206,9.792093286514282,9.688800144195557,11.004668776997127,10.07786054611206,9.792093286514282,9.688800144195557,0.04685779591676705,0.7456311378799712,5715920.35,0.5262778023140229,48.034418409593215,0.27499961853027344,0.4426159286743517,0.04130806555027915,44.241602866368936,31.088096390239535,22.76851859459433,11.158345031738282,0.7456311378799712,12.649607307498224,9.66708275597834,0.2672909417155078,0.3021280699283224,0.4598683489688383,-0.1577402790405159,13.43000030517578,10.5,10.5,-0.0479786722667529,0.06669985776059262,-0.08963468684318421,0.10806619111159788,0.03392863044983739,1.2174987614472699,0.3093141050836886,0.8641408113063227,-0.026322339207039636,0.06322171293803347,0.04015568451472129,-0.5945900816467234,1750.157717150294
2026-03-04 17:30:00,10.71500015258789,11.005000114440918,10.69499969482422,10.984999656677246,3612123,1h,1H,yfinance,730d,2026-04-02T03:04:46Z,0.02519827347124637,0.02519827347124637,11.002795527442853,11.223344993591308,10.111360530853272,9.801808280944824,9.698500142097473,11.002795527442853,10.111360530853272,9.801808280944824,9.698500142097473,0.04702460222836387,0.6668628137665598,5839734.9,0.6185422903358164,52.32124562682405,0.31000041961669744,0.4331433923130907,0.0394304420437377,42.271336563383585,30.24091483528321,21.60456054750412,11.223344993591308,0.6668628137665598,12.557070621124428,9.889619366058188,0.23766989757415397,0.26587641886169777,0.4210699629474102,-0.15519354408571245,13.43000030517578,10.5,10.5,-0.03598076214267132,0.11071782359378601,-0.026583978271267794,0.13422810332846602,0.03660550667306288,1.0771724155030922,0.3093141050836886,0.7683771728090109,-0.0016173953902188787,0.08640173823870656,0.04256950896600298,-0.3574128471309488,1750.157717150294
2026-03-04 18:30:00,10.984999656677246,11.109999656677246,10.835000038146973,11.010000228881836,4058196,1h,1H,yfinance,730d,2026-04-02T03:04:46Z,0.0022758828389579655,0.0022758828389579655,11.00348168948466,11.289095020294189,10.144902019500732,9.81155828475952,9.705975141525268,11.00348168948466,10.144902019500732,9.81155828475952,9.705975141525268,0.04701703865382656,0.5708474211131183,5955563.65,0.6814125813263703,52.71025389770565,0.27499961853027344,0.4218474084714609,0.03831493185303079,40.64848059564399,30.61066840291902,20.598569520253367,11.289095020294189,0.5708474211131183,12.430789862520426,10.147400178067953,0.20226507796662774,0.23643854508095785,0.38414367937411975,-0.1477051342931619,13.43000030517578,10.5,10.5,-0.03166223925248035,0.11947129498499187,-0.02824357431412483,0.13563698560605864,0.036880661261759054,1.0388895031217595,0.3093141050836886,0.6539148219959207,0.0005924069836373835,0.08527418083666016,0.04522233691879074,-0.48891311599189685,1750.157717150294
2026-03-04 19:30:00,11.010000228881836,11.119999885559082,10.897600173950195,11.005000114440918,5044222,1h,1H,yfinance,730d,2026-04-02T03:04:46Z,-0.0004541429915506656,-0.0004541429915506656,11.003626301385257,11.354345035552978,10.178802013397217,9.822758283615112,9.712550640106201,11.003626301385257,10.178802013397217,9.822758283615112,9.712550640106201,0.04702461956969712,0.44652382914133576,6092469.6,0.8279437290914017,52.61778808291475,0.22239971160888672,0.40760114440984846,0.0370378137365931,39.161932565252094,29.592905079204655,19.79576861975667,11.354345035552978,0.44652382914133576,12.24739269383565,10.461297377270306,0.15730500623089072,0.21028135797448222,0.3493712150941923,-0.13908985711971006,13.43000030517578,10.5,10.5,-0.08969088592716468,0.12525566614689132,0.032848464593262516,0.13453611658108344,0.0369823574422829,1.0014995337816621,0.3093141050836886,0.5085607272527387,0.0001248509371394313,0.08116850096467831,0.04800503910535259,-0.7823656842320135,1750.157717150294
2026-03-04 20:30:00,11.005000114440918,11.239999771118164,10.972399711608888,11.170000076293944,6249200,1h,1H,yfinance,730d,2026-04-02T03:04:46Z,0.014993181293702085,0.014993181293702085,11.019471422805132,11.339970016479493,10.214902019500732,9.8362082862854,9.719625639915467,11.019471422805132,10.214902019500732,9.8362082862854,9.719625639915467,0.025186565832703213,0.44759802274062294,5532634.1,1.1295162280838345,55.39830799724066,0.26760005950927557,0.3976010669169504,0.035595439946395156,38.032611050668535,30.32603860266049,18.84410602888116,11.339970016479493,0.44759802274062294,12.235166061960738,10.444773970998247,0.15788331788890575,0.20055385668019632,0.3196077434113931,-0.11905388673119677,13.43000030517578,10.5,10.5,-0.08741827735561081,0.15214032263014587,0.024300811537071976,-0.0250927663088083,0.0369823574422829,0.9624978613639691,0.3093141050836886,0.5104303854691287,0.013660242648053655,0.09350046187128225,0.0509563225924381,-0.3797379156074698,1750.157717150294
2026-03-05 14:30:00,11.4399995803833,12.1899995803833,11.31999969482422,12.045000076293944,10671437,1h,1H,yfinance,730d,2026-04-02T03:04:46Z,0.07833482489019938,0.07833482489019938,11.117140818375496,11.376470041275024,10.267002029418945,9.858808288574219,9.732125639915466,11.117140818375496,10.267002029418945,9.858808288574219,9.732125639915466,0.030356101743713646,0.47311090801142747,5692354.9,1.8746963580925005,66.59386689208482,1.0199995040893572,0.4420580981435509,0.03670054755861531,38.47361091220294,40.67817441917424,15.738344448610267,11.376470041275024,0.47311090801142747,12.322691857297878,10.43024822525217,0.1663471731723219,0.2604476507467215,0.3077757248784588,-0.047328074131737286,13.43000030517578,10.5,10.6850004196167,0.0,0.2430341174294961,0.12412504944153735,0.06451617525255915,0.0369823574422829,0.9923798831886961,0.3093141050836886,0.5377936875116467,0.08346204056215534,0.17317597111409389,0.0549598730322316,1.4130514086620303,1750.157717150294
2026-03-05 15:30:00,12.050000190734863,12.255000114440918,11.8100004196167,12.244999885559082,7385164,1h,1H,yfinance,730d,2026-04-02T03:04:46Z,0.01660438422568067,0.01660438422568067,11.224555967631076,11.427470016479493,10.324602031707764,9.883558282852173,9.745251140594483,11.224555967631076,10.324602031707764,9.883558282852173,9.745251140594483,0.0303611626406742,0.5077430309094048,5820834.2,1.268746668647597,68.53783552691132,0.44499969482421875,0.44226821219217005,0.03611827001433875,38.96143962768322,38.804437190925434,14.607234042946219,11.427470016479493,0.5077430309094048,12.442956078298302,10.411983954660684,0.17772718901985862,0.32035932432145486,0.31029244476705803,0.010066879554396835,13.43000030517578,10.5,10.69499969482422,0.021685267338506176,0.26628746524808866,0.11470189060187574,0.09086854961476631,0.0369823574422829,0.9766351447634809,0.3093141050836886,0.5745848187937386,0.09091174037269001,0.18600211881810136,0.05944955986818612,1.6101252391693759,1750.157717150294
2026-03-05 16:30:00,12.239999771118164,12.28499984741211,11.960000038146973,12.130000114440918,3937797,1h,1H,yfinance,730d,2026-04-02T03:04:46Z,-0.009391569799342081,-0.009391569799342081,11.310788743517728,11.481470012664795,10.383702030181885,9.906558284759521,9.75807614326477,11.310788743517728,10.383702030181885,9.906558284759521,9.75807614326477,0.030182402503478017,0.5219580819460089,5836578.3,0.6746756057397534,66.15402678088088,0.3249998092651367,0.43389189769738196,0.0357701478651124,39.452221004141144,37.222169902759944,13.825711485460882,11.481470012664795,0.5219580819460089,12.525386176556813,10.437553848772778,0.1818436424500541,0.3544740802885702,0.31912877187136046,0.03534530841720973,13.43000030517578,10.5,10.835000038146973,0.030586205834833624,0.2615705047521051,0.1017256913965412,0.09773754796960143,0.0369823574422829,0.9672219495725131,0.3093141050836886,0.5878931463563685,0.07242743096874515,0.16817682934112899,0.06411365086026044,1.242494606766538,1750.157717150294
2026-03-05 17:30:00,12.130000114440918,12.460000038146973,11.880000114440918,12.449999809265137,5095364,1h,1H,yfinance,730d,2026-04-02T03:04:46Z,0.02638084845879396,0.02638084845879396,11.419285035493672,11.541219997406007,10.449702033996582,9.936408281326294,9.772651143074036,11.419285035493672,10.449702033996582,9.936408281326294,9.772651143074036,0.03040396846052361,0.5596501105487602,5946366.65,0.8568869529765709,69.34870501677409,0.5799999237060547,0.44432818526943,0.03568901141177259,40.129625148316975,36.564863504046556,12.536620629937573,11.541219997406007,0.5596501105487602,12.660520218503526,10.421919776308487,0.19396566764156523,0.4026896159719904,0.33584094069148646,0.06684867528050392,13.43000030517578,10.5,10.897600173950195,0.10323437993844431,0.2868216603435021,0.13130392365267407,0.10617500512425182,0.0369823574422829,0.9650280263358335,0.3037835925779218,0.6384994857541959,0.09026088503507657,0.19142151314562628,0.0692801657411437,1.6238356693399627,1750.157717150294
2026-03-05 18:30:00,12.4399995803833,12.520000457763672,12.25,12.44499969482422,3651545,1h,1H,yfinance,730d,2026-04-02T03:04:46Z,-0.00040161562389706695,-0.00040161562389706695,11.516972145906106,11.593719959259033,10.516002025604248,9.967708282470703,9.785476140975952,11.516972145906106,10.516002025604248,9.967708282470703,9.785476140975952,0.030386557801667182,0.5917971608813928,5951676.75,0.6135321445338913,69.23873246838451,0.2700004577636719,0.43187620473330446,0.0347027894996991,40.83420618296342,35.924387652063494,11.976788690037953,11.593719959259033,0.5917971608813928,12.77731428102182,10.410125637496247,0.20417852525712227,0.4354773955865401,0.3557682316704972,0.07970916391604288,13.43000030517578,10.5,10.972399711608888,0.09841127790170767,0.31484410926518036,0.11414499640301745,0.09214560727333376,0.0369823574422829,0.9383606643751297,0.2792962362588739,0.7310464616067128,0.08057912593354644,0.18343450909606807,0.07465409696001135,1.438465392935198,1750.157717150294
2026-03-05 19:30:00,12.44499969482422,12.579999923706056,11.854999542236328,11.925000190734863,5364981,1h,1H,yfinance,730d,2026-04-02T03:04:46Z,-0.041783810111752806,-0.041783810111752806,11.55583195969932,11.621469974517822,10.572402038574218,9.994208288192748,9.795911641120911,11.55583195969932,10.572402038574218,9.994208288192748,9.795911641120911,0.032027672643231204,0.5936654043313727,5965494.45,0.8993355110740233,58.796260723708116,0.7250003814697283,0.45281364592876333,0.03797179360052146,40.11638533933334,31.81591815158037,16.837960559427913,11.621469974517822,0.5936654043313727,12.808800783180567,10.434139165855077,0.2043340147616752,0.4147216796240141,0.3675589212612006,0.04716275836281347,13.43000030517578,10.6850004196167,11.31999969482422,0.11919291314796943,0.2692921351462516,-0.009962630535408246,0.04881269223939766,0.037221718957032454,1.0201515315387468,0.2524804196448309,0.809306381259647,0.031946486615849645,0.12793669283721787,0.07926678250075114,0.5112816310374324,1750.157717150294
2026-03-05 20:30:00,11.92990016937256,12.28499984741211,11.770000457763672,12.260000228881836,5526331,1h,1H,yfinance,730d,2026-04-02T03:04:46Z,0.02809224593616788,0.02809224593616788,11.62289560438337,11.630004978179931,10.631702041625976,10.0237082862854,9.807886643409729,11.62289560438337,10.631702041625976,10.0237082862854,9.807886643409729,0.029533130228834154,0.6015052421890474,5358594.55,1.0313023216134163,62.69925827067872,0.5149993896484375,0.4572554847658829,0.037296531503212424,39.18058384914461,29.25636462671235,16.811149826778387,11.630004978179931,0.6015052421890474,12.833015462558027,10.426994493801836,0.20688047625691802,0.4204575555782153,0.37813864812460357,0.04231890745361172,13.43000030517578,10.69499969482422,11.8100004196167,0.12425497744982139,0.3168635527716326,0.0012250178409918266,0.01411993010716639,0.037167172619902766,1.0034804606912817,0.222275186915536,0.9307403094684252,0.054814621604120095,0.1531549869325377,0.08399519979870473,1.04736452239248,1750.157717150294
2026-03-06 14:30:00,12.399999618530272,12.979999542236328,12.170000076293944,12.385000228881836,8818498,1h,1H,yfinance,730d,2026-04-02T03:04:46Z,0.01019575837409259,0.01019575837409259,11.695476997192747,11.637255001068116,10.692402038574219,10.054458284378052,9.820486645698548,11.695476997192747,10.692402038574219,10.054458284378052,9.820486645698548,0.029493707744224048,0.6096328424613942,5490323.7,1.6061890849896518,64.06700263306537,0.8099994659423846,0.4824514834213473,0.03895449935449091,39.36689804352391,36.037554228641405,14.795103676544413,11.637255001068116,0.6096328424613942,12.856520685990905,10.417989316145327,0.2095452380842182,0.430131446361953,0.38853720777207346,0.04159423858987954,12.579999923706056,10.835000038146973,11.770000457763672,0.1558562811490587,0.3270222542125807,0.021022268098525254,0.011846442849273497,0.037167172619902766,1.04808885391597,0.20821285717056812,1.0063991289095016,0.05895640099626509,0.15829915338025558,0.08878535497602624,1.2265501064455397,1750.157717150294
2026-03-06 15:30:00,12.385000228881836,12.649999618530272,12.1850004196167,12.25,3464833,1h,1H,yfinance,730d,2026-04-02T03:04:46Z,-0.01090030087904359,-0.01090030087904359,11.748288711745818,11.647504997253417,10.754302043914794,10.084258279800416,9.832226643562317,11.748288711745818,10.754302043914794,10.084258279800416,9.832226643562317,0.029369232993311963,0.6180672775297332,5426402.35,0.6385138396528964,61.44644681177928,0.46499919891357244,0.48120489167079195,0.039282031973125874,39.53990408116183,33.55013238146775,13.77390052044934,11.647504997253417,0.6180672775297332,12.883639552312884,10.41137044219395,0.21225739853315503,0.42203967363086825,0.3952377009438324,0.026801972687035824,12.979999542236328,10.897600173950195,11.770000457763672,0.11515706716966734,0.31578941437946173,-0.01606424195414846,0.01701950372831651,0.03763416255186694,1.0437865308943133,0.20821285717056812,1.0194250317561975,0.042705052673124744,0.1390790355317879,0.09378093424608047,0.9748048871873801,1750.157717150294
2026-03-06 16:30:00,12.255000114440918,12.59000015258789,12.220000267028809,12.53499984741211,2601733,1h,1H,yfinance,730d,2026-04-02T03:04:46Z,0.023265293666294706,0.023265293666294706,11.823213581809275,11.675,10.821802043914795,10.115028276443482,9.84582664489746,11.823213581809275,10.821802043914795,10.115028276443482,9.84582664489746,0.029711774536920456,0.6441545059546441,5340383.9,0.4871808934934434,64.72664845534385,0.36999988555908203,0.47326167694852694,0.03775522000075918,39.70055254468275,31.676577350457872,13.004718440232812,11.675,0.6441545059546441,12.963309011909288,10.386690988090713,0.2206953339459165,0.43362542728319653,0.40291524621170527,0.03071018107149126,12.979999542236328,10.972399711608888,11.770000457763672,0.13851040752295707,0.33849441043984707,0.007231832446353392,0.04588197549065476,0.03786350680064032,0.9971400747307614,0.20821285717056812,1.0599505570644119,0.06020243656072988,0.15830984493572964,0.09912579554944001,1.335083181848708,1750.157717150294
2026-03-06 17:30:00,12.529999732971191,12.720000267028809,12.414999961853027,12.635000228881836,2640059,1h,1H,yfinance,730d,2026-04-02T03:04:46Z,0.007977693074353809,0.007977693074353809,11.900526595816187,11.718249988555907,10.890602054595947,10.147028274536133,9.859551644325256,11.900526595816187,10.890602054595947,10.147028274536133,9.859551644325256,0.029346628460572875,0.6772689522305585,5337652.8,0.4946104774742936,65.82535535544332,0.30500030517578125,0.46124300753618797,0.036505183947828604,40.037477569346954,32.193603490495036,12.390470941286805,11.718249988555907,0.6772689522305585,13.072787893017024,10.363712084094791,0.23118433311867623,0.44573822280003306,0.41147984152937084,0.03425838127066222,12.979999542236328,11.31999969482422,11.770000457763672,0.14811450227083678,0.338453473571956,0.059538786313698244,0.07349190632763292,0.03786350680064032,0.9641258043011286,0.20821285717056812,1.11032688499774,0.06171774224880644,0.16017463181016112,0.10457376232357585,1.353598503676638,1750.157717150294
2026-03-06 18:30:00,12.635000228881836,12.9350004196167,12.614999771118164,12.920000076293944,3400353,1h,1H,yfinance,730d,2026-04-02T03:04:46Z,0.02255637849223291,0.02255637849223291,11.99761930824264,11.8,10.963802051544189,10.181278276443482,9.876426644325257,11.99761930824264,10.963802051544189,10.181278276443482,9.876426644325257,0.027680558304433025,0.7175200685090496,5105900.65,0.6659653669524493,68.80740134407714,0.32000064849853516,0.45115426760492705,0.03491906075393299,40.645866570258974,33.96652275058597,11.762722610723978,11.8,0.7175200685090496,13.2350401370181,10.364959862981902,0.24322714186747438,0.4728836974537902,0.42376061271425475,0.04912308473953547,12.979999542236328,11.770000457763672,11.770000457763672,0.15666964978039877,0.37960495377047065,0.05383359176921498,0.14488260974649236,0.03752587575198581,0.9305328670999804,0.20821285717056812,1.1681658144108868,0.07688031636556492,0.17842332573618802,0.11009805938706685,1.5609320567454164,1750.157717150294
2026-03-06 19:30:00,12.920000076293944,12.9399995803833,12.385000228881836,12.414999961853027,2942769,1h,1H,yfinance,730d,2026-04-02T03:04:46Z,-0.03908669593334657,-0.03908669593334657,12.037369846681726,11.85425000190735,11.026502056121826,10.211928272247315,9.891176643371582,12.037369846681726,11.026502056121826,10.211928272247315,9.891176643371582,0.029462711389856577,0.7209425983214123,5113064.85,0.5755391504568929,58.98566364055269,0.5549993515014648,0.4585717735975369,0.03693691300898658,40.37270799270742,31.030170115745094,14.328398375465042,11.85425000190735,0.7209425983214123,13.296135198550173,10.412364805264525,0.2432689029522449,0.4484776220567035,0.42870401458274454,0.019773607473958954,12.979999542236328,11.770000457763672,12.170000076293944,0.03071813061149653,0.3531334826989969,0.00242226341677676,0.09576346385288104,0.037167172619902766,0.9938047584821428,0.20821285717056812,1.1683663836040579,0.031371480645782546,0.12592369716743645,0.11478163353912652,0.777801119328065,1750.157717150294
2026-03-06 20:30:00,12.414999961853027,12.520000457763672,12.265000343322754,12.470000267028809,3882190,1h,1H,yfinance,730d,2026-04-02T03:04:46Z,0.004430149443800158,0.004430149443800158,12.078572743857638,11.94500002861023,11.089702053070068,10.244178276062012,9.906201643943787,12.078572743857638,11.089702053070068,10.244178276062012,9.906201643943787,0.025479750479076007,0.6771779838421654,4907743.6,0.7910335821129695,59.66102520111415,0.25500011444091797,0.4440309408006356,0.03560793354388866,39.703781951646526,29.757302425751504,15.671008373922804,11.94500002861023,0.6771779838421654,13.29935599629456,10.590644060925898,0.22676533519303924,0.4286326856535574,0.42868974879690713,-5.706314334974483e-05,12.979999542236328,11.770000457763672,12.1850004196167,0.018374878201107725,0.3628416160559158,0.01795920547173946,0.17034261656912286,0.036987363372789836,0.9627053754819417,0.20821285717056812,1.0891034217318911,0.03240676953079791,0.12446666351839619,0.11947065602584628,0.7752765904169514,1750.157717150294
2026-03-09 13:30:00,12.75,13.024999618530272,12.619999885559082,12.854999542236328,6683814,1h,1H,yfinance,730d,2026-04-02T03:04:46Z,0.030874039050782898,0.030874039050782898,12.152518153227037,12.042500019073486,11.16070203781128,10.279828271865846,9.923276643753052,12.152518153227037,11.16070203781128,10.279828271865846,9.923276643753052,0.025751226526433163,0.6605972287663088,4901938.55,1.3635042405825344,64.11541367400537,0.5549993515014631,0.45195725585069474,0.03515809194436344,39.87841607127121,35.12832749631101,14.296447367748113,12.042500019073486,0.6605972287663088,13.363694476606105,10.721305561540868,0.21942195647748347,0.43891214848071236,0.4307342287336682,0.008177919747044182,12.979999542236328,11.770000457763672,12.220000267028809,0.05976911961709619,0.40799555105191954,0.025528496108460974,0.17881704328422177,0.03681873028380094,0.9548969145150523,0.20821285717056812,1.0538348085667584,0.05780541778682724,0.15180922299376398,0.12469927408878778,1.2299469143705257,1750.157717150294
2026-03-09 14:30:00,12.854999542236328,12.975000381469728,12.460000038146973,12.550000190734863,2893288,1h,1H,yfinance,730d,2026-04-02T03:04:46Z,-0.023726126982685614,-0.023726126982685614,12.19037358537064,12.134250020980835,11.221802043914796,10.31172827720642,9.938626646995544,12.19037358537064,11.221802043914796,10.31172827720642,9.938626646995544,0.0261037690173598,0.5939155346003172,4896194.85,0.590925828860753,58.59528046661895,0.5150003433227557,0.45646033352727056,0.03637134076414246,39.51035624068498,32.297366325857034,15.648044930263355,12.134250020980835,0.5939155346003172,13.322081090181468,10.9464189517802,0.19578153856180708,0.41763357822858715,0.428114098632652,-0.01048052040406483,13.024999618530272,11.770000457763672,12.265000343322754,0.008032159277248097,0.37836362676547597,-0.006727347574768894,0.1712552507713947,0.036602865753221955,0.9936746758944929,0.2056072455092966,0.9522112806717931,0.02950086827493137,0.1183587218543305,0.1291099306267991,0.7000156512723865,1750.157717150294
2026-03-09 15:30:00,12.545000076293944,12.649999618530272,12.039999961853027,12.125,4301881,1h,1H,yfinance,730d,2026-04-02T03:04:46Z,-0.03386455651599296,-0.03386455651599296,12.184147529621056,12.191250038146972,11.272402038574219,10.344528274536133,9.95212664604187,12.184147529621056,11.272402038574219,10.344528274536133,9.95212664604187,0.027333746128414223,0.5324022149037805,4930682.75,0.8724716673365367,51.890974469911335,0.6099996566772443,0.467427428037983,0.03855071571447282,37.930706646681635,29.286756521059846,20.607516963095694,12.191250038146972,0.5324022149037805,13.256054467954533,11.126445608339411,0.17468338791768515,0.36229982759375723,0.4149512444248731,-0.05265141683111585,13.024999618530272,11.770000457763672,12.265000343322754,-0.025713113914924923,0.30446475529609884,-0.061532513281686185,0.1037779134230381,0.036602865753221955,1.0532157775400253,0.20425627000939872,0.8552167720954035,-0.004854465975339006,0.0756358723285584,0.1326626398044728,-0.12443606786824718,1750.157717150294
2026-03-09 16:30:00,12.125,12.279999732971191,12.024999618530272,12.095000267028809,2564271,1h,1H,yfinance,730d,2026-04-02T03:04:46Z,-0.0024742047811291412,-0.0024742047811291412,12.17565731413608,12.24550004005432,11.3248020362854,10.378228273391723,9.965651645660401,12.17565731413608,11.3248020362854,10.378228273391723,9.965651645660401,0.027379750724026482,0.4595701263736282,4855986.5,0.5280638650869396,51.44353433573338,0.25500011444091975,0.4522540484953356,0.03739181798351741,36.42260608806035,28.107247808878483,20.01447404457462,12.24550004005432,0.4595701263736282,13.164640292801577,11.326359787307064,0.15011885994705026,0.3124252599067301,0.3944460475212445,-0.08202078761451442,13.024999618530272,12.039999961853027,12.039999961853027,0.014255771368962167,0.293582863483006,-0.025775247346553898,0.09854677707460535,0.036602865753221955,1.0215543841734853,0.20425627000939872,0.7349534970953041,-0.006624451150873623,0.06800986262502806,0.1363834939200237,-0.32747945174999565,1750.157717150294
2026-03-09 17:30:00,12.09000015258789,12.390000343322754,12.039999961853027,12.231300354003906,2870666,1h,1H,yfinance,730d,2026-04-02T03:04:46Z,0.011269126413056219,0.011269126413056219,12.18095665126635,12.306815052032471,11.378928050994872,10.411641273498535,9.9795831489563,12.18095665126635,11.378928050994872,10.411641273498535,9.9795831489563,0.02738046407898744,0.36126617423036633,4747308.7,0.6046933497288685,53.40918720354334,0.35000038146972656,0.44495021513636357,0.0363779976174577,35.244592621538914,28.293867977742025,18.889938356211918,12.306815052032471,0.36126617423036633,13.029347400493204,11.584282703571738,0.11741987596399396,0.2806622835014405,0.37168929471728374,-0.09102701121584322,13.024999618530272,12.024999618530272,12.024999618530272,-0.002340935916976483,0.33602410822073536,-0.019141933272931455,0.1114311882608543,0.036441590782643155,0.9982549289474008,0.20425627000939872,0.5748654665954243,0.00413298431140241,0.0749079613816972,0.14022077687532675,-0.20902786758112546,1750.157717150294
2026-03-09 18:30:00,12.234999656677246,12.354999542236328,11.720000267028809,11.762700080871582,3942891,1h,1H,yfinance,730d,2026-04-02T03:04:46Z,-0.038311566192463564,-0.038311566192463564,12.141122692181133,12.336450052261352,11.42631805419922,10.440718278884887,9.990871648788453,12.141122692181133,11.42631805419922,10.440718278884887,9.990871648788453,0.028895406179140597,0.28252549627136464,4631993.25,0.8512298674010373,46.447518376752484,0.6349992752075195,0.458525147998589,0.03898128362077677,33.25173491598561,25.495051920105062,22.006276593030492,12.336450052261352,0.28252549627136464,12.901501044804082,11.771399059718622,0.09160674102338744,0.21519711172603984,0.34039085811903497,-0.12519374639299513,13.024999618530272,12.024999618530272,12.024999618530272,-0.0502462766661117,0.2841375848051777,-0.08497078959636617,0.053061772652582606,0.036602865753221955,1.0649790069332332,0.20425627000939872,0.4484892484288106,-0.031168667091491797,0.02943923187476316,0.14367579285085075,-2.0307900666022904,1750.157717150294
2026-03-09 19:30:00,11.767499923706056,11.800000190734863,11.470000267028809,11.484999656677246,6575889,1h,1H,yfinance,730d,2026-04-02T03:04:46Z,-0.02360856115390808,-0.02360856115390808,12.078634784037906,12.308450031280518,11.466618041992188,10.468668279647828,10.000321645736694,12.078634784037906,11.466618041992188,10.468668279647828,10.000321645736694,0.02367737077428549,0.3332234824421894,4427215.85,1.4853328192706032,42.88041982135939,0.3299999237060547,0.4493447748348366,0.03912449179513843,30.97406010973147,24.15764979599334,24.825926669675887,12.308450031280518,0.3332234824421894,12.974896996164897,11.64200306639614,0.10829096485596162,0.13930160584974338,0.3001730076651767,-0.1608714018154333,13.024999618530272,11.720000267028809,11.720000267028809,-0.06244900761818395,0.24904839998440087,-0.08486059903360499,-0.04649235500785487,0.03672104847840759,1.06545138051121,0.20425627000939872,0.5301720473549169,-0.0491475351291486,0.0016030545900929116,0.14662492349739575,-2.4711655030078252,1750.157717150294
2026-03-10 13:30:00,11.18000030517578,11.300000190734863,10.770000457763672,11.279999732971191,5599202,1h,1H,yfinance,730d,2026-04-02T03:04:46Z,-0.01784936263248993,-0.01784936263248993,12.002574302983932,12.260200023651123,11.50311803817749,10.494718275070191,10.00927164554596,12.002574302983932,11.50311803817749,10.494718275070191,10.00927164554596,0.02350694261752443,0.4017387593569819,4337917.75,1.2907579909738953,40.413040294044464,0.7149991989135742,0.4683200908404607,0.041517739532526,30.243877411731333,21.523203126230143,32.79505844625933,12.260200023651123,0.4017387593569819,13.063677542365086,11.45672250493716,0.13107086624426628,0.061898561966122756,0.25251811852536593,-0.19061955655924318,13.024999618530272,11.470000267028809,11.470000267028809,-0.1001196752866349,0.21814248965016225,-0.06969074367247907,-0.07880768980046671,0.0371167222560995,1.118572357926979,0.20425627000939872,0.6416981287195499,-0.060201632730830346,-0.0193963327565444,0.14924626341780622,-2.4398947521240624,1750.157717150294
2026-03-10 14:30:00,11.289999961853027,11.569899559020996,11.255000114440918,11.524999618530272,2470335,1h,1H,yfinance,730d,2026-04-02T03:04:46Z,0.021719848524725638,0.021719848524725638,11.957090999702631,12.229949998855592,11.54331802368164,10.522218275070191,10.02052164554596,11.957090999702631,11.54331802368164,10.522218275070191,10.02052164554596,0.024108336935128778,0.43203859519275895,4264544.65,0.5792728656270488,44.5216715097151,0.3148994445800781,0.4573614732504334,0.03968429400336575,28.915029439184963,24.679864182673246,31.182213231494238,12.229949998855592,0.43203859519275895,13.094027189241109,11.365872808470074,0.1413051059843045,0.020093905213400376,0.20603327586297282,-0.18593937064957244,13.024999618530272,10.770000457763672,10.770000457763672,-0.08785125367977908,0.2419180980773903,-0.04712696452371057,-0.04987638006617867,0.03734417474336492,1.0626635687113852,0.20425627000939872,0.6918030275291057,-0.03613683137337542,-0.0015869271827899656,0.15196777493241087,-1.6316838082736524,1750.157717150294
2026-03-10 15:30:00,11.52929973602295,11.604999542236328,11.3149995803833,11.385000228881836,2167602,1h,1H,yfinance,730d,2026-04-02T03:04:46Z,-0.012147452866145048,-0.012147452866145048,11.902606164386365,12.176700019836426,11.580118026733398,10.54396827697754,10.032671647071838,11.902606164386365,11.580118026733398,10.54396827697754,10.032671647071838,0.023267257279295562,0.4659374391551535,4118156.55,0.5263525010966376,42.70943568376944,0.28999996185302734,0.4454070795791901,0.03912227234297871,27.59770932170382,24.09498006892119,29.732040527175286,12.176700019836426,0.4659374391551535,13.108574898146733,11.24482514152612,0.15305869025142085,-0.02405606384075476,0.16001540792222732,-0.18407147176298208,13.024999618530272,10.770000457763672,10.770000457763672,-0.11880803702382148,0.22287859460167092,-0.0691913452068107,-0.08554213628105767,0.037573518992138295,1.0412192786937116,0.20425627000939872,0.7493463492913973,-0.04348677326258599,-0.016849379030604128,0.15424070816801838,-1.6991547028075595,1750.157717150294
2026-03-10 16:30:00,11.385000228881836,11.43970012664795,10.850000381469728,10.9399995803833,2902722,1h,1H,yfinance,730d,2026-04-02T03:04:46Z,-0.03908657352238287,-0.03908657352238287,11.810929346862263,12.10145001411438,11.607018013000488,10.56051827430725,10.042846646308899,11.810929346862263,11.607018013000488,10.56051827430725,10.042846646308899,0.024449948442105053,0.5332047420199337,4080715.4,0.711326744325272,37.48626089792784,0.5896997451782209,0.4557136985505495,0.04165573272669018,27.204690190987318,21.867891994621484,34.272319601042774,12.10145001411438,0.5332047420199337,13.167859498154248,11.035040530074513,0.17624490995642242,-0.09387097948887124,0.10923813044000762,-0.20310910992887887,13.024999618530272,10.770000457763672,10.770000457763672,-0.11880792476857749,0.17571189914932894,-0.06994146708085769,-0.12093211340670729,0.03786350680064032,1.100155169092413,0.20005777666174113,0.8809700522385508,-0.07373930881318302,-0.0574668215272941,0.1557498010055225,-2.178244757034924,1750.157717150294
2026-03-10 17:30:00,10.93000030517578,11.574999809265137,10.925000190734863,11.479999542236328,4605343,1h,1H,yfinance,730d,2026-04-02T03:04:46Z,0.04936014465862604,0.04936014465862604,11.779412222612175,12.079199981689452,11.643218002319337,10.580268268585206,10.054871644973755,11.779412222612175,11.643218002319337,10.580268268585206,10.054871644973755,0.025833420671153906,0.5491498342082726,4042733.5,1.1391656165314878,46.100436875726814,0.6499996185302734,0.46959126426338693,0.04090516402336977,26.49883266726182,21.76382684494292,30.883811283561048,12.079199981689452,0.5491498342082726,13.177499650105997,10.980900313272908,0.1818497367510147,-0.10442260043870455,0.06650598426426518,-0.17092858470296973,13.024999618530272,10.770000457763672,10.770000457763672,-0.07939059371234203,0.20905736499230776,-0.000435360434513421,-0.03731661562943023,0.038152967857616,1.0721358342560598,0.1888156376564109,0.9631073941128113,-0.025418303962661537,-0.014018328957724147,0.15796784021003063,-1.091141983711989,1750.157717150294
2026-03-10 18:30:00,11.489999771118164,11.625,11.34000015258789,11.369999885559082,2309590,1h,1H,yfinance,730d,2026-04-02T03:04:46Z,-0.00958185200901307,-0.00958185200901307,11.740420571464261,12.034699964523316,11.676917991638184,10.598918266296387,10.066098642349242,11.740420571464261,11.676917991638184,10.598918266296387,10.066098642349242,0.02496097734223234,0.5684180602615575,3881896.45,0.594964350478746,44.747766705499025,0.2849998474121094,0.45640616305972426,0.040141263645868716,25.715018966971396,21.57560660952126,29.50629740984197,12.034699964523316,0.5684180602615575,13.171536085046432,10.8978638440002,0.18892637521074165,-0.12027444017207323,0.029149899376997503,-0.14942433954907072,13.024999618530272,10.770000457763672,10.770000457763672,-0.11551923061515001,0.18499213852340213,0.007978737120429402,-0.07259382762702649,0.03875260753448187,1.0358338754405423,0.18538805598087818,1.0190860150679202,-0.03155088726595601,-0.026284170728858913,0.1600241967143099,-1.1693859246104399,1750.157717150294
2026-03-10 19:30:00,11.369999885559082,11.539999961853027,11.3100004196167,11.390000343322754,3187044,1h,1H,yfinance,730d,2026-04-02T03:04:46Z,0.0017590552299893147,0.0017590552299893147,11.707047216403165,11.984949970245362,11.710818004608154,10.618268270492553,10.075973644256592,11.707047216403165,11.710818004608154,10.618268270492553,10.075973644256592,0.02479756627687169,0.5790253842615017,3600323.75,0.8852103925376156,45.06339937168082,0.22999954223632812,0.44023426157233886,0.03865094366133366,25.046331203410524,20.770454171891906,28.891939177232267,11.984949970245362,0.5790253842615017,13.143000738768364,10.826899201722359,0.1932508306497828,-0.12972784572365548,-0.0026256496431330935,-0.1271021960805224,13.024999618530272,10.770000457763672,10.850000381469728,-0.0924302653213096,0.2021108057787726,-0.011713603442594644,-0.08033910917811216,0.03860082968790324,1.0012982615616195,0.18538805598087818,1.0424125201987966,-0.02708171131625614,-0.0273949830967537,0.162251750358978,-1.027501804055475,1750.157717150294
2026-03-11 13:30:00,11.510000228881836,11.949899673461914,11.489999771118164,11.9350004196167,4400003,1h,1H,yfinance,730d,2026-04-02T03:04:46Z,0.047848995598445576,0.047848995598445576,11.728757045280645,11.969199991226196,11.755518016815186,10.64266827583313,10.088248648643493,11.728757045280645,11.755518016815186,10.64266827583313,10.088248648643493,0.027158231906392022,0.5758771620292203,3647082.25,1.2064446860226419,52.950671840663816,0.5598993301391602,0.448781766469969,0.037602157577836255,23.377881384140153,25.443518959563832,26.317258341187173,11.969199991226196,0.5758771620292203,13.120954315284637,10.817445667167755,0.19245301689381303,-0.09218019047453829,-0.020536557809414133,-0.07164363266512416,13.024999618530272,10.770000457763672,10.850000381469728,-0.01567006848522068,0.2530184669401905,0.04830919452593463,-0.02571425145986128,0.038152967857616,0.9855631079124609,0.18538805598087818,1.0381090403885758,0.017584418667708768,0.015267928010044285,0.16526846494766767,-0.05938692114302218,1750.157717150294
2026-03-11 14:30:00,11.93000030517578,12.0600004196167,11.774999618530272,11.80500030517578,2676522,1h,1H,yfinance,730d,2026-04-02T03:04:46Z,-0.010892342678702205,-0.010892342678702205,11.7360183081278,11.93270001411438,11.762468013763428,10.665368280410767,10.101073651313781,11.7360183081278,11.762468013763428,10.665368280410767,10.101073651313781,0.026652044628245053,0.5618219116407069,3650821.7,0.7331286542971955,51.06728435690453,0.28500080108642756,0.4370831260854303,0.037025253264398116,21.842964454375398,26.057761603456324,25.091528813846026,11.93270001411438,0.5618219116407069,13.056343837395794,10.809056190832965,0.18833018880091382,-0.07208240485898365,-0.030845727219328038,-0.04123667763965561,13.024999618530272,10.770000457763672,10.850000381469728,-0.023976846254693762,0.2567602526183095,0.079067710966235,-0.05823690076765664,0.03807643664615454,0.9723928110310032,0.18508996277596426,1.0175062222518871,0.005877802440049429,0.003615932588516557,0.16447700707870405,-0.2272957075769338,1750.157717150294
2026-03-11 15:30:00,11.800000190734863,12.079999923706056,11.760000228881836,12.05500030517578,1900980,1h,1H,yfinance,730d,2026-04-02T03:04:46Z,0.021177466627458674,0.021177466627458674,11.766397545941894,11.903700017929078,11.777268028259277,10.685618286132813,10.113973650932312,11.766397545941894,11.777268028259277,10.685618286132813,10.113973650932312,0.027067045431023028,0.5393416812164946,3613867.75,0.5260236764336492,54.42450983791708,0.3199996948242205,0.42872002385248675,0.03556366760674548,20.465578701181613,25.001706869211006,23.75377904770118,11.903700017929078,0.5393416812164946,12.982383380362066,10.82501665549609,0.18123497077518763,-0.03557180467746335,-0.0317909427109551,-0.003780861966508245,13.024999618530272,10.770000457763672,10.925000190734863,-0.014413843477436572,0.27296726137875904,0.050087176469298056,-0.04590422740003264,0.03807643664615454,0.9340072427795622,0.18154235376310118,0.9983068249279468,0.02452770766133283,0.023582063025999744,0.16445508310906476,0.28052771094094103,1750.157717150294
2026-03-11 16:30:00,12.05500030517578,12.149999618530272,12.01010036468506,12.095000267028809,1710182,1h,1H,yfinance,730d,2026-04-02T03:04:46Z,0.0033181220108187137,0.0033181220108187137,11.797693043188266,11.86245002746582,11.79466802597046,10.705070285797119,10.126923651695252,11.797693043188266,11.79466802597046,10.705070285797119,10.126923651695252,0.02651411330162247,0.4892590175130911,3529359.2,0.48455878336214686,54.957001409958394,0.1398992538452113,0.4080899688519671,0.03374038527013743,19.3613693089826,25.614710585806478,23.17212580272014,11.86245002746582,0.4892590175130911,12.840968062492003,10.883931992439638,0.1649773921509574,-0.0033703767557753395,-0.02610682951991915,0.02273645276414381,13.024999618530272,10.770000457763672,11.3100004196167,0.028250332310828075,0.2792173838842249,0.0637643261888281,-0.06385447402425892,0.03807643664615454,0.8861224484761492,0.17873994036580504,0.9230023900272009,0.025200454254249438,0.025463390779380424,0.16468420535549577,0.4753110954296629,1750.157717150294
2026-03-11 17:30:00,12.093899726867676,12.31999969482422,12.0600004196167,12.28499984741211,2344442,1h,1H,yfinance,730d,2026-04-02T03:04:46Z,0.01570893560881048,0.01570893560881048,11.844103215019109,11.855950021743775,11.819368019104004,10.726070280075072,10.140873651504517,11.844103215019109,11.819368019104004,10.726070280075072,10.140873651504517,0.025447427795273418,0.4826945018961323,3499442.85,0.6699472174549157,57.49724972314386,0.2599992752075213,0.3975120621630781,0.03235751461949068,18.754232650601,27.47273173187617,22.089546629625207,11.855950021743775,0.4826945018961323,12.821339025536039,10.89056101795151,0.16285308254871925,0.037053732749123824,-0.013474717066110557,0.05052844981523438,13.024999618530272,10.850000381469728,11.3100004196167,0.06965609182841836,0.2911192227158699,0.07857765382896043,-0.01047121343861157,0.03807643664615454,0.8498041694444789,0.17546414893705378,0.9281273897560769,0.03722499073073893,0.03939566206547518,0.16551772808553467,0.8888641241674199,1750.157717150294
2026-03-11 18:30:00,12.28499984741211,12.3100004196167,11.984999656677246,12.0649995803833,2517721,1h,1H,yfinance,730d,2026-04-02T03:04:46Z,-0.01790803986661449,-0.01790803986661449,11.865140964101412,11.835699987411498,11.835568008422852,10.745670280456544,10.153048648834229,11.865140964101412,11.835568008422852,10.745670280456544,10.153048648834229,0.025708410019725146,0.4646677511748961,3431219.4,0.7337685838451485,53.7194763828386,0.3250007629394531,0.3923326836471049,0.032518250915234644,17.965174745609858,25.847169122633,22.147980417309626,11.835699987411498,0.4646677511748961,12.76503548976129,10.906364485061706,0.15703938142031942,0.050752900002811074,-0.0006291936523262298,0.0513820936551373,13.024999618530272,10.850000381469728,11.489999771118164,0.06959218670170464,0.2640125179619488,0.010892262773022798,-0.03247800144129476,0.03807643664615454,0.8540255806347563,0.16983039003432127,0.9246836292879214,0.016844183890150966,0.019384922785046887,0.16571567986939661,0.49346999526441526,1750.157717150294
2026-03-11 19:30:00,12.067500114440918,12.529999732971191,12.03499984741211,12.479999542236328,4535394,1h,1H,yfinance,730d,2026-04-02T03:04:46Z,0.034397014196982045,0.034397014196982045,11.923698923923785,11.8169499874115,11.857267990112305,10.771220273971558,10.166898646354674,11.923698923923785,11.857267990112305,10.771220273971558,10.166898646354674,0.025939429977410135,0.42938569279379113,3323798.4,1.3645213861346104,59.16933030225316,0.49499988555908203,0.39966605521224613,0.03202452482947998,17.77609037466614,27.49239722845946,20.188621806904795,11.8169499874115,0.42938569279379113,12.675721372999082,10.958178601823917,0.14534569182444276,0.09401289523539624,0.018299224125218266,0.07571367111017797,13.024999618530272,10.850000381469728,11.760000228881836,0.08286333668684698,0.30067735225826,0.05717909526563947,-0.029171529626889625,0.03807643664615454,0.8410588713194159,0.16391523734983832,0.8867125117492082,0.04665503732204934,0.05251897423953933,0.16626204337777195,1.5441817600179164,1750.157717150294
2026-03-12 13:30:00,12.710000038146973,13.010000228881836,12.5,12.8149995803833,6561127,1h,1H,yfinance,730d,2026-04-02T03:04:46Z,0.026842952759190908,0.026842952759190908,12.008584700729454,11.830199956893921,11.88616798400879,10.79892026901245,10.182198643684387,12.008584700729454,11.88616798400879,10.79892026901245,10.182198643684387,0.026079298644748325,0.455119249160763,3507190.35,1.870764442540166,62.96097493839843,0.5300006866455078,0.4089756717431934,0.03191382638585781,18.582266790873867,33.33086190498792,18.31984431520583,11.830199956893921,0.455119249160763,12.740438455215447,10.919961458572395,0.15388387375330784,0.15355833163464006,0.045351045627102626,0.10820728600753743,12.975000381469728,10.925000190734863,11.760000228881836,0.1256038052484001,0.32523262453734003,0.06304431820555134,0.021115488894101864,0.03807643664615454,0.8381516023264979,0.15994623198451935,0.9620975239241756,0.06715319912802564,0.07814390622984013,0.16734787838590304,2.1638276678152906,1750.157717150294
2026-03-12 14:30:00,12.8100004196167,13.229999542236328,12.710000038146973,13.210000038146973,4763337,1h,1H,yfinance,730d,2026-04-02T03:04:46Z,0.030823290729429464,0.030823290729429464,12.123005209054933,11.88444995880127,11.908581981658935,10.832120265960693,10.199173645973206,12.123005209054933,11.908581981658935,10.832120265960693,10.199173645973206,0.025512349969206705,0.5431735709607373,3530263.15,1.3492866671992993,66.86783910140838,0.5199995040893555,0.416905945482205,0.031559874661490635,19.70668137183107,34.13061400470666,16.687699898164574,11.88444995880127,0.5431735709607373,12.970797100722745,10.798102816879794,0.18281824496504512,0.22997079459941538,0.08227499542156519,0.1476957991778502,13.010000228881836,11.3100004196167,11.984999656677246,0.20749547941793778,0.36396483900924625,0.09218683311299092,0.08948453922861632,0.03749698778067683,0.8416642650360906,0.15994623198451935,1.142998135665612,0.08966380945544272,0.10928404897345656,0.16760263086222005,2.440380295015346,1750.157717150294
2026-03-12 15:30:00,13.21500015258789,13.25,12.96500015258789,13.03499984741211,3140503,1h,1H,yfinance,730d,2026-04-02T03:04:46Z,-0.013247554143036244,-0.013247554143036244,12.209861841279425,11.931449937820435,11.924481983184814,10.864120264053344,10.21562364578247,12.209861841279425,11.924481983184814,10.864120264053344,10.21562364578247,0.02576885795437284,0.5973275574229125,3559074.75,0.8823930994986829,63.66387641150526,0.2849998474121094,0.40748408133434105,0.03126076609929846,20.78460066523609,32.77610464891389,15.85401405750511,11.931449937820435,0.5973275574229125,13.12610505266626,10.73679482297461,0.2002531328667766,0.2732572299166236,0.12047144232057687,0.15278578759604672,13.229999542236328,11.3100004196167,11.984999656677246,0.13545299365690244,0.34450750466459357,0.0610500618083436,0.07771802890701518,0.037313705421117185,0.8377824112211288,0.16391523734983832,1.2216871116099086,0.06757963495893415,0.09312923326927591,0.167278905004282,1.8474786503284533,1750.157717150294
2026-03-12 16:30:00,13.037400245666504,13.15999984741211,12.979999542236328,13.015000343322754,1635022,1h,1H,yfinance,730d,2026-04-02T03:04:46Z,-0.0015342926216701525,-0.0015342926216701525,12.286541698616885,11.970634937286377,11.94388198852539,10.896470270156861,10.232348647117615,12.286541698616885,11.94388198852539,10.896470270156861,10.232348647117615,0.025741319388525637,0.6399010135424223,3497292.55,0.46751078916746613,63.290647662172866,0.18000030517578125,0.3912352401801582,0.03006033268227138,21.7855257233979,31.698983441631857,15.333003554737745,11.970634937286377,0.6399010135424223,13.250436964371222,10.690832910201532,0.21382358309140168,0.3024616591988547,0.15686948569623244,0.14559217350262227,13.25,11.489999771118164,11.984999656677246,0.14467902148820344,0.34175263909708864,0.0787402234546346,0.06407331736092181,0.037313705421117185,0.8056110306659371,0.1706111510536899,1.2532802326860404,0.05928915251944922,0.08967924798875249,0.16726691011353534,1.632073373747111,1750.157717150294
2026-03-12 17:30:00,13.020000457763672,13.175000190734863,12.93019962310791,13.0649995803833,1938800,1h,1H,yfinance,730d,2026-04-02T03:04:46Z,0.0038416623696977403,0.0038416623696977403,12.3606805444994,12.035749912261963,11.965479984283448,10.930170269012452,10.249048643112182,12.3606805444994,11.965479984283448,10.930170269012452,10.249048643112182,0.023896112045853284,0.6804066435183961,3397088.0,0.5707241025254571,63.861056565888234,0.24480056762695312,0.38077562071207216,0.029144709754433912,22.51859328110654,30.24332130706607,15.563072294230635,12.035749912261963,0.6804066435183961,13.396563199298756,10.67493662522517,0.22612854154611553,0.3258843089239658,0.19067245034177913,0.13521185858218668,13.25,11.760000228881836,12.03499984741211,0.14705875211342678,0.14030103062578347,0.04687500477601336,0.11071433349129678,0.0362944604355718,0.8030071092025246,0.17873994036580504,1.2651259762273954,0.05698060340191602,0.09189097282717129,0.1674722602009293,1.5126978519772643,1750.157717150294
2026-03-12 18:30:00,13.0649995803833,13.135000228881836,12.710000038146973,12.78499984741211,2055430,1h,1H,yfinance,730d,2026-04-02T03:04:46Z,-0.021431285263231237,-0.021431285263231237,12.401091906681563,12.100749921798705,11.985779972076417,10.96112027168274,10.264248642921448,12.401091906681563,11.985779972076417,10.96112027168274,10.264248642921448,0.0237676536536522,0.68675372614132,3171065.05,0.6481828557884677,58.389357624418984,0.4250001907348633,0.383934518570843,0.030030076116782867,22.364403904192084,27.852024893179735,18.429195302462652,12.100749921798705,0.68675372614132,13.474257374081345,10.727242469516066,0.22701195564885718,0.3181854454354074,0.21617504936050477,0.10201039607490262,13.25,11.760000228881836,12.5,0.07121905302980358,0.1299160690714769,-0.0023409858722986954,0.1131911388416158,0.03465202643844145,0.8666181809058302,0.18154235376310118,1.2504627760037217,0.03095759176848789,0.06668067303067926,0.1677211249497732,0.9963541507929136,1750.157717150294
2026-03-12 19:30:00,12.789999961853027,12.879899978637695,12.654999732971191,12.80500030517578,2999526,1h,1H,yfinance,730d,2026-04-02T03:04:46Z,0.0015643690263882348,0.0015643690263882348,12.43955937320482,12.176999950408936,12.016179981231689,10.992470273971557,10.280398645401,12.43955937320482,12.016179981231689,10.992470273971557,10.280398645401,0.023176954488212668,0.6759685643631994,3041081.25,0.9863353700266969,58.66181869710715,0.2249002456665039,0.3725749276491045,0.029096049884396312,22.02129051430649,26.651129875458025,18.689027978492614,12.176999950408936,0.6759685643631994,13.528937079135336,10.825062821682536,0.22204765282617878,0.3101230054818114,0.2349646405847661,0.07515836489704528,13.25,11.984999656677246,12.710000038146973,0.08470986650983492,0.14075722672707625,-0.03065857167310082,0.13519508938879188,0.03312931809268604,0.8782568298868744,0.18233399085802993,1.2178072326572995,0.02937732125449144,0.06564651371535413,0.16884377694898056,0.9290378101509135,1750.157717150294
2026-03-13 13:30:00,12.460000038146973,13.170000076293944,12.449999809265137,13.164999961853027,3924904,1h,1H,yfinance,730d,2026-04-02T03:04:46Z,0.02811399048008889,0.02811399048008889,12.50864895307608,12.258999967575074,12.052879981994629,11.027970275878907,10.29897364616394,12.50864895307608,12.052879981994629,11.027970275878907,10.29897364616394,0.023425714115151777,0.6912029200489395,3113809.7,1.2604829383118692,63.31771459707794,0.7200002670288068,0.3973910233190832,0.03018541773418652,22.38979817665801,28.416427702384844,16.270376548574323,12.258999967575074,0.6912029200489395,13.641405807672953,10.876594127477194,0.22553321539347884,0.328990035048184,0.2537697194774497,0.07522031557073433,13.25,11.984999656677246,12.654999732971191,0.092077945132915,0.19140269091502238,0.00997315810991184,0.14229938374018758,0.03243788276736266,0.9305606642292186,0.18557421688297948,1.2153262407982945,0.05247177462882924,0.09227006172132768,0.17029913815576814,1.3107583431704917,1750.157717150294
2026-03-13 14:30:00,13.164999961853027,13.234999656677246,13.050000190734863,13.130000114440918,3220516,1h,1H,yfinance,730d,2026-04-02T03:04:46Z,-0.0026585527925199193,-0.0026585527925199193,12.567825254158445,12.346249961853028,12.102379989624023,11.062520275115967,10.316248645782471,12.567825254158445,12.102379989624023,11.062520275115967,10.316248645782471,0.023128403423261577,0.6854831878411769,3166455.4,1.017072907453552,62.57975178051883,0.1849994659423828,0.38222019779217603,0.029110448930750155,22.87442359030129,28.64870482143416,15.707871518834457,12.346249961853028,0.6854831878411769,13.717216337535381,10.975283586170674,0.22208628205622166,0.3372307110112054,0.27046191778420087,0.06676879322700452,13.25,11.984999656677246,12.449999809265137,0.08557253613574023,0.16659262380586282,0.008835940690325339,0.1532718357907723,0.032191019724485334,0.9043034106995991,0.18862828200582774,1.1773753102907454,0.04473127600946403,0.08491058169532972,0.17313767874059183,1.143354303197705,1750.157717150294
2026-03-13 15:30:00,13.130000114440918,13.210000038146973,12.970000267028809,13.18000030517578,2630873,1h,1H,yfinance,730d,2026-04-02T03:04:46Z,0.0038080876084585213,0.0038080876084585213,12.626127639969619,12.45824999809265,12.147880001068115,11.099670276641845,10.33343014717102,12.626127639969619,12.147880001068115,11.099670276641845,10.33343014717102,0.020562807829508162,0.6270750893438352,3152862.95,0.8344393783434195,63.23890724220298,0.23999977111816406,0.3720615958868895,0.028229255483460124,23.001256882045357,27.328707833994798,16.519969540102046,12.45824999809265,0.6270750893438352,13.71240017678032,11.20409981940498,0.20133649250571783,0.34383261524585684,0.2851360572765321,0.05869655796932477,13.25,12.03499984741211,12.449999809265137,0.07285311101995706,0.15664763279548155,0.00880219888909517,0.20475327337389126,0.0319691756076689,0.8830148086986758,0.19068969605227734,1.0558330978225572,0.043867184064638076,0.08496299798951856,0.17559027622534762,1.1509790762671832,1750.157717150294
2026-03-13 16:30:00,13.1850004196167,13.539999961853027,13.154999732971191,13.484999656677246,3597658,1h,1H,yfinance,730d,2026-04-02T03:04:46Z,0.023141073174459237,0.023141073174459237,12.707924974894155,12.558500003814697,12.203279991149902,11.14057026863098,10.35178014755249,12.707924974894155,12.203279991149902,11.14057026863098,10.35178014755249,0.018738852971762816,0.6229246739207986,3102478.7,1.159607638885643,67.05156576831324,0.38500022888183594,0.37298578395795706,0.027659309859401373,23.843713066826588,31.63343597383006,15.301962173676301,12.558500003814697,0.6229246739207986,13.804349351656294,11.3126506559731,0.19840734919985112,0.369417159535276,0.30199227772828086,0.06742488180699513,13.25,12.449999809265137,12.449999809265137,0.11769582475599494,0.1860158128765157,0.054751647838840345,0.17465158487718369,0.031736850523674226,0.8715203116569114,0.1928519237717979,1.0288066891913765,0.061148825108606086,0.10503075127808881,0.1788581110887646,1.4873381833328194,1750.157717150294
2026-03-13 17:30:00,13.484999656677246,13.5,13.300100326538086,13.385000228881836,2694253,1h,1H,yfinance,730d,2026-04-02T03:04:46Z,-0.007415604771327855,-0.007415604771327855,12.772408332416791,12.659250020980835,12.251280002593994,11.181320266723633,10.37093014717102,12.772408332416791,12.251280002593994,11.181320266723633,10.37093014717102,0.018641451225315818,0.584305646017115,3121711.85,0.8630690881991558,64.68285538817919,0.19989967346191406,0.36062249035109684,0.026942284959618767,24.62599380983773,30.380936339598286,14.696093685617859,12.659250020980835,0.584305646017115,13.827861313015065,11.490638728946605,0.1846256753121124,0.3772749859260962,0.31704881936784396,0.06022616655825225,13.539999961853027,12.449999809265137,12.449999809265137,0.0725160833205718,0.10717742603468605,0.04529479967849914,0.17722078835567845,0.03141032038039455,0.8577526314069498,0.1928519237717979,0.9573442240098178,0.04796212903014285,0.0925389205085343,0.1813096635248186,1.2420728994286372,1750.157717150294
2026-03-13 18:30:00,13.385000228881836,13.545000076293944,13.260000228881836,13.274399757385254,6066654,1h,1H,yfinance,730d,2026-04-02T03:04:46Z,-0.00826301603327062,-0.00826301603327062,12.820217039556645,12.75346999168396,12.296567993164063,11.220735006332397,10.390027146339417,12.820217039556645,12.296567993164063,11.220735006332397,10.390027146339417,0.01894447365345486,0.5204867027949373,3265692.35,1.8576930555016917,62.071076173182384,0.2849998474121076,0.3552208729983119,0.026759844474375096,25.449506360519734,29.544725305093188,13.85388439791424,12.75346999168396,0.5204867027949373,13.794443397273835,11.712496586094087,0.16324551769340453,0.370309142939961,0.3277008840822674,0.04260825885769359,13.539999961853027,12.449999809265137,12.449999809265137,0.03584862989033444,0.08450980437988953,0.008309897140085454,0.16544331494837983,0.03072309191674249,0.8710010225172803,0.19039160284736342,0.8574197351774918,0.03542706932552164,0.07952070567696534,0.18349719591409852,1.000851247311366,1750.157717150294
2026-03-13 19:30:00,13.274999618530272,13.3100004196167,12.880000114440918,13.09000015258789,5461744,1h,1H,yfinance,730d,2026-04-02T03:04:46Z,-0.013891370470048736,-0.013891370470048736,12.845910669369145,12.81121997833252,12.338267993927001,11.258535003662109,10.40857714653015,12.845910669369145,12.338267993927001,11.258535003662109,10.40857714653015,0.01711941605182536,0.48963185381298463,3318779.4,1.6457086602381588,57.875156663169,0.43000030517578125,0.3605622610109883,0.027544863010540547,24.66407129402851,27.027973341506605,20.20167592679572,12.81121997833252,0.48963185381298463,13.79048368595849,11.83195627070655,0.1528759492510765,0.345921586452004,0.33134502455621473,0.014576561895789264,13.545000076293944,12.449999809265137,12.970000267028809,-0.009084018562646068,0.08675799665212436,-0.003046455560120953,0.09677416777236147,0.03012287520822895,0.9144167952140192,0.1864779320565131,0.8198071887924339,0.019001337429566112,0.06092687879943104,0.1853942974367193,0.569366907165829,1750.157717150294
2026-03-16 13:30:00,12.9399995803833,12.9399995803833,12.169300079345703,12.489999771118164,5551307,1h,1H,yfinance,730d,2026-04-02T03:04:46Z,-0.04583654503251522,-0.04583654503251522,12.812014393345242,12.845469951629639,12.364667987823486,11.289785003662109,10.42420214653015,12.812014393345242,12.364667987823486,11.289785003662109,10.42420214653015,0.020145071752692385,0.4394331702787646,3462518.65,1.603256923973536,46.791541251574316,0.9207000732421875,0.4005721047417883,0.03207142610747439,23.856679588519533,22.590631146513157,29.557993764455944,12.845469951629639,0.4394331702787646,13.724336292187168,11.96660361107211,0.13683677496688737,0.2750091218903261,0.320077844023037,-0.0450687221327109,13.545000076293944,12.449999809265137,12.880000114440918,-0.04181051650738199,0.04212730702121248,-0.05235208786654222,0.05802621331928748,0.03012287520822895,1.064686750045465,0.18372196013857878,0.744803587244951,-0.025133801160443392,0.010136283757728348,0.18615005868235657,-0.8089288760017226,1750.157717150294
2026-03-16 14:30:00,12.484999656677246,12.59000015258789,12.31999969482422,12.359999656677246,1895035,1h,1H,yfinance,730d,2026-04-02T03:04:46Z,-0.010408336014667507,-0.010408336014667507,12.768965370805432,12.860719919204712,12.370967979431152,11.318985004425048,10.439127144813538,12.768965370805432,12.370967979431152,11.318985004425048,10.439127144813538,0.019896856278316465,0.4164263523073664,3462221.4,0.5473465677267202,44.790076420919966,0.2700004577636701,0.39124555852906556,0.03165417228128343,23.10695871911834,21.477066565438786,28.100985559140902,12.860719919204712,0.4164263523073664,13.693572623819446,12.027867214589978,0.12951883095922923,0.2059465365730393,0.2972515825330375,-0.09130504595999822,13.545000076293944,12.169300079345703,12.169300079345703,-0.05032659772318415,0.05012737263951439,-0.083426031045017,0.02530065066614018,0.03012287520822895,1.0508350236313484,0.18372196013857878,0.704971963403477,-0.032028101122682395,-0.0008866179891615644,0.18505769762344615,-1.2024221323963706,1750.157717150294
2026-03-16 15:30:00,12.359999656677246,12.494999885559082,12.25,12.274999618530272,1965241,1h,1H,yfinance,730d,2026-04-02T03:04:46Z,-0.006877025931069092,-0.006877025931069092,12.721921013445893,12.869719886779786,12.371567974090576,11.34808500289917,10.454460144042969,12.721921013445893,12.371567974090576,11.34808500289917,10.454460144042969,0.019972874655562176,0.4014560894099815,3474974.35,0.5655411528433296,43.48048722353995,0.24499988555908203,0.3807994390312096,0.03102235852263139,22.577940662599016,20.490068028124007,28.12260009359585,12.869719886779786,0.4014560894099815,13.672632065599748,12.066807707959823,0.1247753930751424,0.1427100745312675,0.2663432809326835,-0.12363320640141601,13.545000076293944,12.169300079345703,12.169300079345703,-0.06046689531006111,0.08772705223785993,-0.08292869565713057,0.014882128774494019,0.03012287520822895,1.0298604734171166,0.18372196013857878,0.6791533956040212,-0.035130024344850685,-0.0078056682679628064,0.1833770279510789,-1.481408014320002,1750.157717150294
2026-03-16 16:30:00,12.274999618530272,12.31999969482422,12.140000343322754,12.1850004196167,1648786,1h,1H,yfinance,730d,2026-04-02T03:04:46Z,-0.007331910526311547,-0.007331910526311547,12.670785718795495,12.864719915390015,12.372667980194091,11.378185005187989,10.470310144424438,12.670785718795495,12.372667980194091,11.378185005187989,10.470310144424438,0.019750954108253647,0.40925438693330424,3440191.55,0.4792715684683314,42.07764473966803,0.17999935150146662,0.36645657563622797,0.030074399919286628,22.349910439703823,19.77117580411163,29.280000116861732,12.864719915390015,0.40925438693330424,13.683228689256623,12.046211141523408,0.1272485960440427,0.0843600889780145,0.2299466425417497,-0.1455865535637352,13.545000076293944,12.169300079345703,12.169300079345703,-0.04692995189334004,0.07546341585772676,-0.08206769102026357,-0.00813996166361175,0.030067366300779004,1.0002339286533202,0.18372196013857878,0.692615057819223,-0.03833900359140274,-0.01516791373354609,0.18169068628618223,-1.660872839669986,1750.157717150294
2026-03-16 17:30:00,12.1850004196167,12.289999961853027,12.164999961853027,12.23989963531494,1173382,1h,1H,yfinance,730d,2026-04-02T03:04:46Z,0.004505475076542309,0.004505475076542309,12.629748948940204,12.873464918136596,12.368465976715088,11.409084005355835,10.484929642677308,12.629748948940204,12.368465976715088,11.409084005355835,10.484929642677308,0.019346911789576392,0.39364332403790275,3372974.6,0.3478775084757531,43.27981051652906,0.125,0.3492096773764974,0.02853043634189179,22.138168089872572,19.265667604224227,28.531370885174884,12.873464918136596,0.39364332403790275,13.660751566212403,12.08617827006079,0.12231153820392966,0.04206234440962042,0.19236978291532386,-0.15030743850570344,13.545000076293944,12.140000343322754,12.140000343322754,-0.04413125001117146,0.14874706166715157,-0.06494274311409276,0.014496482471164862,0.030045204399527126,0.9495836993653743,0.18372196013857878,0.66574261515429,-0.030867542593392416,-0.010394687719737283,0.17964224827710162,-1.609490734715604,1750.157717150294
2026-03-16 18:30:00,12.234999656677246,12.44499969482422,12.21500015258789,12.425000190734863,1913382,1h,1H,yfinance,730d,2026-04-02T03:04:46Z,0.015122718399247725,0.015122718399247725,12.610249067206363,12.870714950561524,12.368065986633301,11.442034006118774,10.500754642486573,12.610249067206363,12.368065986633301,11.442034006118774,10.500754642486573,0.018094191414002522,0.39656372088543845,3241874.0,0.5902086262451903,47.25472656511345,0.2299995422363299,0.3406946677236283,0.027420093560857985,21.37301306153371,21.586320840915988,27.1555679271415,12.870714950561524,0.39656372088543845,13.663842392332402,12.077587508790646,0.12324528121668567,0.02320959916121801,0.1585377461645027,-0.1353281470032847,13.545000076293944,12.140000343322754,12.140000343322754,-0.05620962956797504,0.13938564832495692,-0.005204129829818327,-0.004406999480675355,0.02958739293560839,0.92674922797466,0.18372196013857878,0.6708249853404762,-0.014690342394049094,0.004603323119644953,0.17782639512321285,-1.1239423486129267,1750.157717150294
2026-03-16 19:30:00,12.425000190734863,12.470000267028809,12.25,12.289999961853027,3327398,1h,1H,yfinance,730d,2026-04-02T03:04:46Z,-0.010865209401163867,-0.010865209401163867,12.579749152410807,12.844464969635009,12.375365982055664,11.473884010314942,10.515654640197754,12.579749152410807,12.375365982055664,11.473884010314942,10.515654640197754,0.017132046809431183,0.4162691533199308,3080187.55,1.0802582459629773,44.78938631689095,0.2200002670288086,0.33207363910256976,0.027019824258201323,20.571395507702217,21.10257720613709,25.87051900773497,12.844464969635009,0.4162691533199308,13.67700327627487,12.011926662995148,0.12963378523091867,-0.002594816077090556,0.12631123371618405,-0.1289060497932746,13.545000076293944,12.140000343322754,12.140000343322754,-0.06397563939577,0.14699018075932946,-0.0056634058874267534,-0.04096758764892372,0.029127579342592032,0.9276371352524778,0.18372196013857878,0.7055976603620918,-0.02303298635348794,-0.006898060253443639,0.17685169449640048,-1.3319867767281763,1750.157717150294
2026-03-17 13:30:00,12.170000076293944,12.755000114440918,12.010000228881836,12.625,3623929,1h,1H,yfinance,730d,2026-04-02T03:04:46Z,0.027257936467598,0.027257936467598,12.584058756943111,12.81521496772766,12.382665977478027,11.507184009552002,10.533409638404846,12.584058756943111,12.382665977478027,11.507184009552002,10.533409638404846,0.016805619551661845,0.41006328136441894,3023217.15,1.1986995376762797,51.545005975322546,0.744999885559082,0.36156837099232064,0.028639078890480844,19.346517542735306,23.62700928807076,22.06299299321807,12.81521496772766,0.41006328136441894,13.635341530456499,11.995088404998823,0.1279926345042434,0.003941269797234526,0.10183724093239416,-0.09789597113515963,13.545000076293944,12.140000343322754,12.140000343322754,-0.04210927862860758,0.14929452840955504,0.028513270252275236,-0.044284635613750734,0.029103249407573233,0.9840509040556962,0.17393559650275847,0.735862221866779,0.0032534211614594355,0.019570423926700276,0.1755610388805906,-0.4638673501678848,1750.157717150294
2026-03-17 14:30:00,12.619999885559082,12.914999961853027,12.600000381469728,12.829999923706056,2410542,1h,1H,yfinance,730d,2026-04-02T03:04:46Z,0.016237617719291553,0.016237617719291553,12.607481725206249,12.804964971542358,12.391565971374511,11.541984004974365,10.551359639167785,12.607481725206249,12.391565971374511,11.541984004974365,10.551359639167785,0.017056236048906062,0.4069920053033286,2986719.1,0.8070869470115217,55.16072538672258,0.314999580383299,0.35824202880596195,0.027922215973207945,18.687433540326452,25.333255353510864,20.677291034360124,12.804964971542358,0.4069920053033286,13.618948982149014,11.990980960935701,0.12713568719877757,0.02537049031011307,0.08654389080793795,-0.06117340049782488,13.545000076293944,12.010000228881836,12.010000228881836,-0.04857246938429538,0.16530423769201485,0.05293389264484305,-0.015726883475702724,0.02886756438743858,0.9672522280874519,0.15806073347224053,0.8043470658770909,0.01764969431245933,0.03538164210595829,0.17440466396156973,0.06151214725960129,1750.157717150294
2026-03-17 15:30:00,12.829999923706056,12.98989963531494,12.770000457763672,12.80500030517578,1643775,1h,1H,yfinance,730d,2026-04-02T03:04:46Z,-0.0019485283459811376,-0.0019485283459811376,12.62629301853668,12.79446496963501,12.402665977478028,11.57848401069641,10.56803463935852,12.62629301853668,12.402665977478028,11.57848401069641,10.56803463935852,0.017057553591907772,0.40413673370933145,2987156.75,0.550280797952769,54.625403255564486,0.21989917755126775,0.34836039657348383,0.02720502836947818,18.29225708827806,25.726773377647334,19.74498083878433,12.79446496963501,0.40413673370933145,13.602738437053674,11.986191502216347,0.12634736494834786,0.039876371680350076,0.07721038698242037,-0.0373340153020703,13.545000076293944,12.010000228881836,12.010000228881836,-0.04333208171745462,0.16356203289565396,0.04616873395190213,-0.01613523108777426,0.028584757616186316,0.9517319941895588,0.14485636210898195,0.8722251691871915,0.014153583033178263,0.03243934235013257,0.17360194215174052,0.026068740260435506,1750.157717150294
2026-03-17 16:30:00,12.80500030517578,12.979999542236328,12.760000228881836,12.949299812316896,1223999,1h,1H,yfinance,730d,2026-04-02T03:04:46Z,0.011268996774860707,0.011268996774860707,12.657055570325273,12.78867998123169,12.410951976776124,11.61637701034546,10.585331139564515,12.657055570325273,12.410951976776124,11.61637701034546,10.585331139564515,0.017231628317772328,0.40103899571887053,2951416.7,0.4147157532855323,57.20691987749735,0.2199993133544922,0.3391917477721273,0.026193829217661686,17.88624702905126,24.534891180570625,19.040815430341286,12.78867998123169,0.40103899571887053,13.590757972669431,11.986601989793948,0.12543561847115553,0.062298018660536414,0.07422791331804358,-0.01192989465750717,13.545000076293944,12.010000228881836,12.010000228881836,-0.024490745420521765,0.1592927237126125,0.042197151994653126,-0.00885570392517454,0.028379845912675956,0.9229729188192005,0.133235280098903,0.941459487142162,0.02308943342848213,0.04337683656726332,0.17246705021707198,0.4005092591988273,1750.157717150294
2026-03-17 17:30:00,12.9399995803833,12.984999656677246,12.890000343322754,12.925000190734863,1160703,1h,1H,yfinance,730d,2026-04-02T03:04:46Z,-0.0018765201156992761,-0.0018765201156992761,12.682574105602377,12.795679998397826,12.416751976013183,11.653677015304565,10.603056139945984,12.682574105602377,12.416751976013183,11.653677015304565,10.603056139945984,0.016545744802660835,0.40213400584081055,2906680.35,0.39932254676713935,56.62270567408437,0.09499931335449219,0.3217494310280105,0.02489357263287724,17.525439413917308,24.12845548098199,18.639246423718294,12.795679998397826,0.40213400584081055,13.599948010079448,11.991411986716205,0.12570930373099756,0.07721645581327685,0.07482562181709024,0.0023908339961866143,13.545000076293944,12.010000228881836,12.010000228881836,-0.012605038955664671,0.07305936976894412,0.051668041566543144,0.010950359405056398,0.028075735728334036,0.8866578911324715,0.12957630809507395,0.9701565477445224,0.019114896007222715,0.040932460896659695,0.17105406329353245,0.3215848211260944,1750.157717150294
2026-03-17 18:30:00,12.93000030517578,12.960000038146973,12.8149995803833,12.890000343322754,1284059,1h,1H,yfinance,730d,2026-04-02T03:04:46Z,-0.00270791852190444,-0.00270791852190444,12.70232898538527,12.799930000305176,12.41615198135376,11.689977016448974,10.620606141090393,12.70232898538527,12.41615198135376,11.689977016448974,10.620606141090393,0.016560551075109113,0.4026588743648657,2820907.0,0.45519366643423553,55.739748029009846,0.14500045776367188,0.30912450436627203,0.023981729723258228,16.866088715420602,23.320034777521606,19.747763487318203,12.799930000305176,0.4026588743648657,13.605247749034907,11.994612251575445,0.12583158637750844,0.0852327198195777,0.07690704141758774,0.008325678401989958,13.545000076293944,12.010000228881836,12.010000228881836,0.032025666896291716,0.05267459892133952,0.020990126203782378,0.0066380348396100075,0.02779076291630466,0.8629388763267202,0.1287557327317363,0.9772891948794207,0.014774562850120576,0.03816386612217748,0.1690624637059579,0.22368895547043463,1750.157717150294
2026-03-17 19:30:00,12.885000228881836,13.100000381469728,12.885000228881836,12.96500015258789,2581276,1h,1H,yfinance,730d,2026-04-02T03:04:46Z,0.005818448973431423,0.005818448973431423,12.727345287023615,12.78993000984192,12.427151985168457,11.72682702064514,10.638506140708923,12.727345287023615,12.427151985168457,11.72682702064514,10.638506140708923,0.01536968320295893,0.39589490172648073,2753725.6,0.9373758954051195,57.27715248568922,0.2150001525878924,0.3024013363821021,0.023324437549022397,16.744047686460114,25.442621603044763,18.744892786263627,12.78993000984192,0.39589490172648073,13.58171981329488,11.998140206388959,0.12381456393329349,0.09652484626367475,0.08083060238680514,0.0156942438768696,13.545000076293944,12.010000228881836,12.600000381469728,0.048948261546577276,0.06883759524065414,0.010522231464116683,-0.015191781985921526,0.02760208643497096,0.8450244369741224,0.12762061527414303,0.9701768297177245,0.01867277583853877,0.043280082842902745,0.16812941787147784,0.4422136834359269,1750.157717150294
2026-03-18 13:30:00,13.350000381469728,13.5,12.970000267028809,13.164999961853027,4187416,1h,1H,yfinance,730d,2026-04-02T03:04:46Z,0.015426132426632932,0.015426132426632932,12.769026684626416,12.791680002212525,12.441051979064941,11.765377016067506,10.656056141853332,12.769026684626416,12.441051979064941,11.765377016067506,10.656056141853332,0.015751910753203834,0.3974684897985056,2802070.6,1.4944006050382885,61.152344068913635,0.5349998474121094,0.3190155157413883,0.024232093935873097,17.76499972702148,31.35101384541589,16.49947697114226,12.791680002212525,0.3974684897985056,13.586616981809536,11.996743022615513,0.12428969133992007,0.12022635636765244,0.08870975318297461,0.03151660318467783,13.545000076293944,12.010000228881836,12.760000228881836,0.07250512187220082,0.057429732011385015,0.02811399048008889,0.0026656395359521134,0.027482478285699267,0.8817288486126983,0.12719214162141013,0.9771805848656181,0.03101045107089906,0.058190254650997586,0.16750998807154915,0.9392441645619632,1750.157717150294
2026-03-18 14:30:00,13.164999961853027,13.640000343322754,13.145000457763672,13.585000038146973,4467917,1h,1H,yfinance,730d,2026-04-02T03:04:46Z,0.0319027783905006,0.0319027783905006,12.846738432580755,12.811929988861085,12.455651988983155,11.808177013397216,10.675606141090393,12.846738432580755,12.455651988983155,11.808177013397216,10.675606141090393,0.017192679395144007,0.426027392909794,2893922.8,1.5438964024886912,67.76486363421031,0.49499988555908203,0.3315858278712236,0.024408231648150418,19.037640403808282,31.023860036203093,14.740130882048074,12.811929988861085,0.426027392909794,13.663984774680673,11.959875203041497,0.1330095913044138,0.17093009422905858,0.10515382139219141,0.06577627283686717,13.545000076293944,12.010000228881836,12.760000228881836,0.11489532788824586,0.09160308326860545,0.049091474832131166,0.03072835535611862,0.027312560965168084,0.8936632371925292,0.12719214162141013,1.0457374929680754,0.05746685117320549,0.09066952498052383,0.16673955786373273,1.814601741934411,1750.157717150294
2026-03-18 15:30:00,13.585000038146973,13.9350004196167,13.489999771118164,13.765000343322754,4125126,1h,1H,yfinance,730d,2026-04-02T03:04:46Z,0.01324993041371636,0.01324993041371636,12.934191947889516,12.82593002319336,12.479951992034913,11.850877017974854,10.696831140518189,12.934191947889516,12.479951992034913,11.850877017974854,10.696831140518189,0.016703025610028063,0.4517403620324267,2920296.2,1.4125710946718348,70.11284819283782,0.44500064849853516,0.33968688648746015,0.02467757922376213,20.817946932218593,34.324035752359215,13.360842218956021,12.82593002319336,0.4517403620324267,13.729410747258212,11.922449299128507,0.14088346380045302,0.2230663223768996,0.12873632158913306,0.09433000078776654,13.640000343322754,12.010000228881836,12.8149995803833,0.1246007527388171,0.15429770424804512,0.06499033966668999,0.02076386309041256,0.02711242631383975,0.9101944229596768,0.12719214162141013,1.1076428307952813,0.0642334982177839,0.10296901399204095,0.16669617647440438,2.078783299115491,1750.157717150294
2026-03-18 16:30:00,13.765000343322754,13.954999923706056,13.69499969482422,13.885000228881836,2492240,1h,1H,yfinance,730d,2026-04-02T03:04:46Z,0.008717753909631476,0.008717753909631476,13.024745117507832,12.85093002319336,12.515151996612548,11.893777017593385,10.718231143951416,13.024745117507832,12.515151996612548,11.893777017593385,10.718231143951416,0.016658503165325092,0.49386016742961963,2910195.55,0.8563823142400173,71.59811723482768,0.26000022888183594,0.3339949823727727,0.024054373559032304,22.508747486545158,32.843195126372606,12.61792643143989,12.85093002319336,0.49386016742961963,13.838650358052599,11.863209688334122,0.15371966590380629,0.2709443686640878,0.157177931004124,0.11376643765996378,13.9350004196167,12.010000228881836,12.8149995803833,0.11750503144745816,0.13254485886320477,0.07719161047769174,0.03735524777363186,0.02711242631383975,0.8872084438548962,0.12719214162141013,1.208562604137572,0.06604775015655773,0.10945518141849675,0.1676508771389189,2.093852215436755,1750.157717150294
2026-03-18 17:30:00,13.890000343322754,13.979999542236328,13.675000190734863,13.954999923706056,2376319,1h,1H,yfinance,730d,2026-04-02T03:04:46Z,0.005041389533333662,0.005041389533333662,13.113340813336235,12.884960031509399,12.552351989746093,11.938577013015747,10.741768641471863,13.113340813336235,12.552351989746093,11.938577013015747,10.741768641471863,0.016501284939073553,0.5428830536862433,2725678.8,0.871826496944541,72.45795550910958,0.30499935150146484,0.331923865881965,0.023785300444044383,24.12836654742006,31.22552825960948,11.78975472132789,12.884960031509399,0.5428830536862433,13.970726138881886,11.799193924136912,0.16853232058420226,0.31095199461679,0.18793274372665722,0.1230192508901328,13.954999923706056,12.600000381469728,12.885000228881836,0.13547599406192257,0.12676622251188818,0.07635941068003427,0.05127163402941437,0.02711242631383975,0.8772840972887399,0.12719214162141013,1.325021486672046,0.06418342376290997,0.11174383375368802,0.1685554221754435,1.9710320389095841,1750.157717150294
2026-03-18 18:30:00,13.954999923706056,14.449999809265137,13.850000381469728,14.359999656677246,10663573,1h,1H,yfinance,730d,2026-04-02T03:04:46Z,0.029021836989278293,0.029021836989278293,13.23207022698776,12.948460006713868,12.59492597579956,11.986927013397217,10.767343640327454,13.23207022698776,12.59492597579956,11.986927013397217,10.767343640327454,0.01699479492203109,0.6303767011532899,2985770.25,3.5714646831918833,76.82876686804549,0.5999994277954084,0.3510721203043538,0.024447919825757728,26.42343431745032,36.97622448000886,10.350521323823687,12.948460006713868,0.6303767011532899,14.209213409020448,11.687706604407287,0.19473410763177565,0.3710610592370749,0.22455840682874076,0.14650265240833413,13.979999542236328,12.760000228881836,12.970000267028809,0.13742571538037596,0.1722448699328365,0.09077096075099544,0.09702058741674469,0.026606826737931504,0.9188589104052768,0.12719214162141013,1.5310231052748957,0.08524209820085393,0.14014164785638084,0.169733817041668,2.2392002232648056,1750.157717150294
2026-03-18 19:30:00,14.359999656677246,15.100000381469728,14.354999542236328,14.850000381469728,24674776,1h,1H,yfinance,730d,2026-04-02T03:04:46Z,0.03412261396292138,0.03412261396292138,13.3861588131289,13.066460037231446,12.656671981811524,12.04149501800537,10.79396864414215,13.3861588131289,12.656671981811524,12.04149501800537,10.79396864414215,0.013701807204233755,0.7441332398266897,3941943.7,6.259545513042208,80.79900299096471,0.7450008392334002,0.37920988594214283,0.025536018599388872,29.277289502346257,44.03088138253868,8.898037514985665,13.066460037231446,0.7441332398266897,14.554726516884825,11.578193557578066,0.2277994920449345,0.4530148165812893,0.2702496887792505,0.1827651278020388,14.449999809265137,12.760000228881836,13.145000457763672,0.15744352843146214,0.18468293276729142,0.09311743391760086,0.18895121325853204,0.02586492390852528,0.9872837318099359,0.12719214162141013,1.7909871564470083,0.10935486339106637,0.1732942437640923,0.17256890390174107,2.3968024122315423,1750.157717150294
2026-03-19 13:30:00,15.75,16.510000228881836,15.300000190734863,16.479999542236328,42689547,1h,1H,yfinance,730d,2026-04-02T03:04:46Z,0.10976425043063043,0.10976425043063043,13.68081031113913,13.2724600315094,12.756571979522706,12.111595010757446,10.82901864051819,13.68081031113913,12.756571979522706,12.111595010757446,10.82901864051819,0.025358829794738653,1.033903556971955,5981669.3,7.136728036770605,88.10216018935202,1.6599998474121076,0.47069488318999747,0.028561583511192524,32.76981167000055,54.33612078041181,6.656558033622309,13.2724600315094,1.033903556971955,15.34026714545331,11.20465291756549,0.31159364715129617,0.6420894618941055,0.3446176434022215,0.29747181849188403,15.100000381469728,12.8149995803833,13.489999771118164,0.2869972002714529,0.3043133552594137,0.19723931211019474,0.33333333333333326,0.02586492390852528,1.1042593286647329,0.12719214162141013,2.449786937928608,0.20460697630008462,0.2918830833777757,0.17799889380486644,3.1023585218344825,1750.157717150294
2026-03-19 14:30:00,16.485000610351562,16.809999465942383,15.539999961853027,15.824999809265137,15589124,1h,1H,yfinance,730d,2026-04-02T03:04:46Z,-0.039745130531860906,-0.039745130531860906,13.885018834770179,13.449960041046143,12.847471981048583,12.175295009613038,10.860918641090393,13.885018834770179,12.847471981048583,12.175295009613038,10.860918641090393,0.027669637389992327,1.146070204573856,6662863.45,2.3397033598219696,75.65025782184685,1.2699995040893555,0.5277880703970945,0.033351537235917564,36.12886748726463,49.057091330219826,5.51245359963697,13.449960041046143,1.146070204573856,15.742100450193856,11.15781963189843,0.3408397351594554,0.7306569179916966,0.42182549832011657,0.30883141967158007,16.510000228881836,12.8149995803833,13.675000190734863,0.22207378303288494,0.22484517924279168,0.13971908882997042,0.2892057271737756,0.02586492390852528,1.2894504292326425,0.12762061527414303,2.6707263119465017,0.13971756160941995,0.2317598226801918,0.1829084081748309,2.072333578467042,1750.157717150294
2026-03-19 15:30:00,15.82009983062744,15.869999885559082,15.25,15.335000038146973,7784132,1h,1H,yfinance,730d,2026-04-02T03:04:46Z,-0.030963650996778003,-0.030963650996778003,14.023112282710827,13.607460021972656,12.923671989440917,12.233495006561279,10.890368642807006,14.023112282710827,12.923671989440917,12.233495006561279,10.890368642807006,0.028991997413764445,1.1774265655068508,6969630.75,1.1168643331642785,67.91692659049609,0.619999885559082,0.5343746286229508,0.03484673148312054,38.32478327283457,44.991539163331076,8.931974851222204,13.607460021972656,1.1774265655068508,15.962313152986358,11.252606890958955,0.34611207781778536,0.7526324996542666,0.4879868985869466,0.26464560106732,16.809999465942383,12.885000228881836,13.675000190734863,0.18646033360523195,0.23519936248619322,0.09888929573526117,0.2585145268816791,0.02586492390852528,1.347258225323245,0.12881320986758105,2.686929998666952,0.09355182565667541,0.18658226939496703,0.18670656736463087,1.46721678173675,1750.157717150294
2026-03-19 16:30:00,15.335000038146973,15.390000343322754,14.550000190734863,14.744999885559082,9964433,1h,1H,yfinance,730d,2026-04-02T03:04:46Z,-0.03847408875906233,-0.03847408875906233,14.09186348298209,13.732715034484864,12.990871982574463,12.285495004653932,10.91749364376068,14.09186348298209,12.990871982574463,12.285495004653932,10.91749364376068,0.030989540297332165,1.1583752740396644,7409183.3,1.344876027024463,59.96786734282058,0.8400001525878906,0.5562050231918751,0.03772160240819057,38.487197220849716,40.138125893747066,16.957936255824627,13.732715034484864,1.1583752740396644,16.049465582564192,11.415964486405535,0.3374060471307571,0.7142072879338368,0.5332309764563247,0.18097631147751214,16.809999465942383,12.970000267028809,13.850000381469728,0.14390996841185122,0.18243781634435607,0.02681060153805892,0.20466673133628888,0.02586492390852528,1.4584076311841474,0.13132168826766624,2.56930939269559,0.046348476435763564,0.13502772603236712,0.18991340013270475,0.8738833379480062,1750.157717150294
2026-03-19 17:30:00,14.734999656677246,14.989999771118164,14.640000343322754,14.96500015258789,4198552,1h,1H,yfinance,730d,2026-04-02T03:04:46Z,0.014920330195748122,0.014920330195748122,14.17501935627788,13.859715032577515,13.071371994018556,12.339195003509522,10.944493646621703,14.17501935627788,13.071371994018556,12.339195003509522,10.944493646621703,0.030987839610682924,1.1472247822365242,7523441.8,0.5580626675413373,61.76489896218036,0.34999942779541016,0.5414760520921277,0.03618282970738831,38.638010172578056,38.284947894552296,16.174988031878346,13.859715032577515,1.1472247822365242,16.154164597050563,11.565265468104467,0.3310962107200476,0.6935128295348427,0.5652873470720283,0.1282254824628144,16.809999465942383,13.145000457763672,14.354999542236328,0.15426147138153246,0.1641385208470023,0.007744092132257574,0.20442655314782754,0.02586492390852528,1.3989149875465965,0.13694652755243342,2.4177043159658,0.05573049153969167,0.14486835501551454,0.19433318854850512,0.9634425067558362,1750.157717150294
2026-03-19 18:30:00,14.96500015258789,15.100000381469728,13.829999923706056,14.40999984741211,10525189,1h,1H,yfinance,730d,2026-04-02T03:04:46Z,-0.037086555263402765,-0.037086555263402765,14.197398450671617,13.965715026855468,13.12997200012207,12.386595001220703,10.968468647003174,14.197398450671617,13.12997200012207,12.386595001220703,10.968468647003174,0.03235914659836584,1.0939968468417143,7883331.35,1.335119447947599,55.05110885247675,1.2700004577636719,0.5935135096400951,0.04118761387403374,37.02623218999325,32.433365921654286,23.45100483386485,13.965715026855468,1.0939968468417143,16.153708720538898,11.777721333172039,0.3133378691282203,0.6251224138004137,0.5772543604177054,0.047868053382708275,16.809999465942383,13.489999771118164,14.550000190734863,0.09456892435750852,0.14820714170589455,-0.12560678108752665,0.17249795704958149,0.02586492390852528,1.5924119483088053,0.14730156485212964,2.1271862891800786,0.014974672823276025,0.09748900053085707,0.1970651895613036,0.4061116097722379,1750.157717150294
2026-03-19 19:30:00,14.404999732971191,14.585000038146973,14.0600004196167,14.289999961853027,8070866,1h,1H,yfinance,730d,2026-04-02T03:04:46Z,-0.008327542458692827,-0.008327542458692827,14.206217642212703,14.04896502494812,13.188372001647949,12.432644996643067,10.99129364490509,14.206217642212703,13.188372001647949,12.432644996643067,10.99129364490509,0.032256852509898556,1.051323325865408,8105678.2,0.995705208232915,53.692141437274564,0.5249996185302734,0.5886196602751078,0.04119101902354237,35.5295812061645,30.367090497291983,21.956980590995112,14.04896502494812,1.051323325865408,16.151611676678936,11.946318373217306,0.2993311817627761,0.5548436366556153,0.5727722156652874,-0.01792857900967204,16.809999465942383,13.675000190734863,13.829999923706056,0.05189546718633786,0.17855669788478568,-0.09699841174806245,0.13188118509726943,0.02586492390852528,1.5925435995566757,0.16112599324400428,1.857746076447629,0.005897581027575649,0.0835302461947105,0.1998926084338848,0.22926813376512506,1750.157717150294
2026-03-20 13:30:00,14.729999542236328,15.84000015258789,14.460000038146973,15.25,16280124,1h,1H,yfinance,730d,2026-04-02T03:04:46Z,0.06717984889500905,0.06717984889500905,14.305625485811493,14.169965028762817,13.265571994781494,12.488194999694825,11.019218645095826,14.305625485811493,13.265571994781494,12.488194999694825,11.019218645095826,0.03481762215862438,1.0432977471691083,8799157.3,1.8501912677478785,61.81348833794247,1.5500001907348633,0.6572896981650903,0.04310096381410428,35.57045494152448,38.89029632268773,18.25853266384686,14.169965028762817,1.0432977471691083,16.256560523101033,12.083369534424602,0.29450961806931103,0.5700401118883018,0.5722257949098903,-0.0021856830215885026,16.809999465942383,13.675000190734863,13.829999923706056,0.1078822825745589,0.26085156373016205,-0.005542878248159688,0.18862042795670608,0.02586492390852528,1.6663866465077004,0.18163321410798894,1.6214524392780503,0.06601420644802625,0.14959234369985364,0.20385777086703172,1.0352125979067408,1750.157717150294
2026-03-20 14:30:00,15.244999885559082,15.75,15.229999542236328,15.699999809265137,5367106,1h,1H,yfinance,730d,2026-04-02T03:04:46Z,0.02950818421410739,0.02950818421410739,14.438423040426127,14.314715003967285,13.340871982574463,12.548194999694823,11.048668642044067,14.438423040426127,13.340871982574463,12.548194999694823,11.048668642044067,0.034985632437738105,1.0447064279365428,8985323.85,0.59731914949287,64.9192491542313,0.5200004577636719,0.6474833238507033,0.04124097654247104,35.60840912435875,36.659353935510794,17.21113168470679,14.314715003967285,1.0447064279365428,16.404127859840372,12.2253021480942,0.2919251770355206,0.6113474192981574,0.5800501197875438,0.03129729951061355,16.809999465942383,13.829999923706056,13.829999923706056,0.13071656827257128,0.2835920429446208,0.06476771319892372,0.22608351699290452,0.02586492390852528,1.5944750770705995,0.21126679983835506,1.3817844415633649,0.08737635441950431,0.17683460494727132,0.2074642126389561,1.3260039071780234,1750.157717150294
2026-03-20 15:30:00,15.704999923706056,15.93000030517578,15.53499984741211,15.774999618530272,6207028,1h,1H,yfinance,730d,2026-04-02T03:04:46Z,0.004777057973011978,0.004777057973011978,14.565716047864617,14.455999994277954,13.420271968841552,12.591369991302491,11.07901864051819,14.565716047864617,13.420271968841552,12.591369991302491,11.07901864051819,0.035010235820797896,1.0415631030244068,9234475.3,0.672158167990335,65.42398651274407,0.3950004577636701,0.6294488334159152,0.03990167027811058,35.817914976595596,37.05874744852061,16.439662545678313,14.455999994277954,1.0415631030244068,16.53912620032677,12.37287378822914,0.2882022975751754,0.6427266629447139,0.5925854284189779,0.050141234525736045,16.809999465942383,13.829999923706056,13.829999923706056,0.13041918343062764,0.3411036165228307,0.054126258448604636,0.2182125556723673,0.0270488010552907,1.4751733430456757,0.25800089481005495,1.1170592946483975,0.08302259680827295,0.1754605014828161,0.21132316898185644,1.2663655427331408,1750.157717150294
2026-03-20 16:30:00,15.774999618530272,15.850000381469728,15.30500030517578,15.53499984741211,5431462,1h,1H,yfinance,730d,2026-04-02T03:04:46Z,-0.015213931976026385,-0.015213931976026385,14.658028790678664,14.586499977111817,13.48987195968628,12.633569993972777,11.107218637466431,14.658028790678664,13.48987195968628,12.633569993972777,11.107218637466431,0.035365113417237824,1.0044090134466739,9448013.25,0.5748787450102274,62.33331976472842,0.5450000762939489,0.6234167793357748,0.04012982204435788,35.518491428599994,34.744654618689566,18.048347520319304,14.586499977111817,1.0044090134466739,16.595318004005165,12.57768195021847,0.2754352353265628,0.6408417391832213,0.6022366905718266,0.03860504861139469,16.809999465942383,13.829999923706056,13.829999923706056,0.08182452777347393,0.3526338974142016,0.07807078500434805,0.20193420643414717,0.030956560373555042,1.2963269032511504,0.2818187664508691,0.9773488075166236,0.05982871702988657,0.1516046923082428,0.21451394808982838,0.9443362789482276,1750.157717150294
2026-03-20 17:30:00,15.539899826049805,15.850000381469728,15.4350004196167,15.824999809265137,4641842,1h,1H,yfinance,730d,2026-04-02T03:04:46Z,0.018667522671481418,0.018667522671481418,14.769168887686899,14.733249950408936,13.564471950531006,12.679569988250732,11.13726863861084,14.769168887686899,13.564471950531006,12.679569988250732,11.13726863861084,0.035292472829127675,0.9592134553737688,9615902.4,0.4827255734209615,64.51471930617419,0.4149999618530291,0.6085298638012929,0.03845370433717251,35.24045527688979,33.052164570239995,17.169172035504772,14.733249950408936,0.9592134553737688,16.651676861156474,12.814823039661398,0.26042141648378,0.6551958073904611,0.6128285139355535,0.04236729345490764,16.809999465942383,13.829999923706056,14.0600004196167,0.0656565254376722,0.40292554821690385,0.10741776427640115,0.22769584078892313,0.03409913435951906,1.1277032411363206,0.2818187664508691,0.9240740769801806,0.07148885151272721,0.16665063461210794,0.21793523984017993,1.138171960307612,1750.157717150294
2026-03-20 18:30:00,15.824999809265137,15.880000114440918,15.449999809265137,15.51010036468506,5693969,1h,1H,yfinance,730d,2026-04-02T03:04:46Z,-0.019898859297028948,-0.019898859297028948,14.839733790258153,14.860504961013794,13.628973960876465,12.724170989990235,11.16559413909912,14.839733790258153,13.628973960876465,12.724170989990235,11.16559413909912,0.03591771243099305,0.8818934607872905,9771537.05,0.5827096567166984,60.42270914774224,0.43000030517578125,0.5957777524708993,0.038412243535665656,35.018880434659685,31.707887217976822,16.284044607621794,14.860504961013794,0.8818934607872905,16.624291882588373,13.096718039439212,0.23737913700804067,0.6338550697243281,0.6170338250933085,0.01682124463101964,16.809999465942383,13.829999923706056,14.460000038146973,-0.05885310706869429,0.3457788180528365,0.017055761618692378,0.19630545176577985,0.035514780595254425,1.0815847061940853,0.2818187664508691,0.8423113194252951,0.04517376011603269,0.13802406617024765,0.22062236824023573,0.7365917001939839,1750.157717150294
2026-03-20 19:30:00,15.510000228881836,15.770000457763672,15.324999809265137,15.75,6344486,1h,1H,yfinance,730d,2026-04-02T03:04:46Z,0.015467316759675276,0.015467316759675276,14.926425810233567,14.989754962921143,13.7026739692688,12.769120988845826,11.194530138969421,14.926425810233567,13.7026739692688,12.769120988845826,11.194530138969421,0.0359180458810507,0.8104651283654535,9879390.55,0.6421940673253371,62.3803585650702,0.44500064849853516,0.5850079593300161,0.03714336249714388,34.506053105152844,29.985074226475245,16.925499810512896,14.989754962921143,0.8104651283654535,16.61068521965205,13.368824706190237,0.21627174836953128,0.6290489918090412,0.6194368584364551,0.00961213337258604,16.809999465942383,13.829999923706056,15.229999542236328,-0.0047393244972568915,0.38339918167457676,0.0031847255632038163,0.19635397232337892,0.03666309610226609,1.0130994500174824,0.2818187664508691,0.7674142893079302,0.05517557922016336,0.1494106942428004,0.22405083546724724,0.9380354693509384,1750.157717150294
2026-03-23 13:30:00,15.239999771118164,15.969799995422363,15.0556001663208,15.954999923706056,14856393,1h,1H,yfinance,730d,2026-04-02T03:04:46Z,0.013015868171813105,0.013015868171813105,15.0243852496119,15.108254957199097,13.772173976898193,12.814720983505248,11.2248051404953,15.0243852496119,13.772173976898193,12.814720983505248,11.2248051404953,0.035566649215828014,0.7685893230033354,10398814.35,1.4286622012825914,64.01823132166099,0.9141998291015625,0.608521664313698,0.03813987259313941,33.38873255879968,26.767399169386863,18.27146377680071,15.108254957199097,0.7685893230033354,16.645433603205767,13.571076311192426,0.20348857632617634,0.6344681669367596,0.622443120136516,0.012025046800243522,16.809999465942383,13.829999923706056,15.30500030517578,0.04043038043800373,0.45840955536371664,0.011410479209416069,0.17445711291159904,0.037432482452667226,1.018897761893475,0.2818187664508691,0.7220547406719684,0.06194028298882959,0.15849537992109264,0.22694102966766416,1.101687131429595,1750.157717150294
2026-03-23 14:30:00,15.954999923706056,16.200000762939453,15.05500030517578,15.095000267028809,9912624,1h,1H,yfinance,730d,2026-04-02T03:04:46Z,-0.05390157698461995,-0.05390157698461995,15.031110489365892,15.174754953384399,13.817773990631103,12.851970987319946,11.250805139541626,15.031110489365892,13.817773990631103,12.851970987319946,11.250805139541626,0.03805969124267147,0.7043432646072875,10688189.25,0.9274371708940314,53.49583328835909,1.1450004577636737,0.6468415781315534,0.04285137904531307,32.702940799243294,25.924997323656758,15.961245380238795,15.174754953384399,0.7043432646072875,16.583441482598975,13.766068424169823,0.18566184871412356,0.5628795917385059,0.610530414456914,-0.04765082271840815,16.809999465942383,13.829999923706056,15.0556001663208,0.023736886007880376,0.3148955460749323,-0.028323114560995455,0.09662185910160348,0.03793073750066499,1.1297270200602298,0.2818187664508691,0.6587987416604172,0.004250502829322933,0.09243357701925836,0.2281586801346076,-0.11323269542452197,1750.157717150294
2026-03-23 15:30:00,15.09000015258789,16.239999771118164,15.050000190734863,16.100000381469727,8794329,1h,1H,yfinance,730d,2026-04-02T03:04:46Z,0.06657834360136361,0.06657834360136361,15.132909526709113,15.285504961013794,13.87557399749756,12.892077989578247,11.280935139656068,15.132909526709113,13.87557399749756,12.892077989578247,11.280935139656068,0.040338154937568434,0.6659312748689208,11003293.7,0.7992451387533172,61.46661222079433,1.1899995803833008,0.6856385782923925,0.042586246089877565,32.12726068743503,23.12772649480283,13.982498235790104,15.285504961013794,0.6659312748689208,16.617367510751635,13.953642411275952,0.17426477609144117,0.5805480437552344,0.6045339403165781,-0.023985896561343756,16.809999465942383,14.0600004196167,15.05500030517578,0.07584364966983048,0.41600708386269813,0.017377603508316186,0.15952467526651715,0.038276058064402534,1.112607939360495,0.2818187664508691,0.6183576001203653,0.06390647172334751,0.16031238667123526,0.2300021076019232,1.2230923087615224,1750.157717150294
2026-03-23 16:30:00,16.09000015258789,16.309999465942383,15.93000030517578,15.970000267028809,5276744,1h,1H,yfinance,730d,2026-04-02T03:04:46Z,-0.008074541078305852,-0.008074541078305852,15.212632454358609,15.386254978179931,13.934274005889893,12.929377994537354,11.309935140609742,15.212632454358609,13.934274005889893,12.929377994537354,11.309935140609742,0.040490870458872834,0.6068182638750544,11148314.95,0.4733221140294391,60.03322709421487,0.37999916076660334,0.6638071913262648,0.041565884798182594,31.704248719625426,22.935270957431968,13.410759756772157,15.386254978179931,0.6068182638750544,16.59989150593004,14.172618450429821,0.1577559359923817,0.5774045364197171,0.599108059537206,-0.02170352311748891,16.809999465942383,14.460000038146973,15.050000190734863,0.1082581843258561,0.4021070926824881,0.029651639353082127,0.14439271618337823,0.03843297393641908,1.0815162226828032,0.2818187664508691,0.5597779664537851,0.04978545396021872,0.14609489236959394,0.23203836561866154,0.9619771249486855,1750.157717150294
2026-03-23 17:30:00,15.970000267028809,16.199899673461914,15.850000381469728,15.925000190734863,4399435,1h,1H,yfinance,730d,2026-04-02T03:04:46Z,-0.0028177880739833627,-0.0028177880739833627,15.280477000680158,15.464505004882813,13.992474002838135,12.968177995681764,11.340010142326355,15.280477000680158,13.992474002838135,12.968177995681764,11.340010142326355,0.04024117848017109,0.5691727854090068,10835108.05,0.40603517562522135,59.515846151620096,0.3498992919921857,0.6413851985166877,0.04027536520155551,31.087240437824256,22.04155405842142,13.77911172755158,15.464505004882813,0.5691727854090068,16.602850575700828,14.326159434064799,0.14722043420834866,0.5647718161941437,0.5922408108685936,-0.027468994674449854,16.809999465942383,15.050000190734863,15.050000190734863,0.11441569161976539,0.33431081950865194,0.011111123221261066,0.10898332670432254,0.03917768730764155,1.0280179349356302,0.2818187664508691,0.5223940054184232,0.04217952031379757,0.1381118297954136,0.23390312947000935,0.8090604429042383,1750.157717150294
2026-03-23 18:30:00,15.925000190734863,16.029300689697266,15.81999969482422,15.96500015258789,3611776,1h,1H,yfinance,730d,2026-04-02T03:04:46Z,0.002511771514847494,0.002511771514847494,15.345669681814227,15.520254993438721,14.050474014282226,13.007976999282837,11.37003514289856,15.345669681814227,14.050474014282226,13.007976999282837,11.37003514289856,0.03972202478503382,0.5607972641340869,9781958.05,0.3692283264289811,59.84710433731174,0.2093009948730451,0.6105220411135704,0.03824128000491163,30.42688530455119,21.501814659501076,13.792693414755309,15.520254993438721,0.5607972641340869,16.641849521706895,14.398660465170547,0.14453300267841407,0.5516291199123078,0.5841184726773364,-0.03248935276502862,16.809999465942383,15.050000190734863,15.050000190734863,0.04688525590740267,0.3523930317552133,0.0006267771187498106,0.07508415774248012,0.03917768730764155,0.9760984538118136,0.2818187664508691,0.5128579778366578,0.040358647332779274,0.13626060845773313,0.23574587393054824,0.7930587176381637,1750.157717150294
2026-03-23 19:30:00,15.970000267028809,16.030000686645508,15.75,15.800000190734863,4685982,1h,1H,yfinance,730d,2026-04-02T03:04:46Z,-0.01033510556066497,-0.01033510556066497,15.388939254092383,15.486255025863647,14.110774021148682,13.048276996612548,11.39816014289856,15.388939254092383,14.110774021148682,13.048276996612548,11.39816014289856,0.03158301061150557,0.5207638260174642,7881779.8,0.5945334834144947,57.748030668641576,0.2800006866455078,0.5869133729372803,0.03714641556026353,29.60152293084961,20.769104573823245,14.174595217875277,15.486255025863647,0.5207638260174642,16.527782677898575,14.44472737382872,0.1345099445018139,0.5218833737896897,0.5716714528998071,-0.0497880791101174,16.809999465942383,15.050000190734863,15.050000190734863,0.006369451126407855,0.31065946003760603,0.04670420081051252,-0.04126209771782485,0.03917768730764155,0.9481523314169231,0.26792832590517135,0.5020370431061529,0.026711453587235923,0.11971180085900568,0.23798699476425345,0.6024711187614143,1750.157717150294
2026-03-24 13:30:00,16.68000030517578,17.59000015258789,16.524999618530273,17.264999389648438,12956251,1h,1H,yfinance,730d,2026-04-02T03:04:46Z,0.09272146716635166,0.09272146716635166,15.567611647954864,15.558255004882813,14.199974002838134,13.108076992034912,11.433485140800476,15.567611647954864,14.199974002838134,13.108076992034912,11.433485140800476,0.03641199298871425,0.6468926801876098,7750136.15,1.6717449537967148,68.35932763896236,1.7899999618530273,0.6728481292884051,0.03897180151027541,30.974171668440597,33.38320669404028,11.481085154901578,15.558255004882813,0.6468926801876098,16.852040365258034,14.264469644507594,0.16631497040885082,0.6094969461278712,0.57923655154542,0.030260394582451222,16.809999465942383,15.050000190734863,15.050000190734863,0.0944532365863211,0.4274492772615426,0.0723601851289124,0.0909952352441874,0.039436735894193,0.9882106271379816,0.2489002767459103,0.6681992185112487,0.1090332788405961,0.21584725339621746,0.24196374316046665,2.6383733145204853,1750.157717150294
2026-03-24 14:30:00,17.270000457763672,17.5,16.790000915527344,17.235000610351562,8703416,1h,1H,yfinance,730d,2026-04-02T03:04:46Z,-0.0017375488188468013,-0.0017375488188468013,15.72641059675455,15.653255033493043,14.281374015808105,13.167126998901367,11.468985142707824,15.72641059675455,14.281374015808105,13.167126998901367,11.468985142707824,0.03551423956470054,0.7399505297712083,7796100.35,1.1163807043607386,67.98282191769584,0.7099990844726562,0.675501768944423,0.0391936028443601,32.248774067632226,30.87691673732007,10.619126964973816,15.653255033493043,0.7399505297712083,17.13315609303546,14.173353973950626,0.18908540829059442,0.6688011591995977,0.5971494730762555,0.07165168612334216,17.59000015258789,15.050000190734863,15.75,0.10943036882119106,0.40293047003840154,0.07921104083726505,0.12389961313845421,0.03954763656123534,0.9910479172041783,0.22682544268878596,0.8336163970372034,0.09592716687101754,0.20681669643789724,0.24521689043153438,2.1376369273599862,1750.157717150294
2026-03-24 15:30:00,17.229999542236328,17.6200008392334,17.049999237060547,17.065000534057617,6886219,1h,1H,yfinance,730d,2026-04-02T03:04:46Z,-0.009863653627713909,-0.009863653627713909,15.853895352688175,15.769255065917969,14.36007402420044,13.231227006912231,11.503735146522523,15.853895352688175,14.36007402420044,13.231227006912231,11.503735146522523,0.034227827958819866,0.7697244157598854,7642189.65,0.9010793130474065,65.77204284285689,0.5700016021728516,0.6679660427464537,0.039142456597839236,33.548885625354096,30.27810442301377,9.971861450138404,15.769255065917969,0.7697244157598854,17.30870389743774,14.229806234398199,0.19524686804603425,0.6940816487200987,0.6165359082050242,0.07754574051507446,17.59000015258789,15.050000190734863,15.75,0.07835707676068915,0.41442197493350164,0.07158557800118603,0.15734151688740883,0.03954763656123534,0.9897546352038326,0.2098801623478538,0.9302778588594455,0.07639164725305747,0.1883643848422143,0.24829664811444863,1.6833888098254821,1750.157717150294
2026-03-24 16:30:00,17.059999465942383,17.280000686645508,16.9950008392334,17.165000915527344,3066431,1h,1H,yfinance,730d,2026-04-02T03:04:46Z,0.00585996943100886,0.00585996943100886,15.978762549149048,15.879255104064942,14.43977403640747,13.293827018737794,11.538810153007507,15.978762549149048,14.43977403640747,13.293827018737794,11.538810153007507,0.03419191308739233,0.8033926147151669,7585583.6,0.40424457255998075,66.46293214929284,0.2849998474121094,0.6406113145082862,0.03732078533877581,34.58964857758819,29.315936953881973,10.268214628826213,15.879255104064942,0.8033926147151669,17.486040333495275,14.27246987463461,0.20237539089840692,0.7139557760830897,0.6360198817806374,0.07793589430245229,17.6200008392334,15.050000190734863,15.75,0.10669824900748703,0.37540076483460316,0.07516446924336151,0.14700973875760415,0.03954763656123534,0.9436919265956263,0.20293198361229164,0.9972572449942237,0.07423843759675064,0.18873057654840508,0.2514092740007381,1.6003953582747923,1750.157717150294
2026-03-24 17:30:00,17.165000915527344,17.360000610351562,16.854999542236328,16.934999465942383,3710958,1h,1H,yfinance,730d,2026-04-02T03:04:46Z,-0.013399442896440683,-0.013399442896440683,16.069832731700792,16.005505084991455,14.508774032592774,13.356027011871339,11.57406014919281,16.069832731700792,14.508774032592774,13.356027011871339,11.57406014919281,0.03301878807152089,0.759799245272479,7244872.05,0.5122185698227756,63.298231284347274,0.5050010681152344,0.630924868337354,0.03725567689601606,35.12505473549009,27.63987374012461,11.266145352307735,16.005505084991455,0.759799245272479,17.525103575536413,14.485906594446497,0.18988447818118562,0.7030427314452279,0.6494244517135556,0.053618279731672325,17.6200008392334,15.050000190734863,15.75,0.07523806132967503,0.32149824584199105,0.07183539629784841,0.17522551320385604,0.039168029721099666,0.9511756695779511,0.19881112947222057,0.9550998411671805,0.053837942726988386,0.1672247033346368,0.253559584585763,1.2233420692825152,1750.157717150294
2026-03-24 18:30:00,16.93000030517578,17.0,16.479999542236328,16.71500015258789,6336249,1h,1H,yfinance,730d,2026-04-02T03:04:46Z,-0.012990807221277323,-0.012990807221277323,16.131277247975753,16.1267550945282,14.575374031066895,13.413327016830443,11.607567648887635,16.131277247975753,14.575374031066895,13.413327016830443,11.607567648887635,0.033153940790568305,0.6637880681930356,7158141.2,0.8851807784959592,60.338689489295874,0.5200004577636719,0.6230016961535195,0.03727201259146047,34.55497951282098,25.992005376576483,14.893927181443148,16.1267550945282,0.6637880681930356,17.45433123091427,14.799178958142129,0.1646426858477583,0.6689309394933254,0.6533257492695096,0.01560519022381579,17.6200008392334,15.050000190734863,16.524999618530273,0.04763398511538819,0.26532930388489095,-0.03185631372743114,0.16969910407336397,0.039057129054057324,0.9542947342564235,0.19256567311360995,0.8549949904655247,0.03618578340939416,0.14679733891977365,0.25567857728261156,0.8861940824893284,1750.157717150294
2026-03-24 19:30:00,16.709999084472656,16.84000015258789,16.56999969482422,16.59000015258789,5596631,1h,1H,yfinance,730d,2026-04-02T03:04:46Z,-0.007478312824343414,-0.007478312824343414,16.1749651436531,16.193755102157592,14.641686038970947,13.469127016067505,11.640342650413514,16.1749651436531,14.641686038970947,13.469127016067505,11.640342650413514,0.030415816434596017,0.63907779092602,6623966.55,0.8449062895705596,58.660458535380656,0.2700004577636719,0.5977873219828161,0.036032990746511034,34.025623948913946,25.15345423833247,14.413420986943134,16.193755102157592,0.63907779092602,17.471910684009632,14.915599520305552,0.15785783764035605,0.6246105219869236,0.6475827038129924,-0.02297218182606886,17.6200008392334,15.75,16.479999542236328,0.09903940769213038,0.2727272993318499,-0.0374238720581348,0.08786886246477965,0.03871275292372396,0.9307783101219156,0.18948494323589002,0.8330890831987566,0.025659097577570122,0.1330662403517755,0.2578397800386756,0.6200263192625451,1750.157717150294
2026-03-25 13:30:00,16.329999923706055,16.460100173950195,15.789999961853027,16.434999465942383,6977884,1h,1H,yfinance,730d,2026-04-02T03:04:46Z,-0.00934301900059531,-0.00934301900059531,16.19973031720446,16.230505084991456,14.708586025238038,13.52342700958252,11.673092646598816,16.19973031720446,14.708586025238038,13.52342700958252,11.673092646598816,0.030005316607505685,0.6307060244729894,6704505.45,1.0407753490602354,56.55972282220326,0.8000001907348633,0.6122310983222481,0.03725166523984081,31.69645598537617,22.805745033723422,22.168339716695247,16.230505084991456,0.6307060244729894,17.491917133937434,14.969093036045479,0.15543718970427123,0.5704037523906766,0.6321469135285293,-0.06174316113785261,17.6200008392334,15.75,16.479999542236328,0.02080739605809101,0.2627736482830163,-0.03691772917662117,0.046815265325257815,0.03843297393641908,0.9692631463146061,0.187373628502359,0.8295574513161242,0.01452302872524136,0.11737453469300463,0.26004191610041505,0.3242308984154693,1750.157717150294
2026-03-25 14:30:00,16.440000534057617,17.0575008392334,16.350000381469727,16.9950008392334,5663984,1h,1H,yfinance,730d,2026-04-02T03:04:46Z,0.03407370803093035,0.03407370803093035,16.2754703669215,16.291505146026612,14.798686046600341,13.581677017211915,11.708942651748657,16.2754703669215,14.798686046600341,13.581677017211915,11.708942651748657,0.030774880437360326,0.6425865764814319,6677353.25,0.8482378852728811,61.872315827192715,0.7075004577636719,0.619036052568064,0.03642459676371438,30.540786989951634,27.837184213168463,20.358600845572603,16.291505146026612,0.6425865764814319,17.576678298989474,15.006331993063748,0.15777218144590013,0.5661062076716377,0.618938772357151,-0.05283256468551334,17.6200008392334,15.75,15.789999961853027,0.0641828775870954,0.3008037799519623,-0.009903878079037254,0.077337638681781,0.03832676177028864,0.9503697959672439,0.17996331240278235,0.8766908062504681,0.04420950400145007,0.14841282433568548,0.2638789416557823,1.0947874091283862,1750.157717150294
2026-03-25 15:30:00,16.9950008392334,17.030000686645508,16.59000015258789,16.600000381469727,3776175,1h,1H,yfinance,730d,2026-04-02T03:04:46Z,-0.02324215582571809,-0.02324215582571809,16.306377987354665,16.344755172729492,14.88348606109619,13.627227020263671,11.743017654418946,16.306377987354665,14.88348606109619,13.627227020263671,11.743017654418946,0.03107626627964177,0.6214703493355366,6594588.9,0.572617195288701,56.613065745062464,0.4400005340576172,0.6062478012458893,0.03652095104302723,29.467665779914565,26.394071359777143,19.303186679673914,16.344755172729492,0.6214703493355366,17.587695871400566,15.101814474058418,0.152090463948321,0.5247778246351551,0.6001065828127519,-0.07532875817759677,17.6200008392334,15.75,15.789999961853027,0.04238619671273702,0.2983966038004948,-0.019781464129737136,0.06855491113732004,0.03819057629902552,0.9562817475461639,0.170289873250146,0.8931268844443196,0.01800659805278415,0.1153301258406334,0.2674328268164934,0.41071180469532836,1750.157717150294
2026-03-25 16:30:00,16.600000381469727,17.18000030517578,16.44499969482422,16.959999084472656,3530404,1h,1H,yfinance,730d,2026-04-02T03:04:46Z,0.021686668357236316,0.021686668357236316,16.368627615651615,16.401505136489867,14.977186050415039,13.674377012252808,11.77896764755249,16.368627615651615,14.977186050415039,13.674377012252808,11.77896764755249,0.031155398281075757,0.6232365589170642,6539017.0,0.5398982752300537,59.95404746649744,0.7350006103515625,0.6154444304677231,0.03628799903834779,28.712478590981807,25.88344191075467,17.65654225157362,16.401505136489867,0.6232365589170642,17.647978254323995,15.155032018655739,0.1519949672254152,0.5151355085397427,0.58311236795815,-0.06797685941840736,17.6200008392334,15.789999961853027,15.789999961853027,0.0623237658863085,0.32448252091157137,0.014657429234114172,0.0717219139897245,0.03773032896595761,0.9617726649319392,0.16547882812830456,0.9185160962559235,0.03612834763591133,0.1323888898343939,0.27151941482130626,0.8961187208806052,1750.157717150294
2026-03-25 17:30:00,16.969999313354492,17.084999084472656,16.860000610351562,17.03499984741211,1851502,1h,1H,yfinance,730d,2026-04-02T03:04:46Z,0.0044222150346764355,0.0044222150346764355,16.432091637724042,16.47775011062622,15.074186038970947,13.723427009582519,11.814992647171021,16.432091637724042,15.074186038970947,13.723427009582519,11.814992647171021,0.030672026233579168,0.6024501360015069,6346893.65,0.2917178232535848,60.634165094018066,0.22499847412109375,0.5875554335858211,0.0344910736042701,28.011233344115674,25.175455833183374,17.173585381491772,16.47775011062622,0.6024501360015069,17.682650382629234,15.272849838623207,0.14624572698502006,0.5076934641007327,0.5680285871866666,-0.06033512308593392,17.6200008392334,15.789999961853027,15.789999961853027,0.07816453428914838,0.29396125307807175,0.026823368941006454,0.09831654514622556,0.03729639896511814,0.9247829431610342,0.16125026174405716,0.9069487726918987,0.03669089869873532,0.13007759114634232,0.2758523419462564,0.9249723810909625,1750.157717150294
2026-03-25 18:30:00,17.040000915527344,17.049999237060547,16.68000030517578,16.795000076293945,2121101,1h,1H,yfinance,730d,2026-04-02T03:04:46Z,-0.014088627723388258,-0.014088627723388258,16.46665434615927,16.530000114440917,15.165288047790527,13.766877012252808,11.85164264678955,16.46665434615927,15.165288047790527,13.766877012252808,11.85164264678955,0.030851189006281518,0.582037343586804,6135724.4,0.34569691559158033,57.281649926398316,0.3699989318847656,0.5720156834643171,0.03405868894705837,26.912410447926806,24.012289452902156,18.627819018591595,16.530000114440917,0.582037343586804,17.694074801614526,15.365925427267308,0.14084388132056352,0.4769318411137249,0.5498092379720783,-0.07287739685835337,17.6200008392334,15.789999961853027,15.789999961853027,-0.027222666085716107,0.279131753991541,0.021904510012159095,0.06634921119326642,0.03729639896511814,0.9131897419617409,0.1578150095431281,0.8924618876766176,0.01994003901656316,0.10746330853510266,0.2795937660083432,0.45529718113955886,1750.157717150294
2026-03-25 19:30:00,16.795000076293945,16.885099411010742,16.665000915527344,16.709999084472656,3107710,1h,1H,yfinance,730d,2026-04-02T03:04:46Z,-0.005061089100039218,-0.005061089100039218,16.48983003552245,16.56775007247925,15.250988025665283,13.809527006149292,11.888617644309997,16.48983003552245,15.250988025665283,13.809527006149292,11.888617644309997,0.03082922477471181,0.5678301951209145,5548290.25,0.5601203001230874,56.098599602996345,0.22009849548339844,0.54687874146568,0.03272763443618936,25.85419824325504,23.32199947752934,18.288227418617602,16.56775007247925,0.5678301951209145,17.703410462721077,15.43208968223742,0.13709289255012103,0.4406150278462668,0.527970395946916,-0.08735536810064914,17.6200008392334,15.789999961853027,16.350000381469727,-0.030461358125138838,0.26782994670422333,-0.016769740552339818,0.047320536783257205,0.03726384474373827,0.878267786409475,0.1577640587191409,0.868974173605538,0.013351808264604248,0.09566665820942633,0.28282265288971997,0.250513292909892,1750.157717150294
2026-03-26 13:30:00,17.030000686645508,17.36989974975586,16.65999984741211,16.684999465942383,6344982,1h,1H,yfinance,730d,2026-04-02T03:04:46Z,-0.0014960873668451447,-0.0014960873668451447,16.508417600324346,16.647250032424928,15.33888801574707,13.857126998901368,11.925667643547058,16.508417600324346,15.33888801574707,13.857126998901368,11.925667643547058,0.02799768360828594,0.45645225204872203,5369908.15,1.1815811039524018,55.73401184888403,0.70989990234375,0.5585231100998279,0.03347456565640843,25.755656300509727,27.40467345232266,16.627877800165002,16.647250032424928,0.45645225204872203,17.560154536522372,15.734345528327484,0.10967631318317687,0.4051461586759437,0.5034055484927216,-0.09825938981677784,17.6200008392334,15.789999961853027,16.44499969482422,-0.022267861483909357,0.237300696383824,0.005120426657793331,0.10533283675300908,0.037253671067928436,0.8985575031081051,0.15659656284832646,0.7003749711250382,0.010696474361937991,0.08775808577606026,0.2862079066950096,0.08270182335177795,1750.157717150294
2026-03-26 14:30:00,16.68000030517578,17.25,16.67009925842285,17.012500762939453,4637566,1h,1H,yfinance,730d,2026-04-02T03:04:46Z,0.01962848711296461,0.01962848711296461,16.556425520573406,16.69287505149841,15.42663803100586,13.904652004241944,11.964180145263672,16.556425520573406,15.42663803100586,13.904652004241944,11.964180145263672,0.024521932855328808,0.44493068203758956,5162070.0,0.8983926990528993,59.451810383101325,0.5799007415771484,0.5600500837767795,0.03291991527764158,25.66415306796051,25.37781512584285,15.398074692691857,16.69287505149841,0.44493068203758956,17.582736415573592,15.803013687423233,0.10661571015536984,0.39886556796191286,0.48249755238655984,-0.08363198442464698,17.6200008392334,15.789999961853027,16.44499969482422,-0.008884366120245346,0.27101236249740834,0.003095618001233369,0.05667704098441928,0.037199040400052175,0.8849667874119518,0.1537638268262961,0.6933731577571327,0.027546721470725455,0.10280028148363773,0.2894020186676052,0.718371927009606,1750.157717150294
2026-03-26 15:30:00,17.010000228881836,17.235000610351562,16.96500015258789,17.037500381469727,2645510,1h,1H,yfinance,730d,2026-04-02T03:04:46Z,0.0014694852261070146,0.0014694852261070146,16.602242173992103,16.746250057220458,15.510788040161133,13.951177005767823,12.002817645072938,16.602242173992103,15.510788040161133,13.951177005767823,12.002817645072938,0.024393354436305047,0.4182407844584257,5030508.3,0.5258931786276946,59.729848280238954,0.2700004577636719,0.5393322533472718,0.03165559743340394,25.579185780593377,24.470340895507427,14.847461650902908,16.746250057220458,0.4182407844584257,17.58273162613731,15.909768488303605,0.0999007617894954,0.3913936722372462,0.4642767763566971,-0.07288310411945093,17.6200008392334,15.789999961853027,16.65999984741211,0.006052608134619719,0.28348555813161047,0.00014678802935219615,0.06684408870329506,0.03683368330164538,0.8594198189239973,0.1520427155868681,0.657057205298455,0.026216832817886893,0.09842906352375969,0.2922622419851717,0.6963699741200635,1750.157717150294
2026-03-26 16:30:00,17.030000686645508,17.119300842285156,16.850000381469727,16.879899978637695,2675845,1h,1H,yfinance,730d,2026-04-02T03:04:46Z,-0.009250206855662912,-0.009250206855662912,16.62868577443454,16.7939950466156,15.592286033630371,13.9974760055542,12.040867142677307,16.62868577443454,15.592286033630371,13.9974760055542,12.040867142677307,0.024516967505294973,0.37392020229812206,4944328.8,0.5411947927087697,57.07297019893865,0.2693004608154297,0.5200442681664259,0.030808492279253214,25.14423742346452,23.565215466377353,15.877806470494328,16.7939950466156,0.37392020229812206,17.541835451211842,16.046154642019356,0.08906045315845808,0.36850718422433815,0.4451228579302253,-0.07661567370588718,17.6200008392334,15.789999961853027,16.65999984741211,0.009865379871041968,0.28952633933320016,0.005055070077885082,0.059962309354218535,0.03647277390337081,0.8446983594084654,0.1520427155868681,0.5857594217170784,0.01510727952953328,0.08258019011645379,0.29494710379832334,0.2297413498765846,1750.157717150294
2026-03-26 17:30:00,16.8700008392334,17.020000457763672,16.530000686645508,16.533300399780273,2708594,1h,1H,yfinance,730d,2026-04-02T03:04:46Z,-0.020533272074838127,-0.020533272074838127,16.619601453038896,16.82241005897522,15.663966045379638,14.03745901107788,12.076243643760682,16.619601453038896,15.663966045379638,14.03745901107788,12.076243643760682,0.025058009593803353,0.3287025448448801,4899169.7,0.5528679686274186,51.63338024731758,0.48999977111816406,0.5178982326629786,0.03132455227571269,23.82586601296633,21.972659044970843,19.218210105598637,16.82241005897522,0.3287025448448801,17.47981514866498,16.16500496928546,0.07815825287637862,0.3187276937729031,0.4198438250987609,-0.10111613132585778,17.6200008392334,16.350000381469727,16.65999984741211,-0.0034177065874693158,0.32372303464823315,-0.010574428149225712,0.035596632744175905,0.036356297901031086,0.8615990649263633,0.1520427155868681,0.5140545706165296,-0.005192727003862196,0.055498993797746365,0.29708926943293257,-0.8795479795612199,1750.157717150294
2026-03-26 18:30:00,16.53499984741211,16.90999984741211,16.514999389648438,16.71339988708496,2778588,1h,1H,yfinance,730d,2026-04-02T03:04:46Z,0.010893135850061686,0.010893135850061686,16.62853463723376,16.868080043792723,15.73973403930664,14.078243007659912,12.112635641098022,16.62853463723376,15.73973403930664,14.078243007659912,12.112635641098022,0.024960232983984205,0.23299716611856755,4803800.0,0.5784145884508097,54.08235561848588,0.3950004577636719,0.509119820170171,0.030461774600605708,22.5606642774878,20.75498184191261,18.363643929665695,16.868080043792723,0.23299716611856755,17.334074376029857,16.40208571155559,0.05525161500625142,0.2904613547281585,0.39396733102464043,-0.10350597629648195,17.6200008392334,16.44499969482422,16.530000686645508,0.016939484647960912,0.3522168569038653,0.0017021529548473247,0.05781010666605657,0.03616049489242941,0.842404803673835,0.1520427155868681,0.3633953444792556,0.005103591609399993,0.06186037485428897,0.2994474948046748,-0.6638714078996508,1750.157717150294
2026-03-26 19:30:00,16.709999084472656,16.940000534057617,16.68000030517578,16.809999465942383,3495624,1h,1H,yfinance,730d,2026-04-02T03:04:46Z,0.005779768300288701,0.005779768300288701,16.645817001872675,16.845330047607423,15.818134021759032,14.117143001556396,12.14921063899994,16.645817001872675,15.818134021759032,14.117143001556396,12.14921063899994,0.014247545061959225,0.2146195154530387,4330768.65,0.8071601792905746,55.387161708750355,0.26000022888183594,0.49132556364957564,0.02922817247228458,21.46265122688554,20.406619379500633,17.669522908891935,16.845330047607423,0.2146195154530387,17.2745690785135,16.416091016701344,0.05096237707340667,0.27271121100106654,0.3697161070199257,-0.09700489601885914,17.6200008392334,16.44499969482422,16.514999389648438,-0.010885634842920155,0.369450100883596,-0.011903088194899936,-0.026353891676292762,0.03526203217539057,0.8288850831655405,0.14912034710521763,0.34175334260352946,0.009863286617366684,0.0627043267441636,0.301988622288065,-0.1646196134142821,1750.157717150294
2026-03-27 13:30:00,17.415000915527344,17.541000366210938,17.010099411010742,17.354999542236328,6763259,1h,1H,yfinance,730d,2026-04-02T03:04:46Z,0.03242118343894851,0.03242118343894851,16.713358196193024,16.85132999420166,15.905934009552002,14.16654299736023,12.189235634803772,16.713358196193024,15.905934009552002,14.16654299736023,12.189235634803772,0.016021698089454747,0.22676315699085894,4233760.8,1.597458930603732,61.95561294046914,0.7310009002685547,0.5084452305509313,0.029296758511202708,21.75670093969309,26.754082946944852,15.85496629905384,16.85132999420166,0.22676315699085894,17.30485630818338,16.39780368021994,0.05382676787384401,0.2991723727311957,0.3556073601621797,-0.05643498743098402,17.6200008392334,16.514999389648438,16.514999389648438,0.045481876109436215,0.42429207587850537,0.018635313494221206,0.006962513932995851,0.034274881275664235,0.8547588619075369,0.1435448041527918,0.37498234918032824,0.0383909288912061,0.09110219694197896,0.3049164431718743,2.221126018522366,1750.157717150294
2026-03-27 14:30:00,17.360000610351562,17.440000534057617,17.15999984741211,17.225000381469727,3588651,1h,1H,yfinance,730d,2026-04-02T03:04:46Z,-0.007490588544829757,-0.007490588544829757,16.762086023362233,16.859329986572266,15.987134017944335,14.214092998504638,12.229135637283326,16.762086023362233,15.987134017944335,14.214092998504638,12.229135637283326,0.015953338716331037,0.23676201643521233,4068882.4,0.881974617895076,59.697789162609375,0.2800006866455078,0.4921277631291153,0.028570551653429015,22.029747101585812,25.666798279808223,15.210621217627768,16.859329986572266,0.23676201643521233,17.332854019442692,16.38580595370184,0.056173529226554955,0.30612437695739203,0.3457107635212222,-0.03958638656383018,17.6200008392334,16.514999389648438,16.514999389648438,0.015625077317350078,0.4072828123338217,0.020444457802994753,0.009375906381765997,0.0337666273017334,0.8461180146340038,0.13896838693534228,0.40421804170966436,0.02761675112884543,0.07742891015587783,0.3072987733657879,1.5444639321929514,1750.157717150294
2026-03-27 15:30:00,17.219999313354492,17.25,16.65999984741211,16.954999923706055,2960437,1h,1H,yfinance,730d,2026-04-02T03:04:46Z,-0.01567491737498783,-0.01567491737498783,16.78045877577593,16.8488299369812,16.054534015655516,14.255093002319336,12.26746063709259,16.78045877577593,16.054534015655516,14.255093002319336,12.26746063709259,0.016284807495226383,0.2274464824704902,4063582.7,0.728528793077104,55.198486682276574,0.5900001525878906,0.4991186480904564,0.02943784431355858,20.843581899863185,23.49963322375455,21.0817890848846,16.8488299369812,0.2274464824704902,17.303722901922182,16.39393697204022,0.05399697980719063,0.28654400897161736,0.33387741261130127,-0.04733340363968391,17.541000366210938,16.514999389648438,16.514999389648438,-0.0046962092411294565,0.36458749806290913,0.025506070399070824,-0.012234254623972873,0.033197240467025005,0.8867557634135086,0.12338460286664896,0.4376314268770572,0.010401452681501722,0.05608795043023074,0.308708826593836,0.466791069141415,1750.157717150294
2026-03-27 16:30:00,16.954999923706055,17.315000534057617,16.920000076293945,16.979999542236328,2511525,1h,1H,yfinance,730d,2026-04-02T03:04:46Z,0.0014744688081844703,0.0014744688081844703,16.79946265829597,16.8510799407959,16.11883399963379,14.299392995834351,12.305560636520386,16.79946265829597,16.11883399963379,14.299392995834351,12.305560636520386,0.016015391449997602,0.22850788553593201,4003611.05,0.6273149336022539,55.532667552193665,0.3950004577636719,0.4916816344956861,0.028956516357534,19.890606561029546,23.095435483983728,19.872046299720107,16.8510799407959,0.22850788553593201,17.30809571186776,16.394064169724036,0.05424171894947133,0.2699320775951861,0.32108834560807825,-0.05115626801289214,17.541000366210938,16.514999389648438,16.514999389648438,0.011015151241559495,0.38161103294878806,0.015951252106244374,0.0026572233665813627,0.03282377485691547,0.8821811776299491,0.10814601166927336,0.5015600493465316,0.010746586817240056,0.0534260445031014,0.3098821318060381,0.5641800988095772,1750.157717150294
2026-03-27 17:30:00,16.975000381469727,17.100000381469727,16.8799991607666,17.024999618530273,1878087,1h,1H,yfinance,730d,2026-04-02T03:04:46Z,0.002650181243056604,0.002650181243056604,16.820942368794473,16.866579914093016,16.181633987426757,14.348392992019653,12.346460633277893,16.820942368794473,16.181633987426757,14.348392992019653,12.346460633277893,0.015728560419808878,0.22926430567603856,3780702.95,0.49675603316044703,56.16647861342525,0.220001220703125,0.4722758906533603,0.027740141041725952,18.895468012627042,22.32696456934261,19.81581662271035,16.866579914093016,0.22926430567603856,17.325108525445092,16.40805130274094,0.05437126123820139,0.2574306322884361,0.30835680294414985,-0.050926170655713754,17.541000366210938,16.514999389648438,16.65999984741211,0.01885102042586717,0.34851482126972466,0.012790015432391222,0.018546183853572318,0.03219161593479665,0.8617194333429221,0.10325823597243262,0.526556169841185,0.012131142552058272,0.052118694055175,0.31062937533788215,0.6909915783450037,1750.157717150294
2026-03-27 18:30:00,17.030000686645508,17.190000534057617,16.975000381469727,17.184999465942383,2070292,1h,1H,yfinance,730d,2026-04-02T03:04:46Z,0.009397935447702732,0.009397935447702732,16.85561447328475,16.896329879760742,16.246233978271484,14.399292984008788,12.388760628700256,16.85561447328475,16.246233978271484,14.399292984008788,12.388760628700256,0.015701490481890585,0.2300473727869362,3604386.0,0.5743813231990137,58.43497347873947,0.21500015258789062,0.45389905222011245,0.026412514770201755,18.197209736833596,22.987859549186748,19.145371198352873,16.896329879760742,0.2300473727869362,17.356424625334615,16.43623513418687,0.05446090942211028,0.25746589080419113,0.2981786205161581,-0.04071272971196699,17.541000366210938,16.514999389648438,16.65999984741211,0.02996703721930616,0.33943878161601315,-0.009795452652143322,0.03586493718396255,0.03149007485455831,0.8387568112235986,0.09448060747397674,0.5764242089267971,0.019541559471456305,0.057783575499801954,0.31136878540012014,1.2548267023635986,1750.157717150294
2026-03-27 19:30:00,17.184999465942383,17.565000534057617,17.18000030517578,17.510000228881836,5785185,1h,1H,yfinance,730d,2026-04-02T03:04:46Z,0.018911886705818448,0.018911886705818448,16.917936926198756,16.950079917907715,16.309233989715576,14.452079982757569,12.431860628128051,16.917936926198756,16.309233989715576,14.452079982757569,12.431860628128051,0.015897510399112556,0.24129029085149833,3544751.05,1.632042678991519,62.66197388685132,0.38500022888183594,0.44897770769594986,0.025641216552092585,18.39963507415707,27.545780532945148,17.97271159425237,16.950079917907715,0.24129029085149833,17.432660499610712,16.467499336204718,0.05694139308371664,0.28048541755894973,0.29463997992471647,-0.014154562365766732,17.541000366210938,16.514999389648438,16.65999984741211,0.02924317082331318,0.3674345811459525,0.01654570920757159,0.06540923625626727,0.031066522277482952,0.8253648838794346,0.08360935301741834,0.6810409485151026,0.03499618808521632,0.07362493173642926,0.3118900281760453,2.3205256581116354,1750.157717150294
2026-03-30 13:30:00,17.299999237060547,17.479999542236328,16.93000030517578,16.979999542236328,6512250,1h,1H,yfinance,730d,2026-04-02T03:04:46Z,-0.03026845686565438,-0.03026845686565438,16.923847651535667,16.94932985305786,16.35183397293091,14.504252977371216,12.472485628128052,16.923847651535667,16.35183397293091,14.504252977371216,12.472485628128052,0.015854435042999028,0.24117277333746134,3587164.35,1.815431177553936,53.16645565530228,0.5799999237060547,0.45833643741095736,0.026992723778989737,17.84407461631095,25.05594535270382,20.244253921306516,16.94932985305786,0.24117277333746134,17.431675399732782,16.46698430638294,0.05691617908868533,0.2530449872491154,0.2863209813895963,-0.03327599414048088,17.565000534057617,16.514999389648438,16.65999984741211,-0.003374957472983331,0.31126777419158835,0.0014744688081844703,-0.0008826888059010329,0.030635133439929463,0.8811035157368614,0.06754982298004764,0.842580728975364,0.0033179151607150015,0.038415603432941925,0.3110324966864759,0.1271689534189342,1750.157717150294
2026-03-30 14:30:00,16.985000610351562,17.110000610351562,16.65999984741211,17.024999618530273,3481026,1h,1H,yfinance,730d,2026-04-02T03:04:46Z,0.002650181243056604,0.002650181243056604,16.93348117220182,16.970579814910888,16.362733974456788,14.559652976989746,12.514160628318786,16.93348117220182,16.362733974456788,14.559652976989746,12.514160628318786,0.014927067229110554,0.22781020039686092,3572406.9,0.9744203550832914,53.8065100395001,0.4500007629394531,0.4577410320915642,0.02688640483688186,16.609668245382565,23.29649845800037,23.035931624946937,16.970579814910888,0.22781020039686092,17.42620021570461,16.514959414117165,0.05369532517603208,0.23225212073068136,0.2755072092578133,-0.043255088527131946,17.565000534057617,16.514999389648438,16.8799991607666,0.008596001165659173,0.31721465124112314,0.002650181243056604,0.0256023630900013,0.029949809457082144,0.8977153886541376,0.056928786086200986,0.9432016536366534,0.005404585471692203,0.04047402134064648,0.30753747378221385,0.23888220775269264,1750.157717150294
2026-03-30 15:30:00,17.020099639892578,17.270000457763672,16.969999313354492,17.200000762939453,3225286,1h,1H,yfinance,730d,2026-04-02T03:04:46Z,0.010279068918081169,0.010279068918081169,16.95886399036731,16.982579898834228,16.390233993530273,14.61885298728943,12.55678563117981,16.95886399036731,16.390233993530273,14.61885298728943,12.55678563117981,0.014346748976355263,0.23319431032419483,3557151.0,0.9067048320411475,56.30732090474724,0.3000011444091797,0.4464738972571082,0.025957783572842497,15.853012226041155,24.73811345793059,21.930314942046948,16.982579898834228,0.23319431032419483,17.448968519482616,16.51619127818584,0.05492553233097444,0.2272748707818657,0.2658607415626238,-0.03858587078075809,17.565000534057617,16.65999984741211,16.65999984741211,0.04032469906420144,0.3343677505679319,0.010279068918081169,0.014151043126324536,0.029367301412380642,0.8839008803818534,0.056544854157620145,0.9713621716640775,0.014218922488505648,0.049405442883171835,0.30528898676358796,0.9323592149523686,1750.157717150294
2026-03-30 16:30:00,17.199899673461914,17.610000610351562,16.90999984741211,17.024999618530273,3145902,1h,1H,yfinance,730d,2026-04-02T03:04:46Z,-0.010174484688759478,-0.010174484688759478,16.965162621620923,16.982079887390135,16.42403398513794,14.673852987289429,12.59803563117981,16.965162621620923,16.42403398513794,14.673852987289429,12.59803563117981,0.014514505353787618,0.23309207501895426,3621871.0,0.8685847728977647,53.20533420338772,0.7000007629394531,0.4645829590915614,0.027288280146914194,15.899066370596474,27.303135429029947,19.57009720105666,16.982079887390135,0.23309207501895426,17.448264037428043,16.515895737352228,0.05490306877946885,0.20682508370919095,0.2540536099919372,-0.047228526282746264,17.565000534057617,16.65999984741211,16.65999984741211,0.01864370705843621,0.31315074571225376,-0.00931043656586672,-0.0005870401509486811,0.029262465491743644,0.9325352354405523,0.05571257211640319,0.985470006029465,0.0035270511838827456,0.03659062286014181,0.3036980102269977,0.1841320908771697,1750.157717150294
2026-03-30 17:30:00,17.030000686645508,17.239999771118164,16.959999084472656,17.05500030517578,1616811,1h,1H,yfinance,730d,2026-04-02T03:04:46Z,0.0017621549085296007,0.0017621549085296007,16.97371859148329,16.995079898834227,16.47023399353027,14.730552988052368,12.637260632514954,16.97371859148329,16.47023399353027,14.730552988052368,12.637260632514954,0.014147551865681385,0.22951871758008724,3596656.5,0.44953166920444027,53.67647601453784,0.2800006866455078,0.4513985110597004,0.02646722386294604,15.94183093339784,26.093419326043293,18.703007713013438,16.995079898834227,0.22951871758008724,17.4541173339944,16.536042463674054,0.05402003849262994,0.1908394069178847,0.24141076937712672,-0.050571362459242014,17.610000610351562,16.65999984741211,16.65999984741211,0.014574708329395225,0.29548046749672907,-0.025985146645261414,0.015480811414155582,0.02909234441490929,0.9097659331085767,0.05508857366861293,0.9806033247037617,0.00478868040932845,0.03550443253418334,0.3033072967691508,0.26106980281747955,1750.157717150294
2026-03-30 18:30:00,17.059999465942383,17.225000381469727,16.860000610351562,16.895000457763672,1684666,1h,1H,yfinance,730d,2026-04-02T03:04:46Z,-0.009381403960664447,-0.009381403960664447,16.966221626367137,17.00432996749878,16.50883399963379,14.790102996826171,12.675310635566712,16.966221626367137,16.50883399963379,14.790102996826171,12.675310635566712,0.01426890188577954,0.2214283611909414,3525504.3,0.47785106942005434,50.74222118365997,0.36499977111816406,0.4452271724924478,0.02635259901918824,15.67659569240478,24.56545263043183,19.212098364401562,17.00432996749878,0.2214283611909414,17.447186689880663,16.561473245116897,0.05208752396928749,0.163376687622101,0.22580395302612158,-0.06242726540402058,17.610000610351562,16.65999984741211,16.65999984741211,-0.026505277822288065,0.24365111596040823,-0.005005835498477329,0.011071297631782828,0.028763534005481508,0.9161808494799765,0.054914300555221646,0.9485238533978675,-0.004197821422583625,0.023391504096440086,0.3024401905630838,-0.4937466417900797,1750.157717150294
2026-03-30 19:30:00,16.895000457763672,17.065000534057617,16.8700008392334,16.895000457763672,2435733,1h,1H,yfinance,730d,2026-04-02T03:04:46Z,0.0,0.0,16.95943865792871,17.014830017089842,16.55853401184082,14.844253005981445,12.712260637283325,16.95943865792871,16.55853401184082,14.844253005981445,12.712260637283325,0.014261361885750551,0.2107589066256142,3330041.85,0.7314421589025976,50.74222118365997,0.19499969482421875,0.42735378123043144,0.02529468894060028,15.430305825768366,23.76480187880249,18.585927081207725,17.014830017089842,0.2107589066256142,17.43634783034107,16.593312203838614,0.04954710835522326,0.13999846951147532,0.20864285632319235,-0.06864438681171703,17.610000610351562,16.65999984741211,16.65999984741211,-0.01915819543673636,0.22738830631117612,-0.0076357805391730205,0.012586215075999663,0.028155346347577485,0.8983973639797423,0.054681989100789564,0.9060955749780477,-0.0037995479369781204,0.020319820926312016,0.30256407450276,-0.5685622555398434,1750.157717150294
2026-03-31 13:30:00,16.020000457763672,16.329999923706055,15.350000381469728,16.10219955444336,11713618,1h,1H,yfinance,730d,2026-04-02T03:04:46Z,-0.04692517797216167,-0.04692517797216167,16.877796838549155,16.969314956665038,16.59477800369263,14.891575002670288,12.745246634483337,16.877796838549155,16.59477800369263,14.891575002670288,12.745246634483337,0.016970200132163996,0.28981397963663175,3683844.45,3.1797265489860735,38.61239649005149,1.5450000762939435,0.5071856594492538,0.03149791168184207,16.600898924111593,18.593883268314848,35.94851620710532,16.969314956665038,0.28981397963663175,17.5489429159383,16.389686997391774,0.06831483306821451,0.056843400703964875,0.17828296519934686,-0.12143956449538199,17.610000610351562,16.65999984741211,16.860000610351562,-0.05029786924801638,0.1596830600657524,-0.06382564882563879,-0.0535077835516764,0.028155346347577485,1.1187186722195013,0.054681989100789564,1.2493114129827456,-0.04595370423788492,-0.029682738096265093,0.3020366321350001,-2.991972310338052,1750.157717150294
2026-03-31 14:30:00,16.104999542236328,16.40999984741211,15.920000076293944,16.084999084472656,4065181,1h,1H,yfinance,730d,2026-04-02T03:04:46Z,-0.001068206235585789,-0.001068206235585789,16.80229229054187,16.921689891815184,16.61147798538208,14.938524990081786,12.77839663028717,16.80229229054187,16.61147798538208,14.938524990081786,12.77839663028717,0.016948768745905472,0.3472639651240068,3754828.0,1.0826543852341572,38.39793280948871,0.48999977111816584,0.5059580959970332,0.031455276642536466,17.482979891898317,18.437037109391436,33.461753984123774,16.921689891815184,0.3472639651240068,17.6162178220632,16.22716196156717,0.0820873015270123,-0.010326487284814334,0.14056107470251464,-0.15088756198732897,17.610000610351562,15.350000381469728,15.350000381469728,-0.0527090978734972,0.1526334054039129,-0.05521295477942367,-0.055906164382718226,0.028155346347577485,1.1172043935891027,0.054681989100789564,1.5011762168290805,-0.042690199269595164,-0.03169368200546152,0.29996575204198894,-2.4093798705654597,1750.157717150294
2026-03-31 15:30:00,16.084999084472656,16.360000610351562,16.06999969482422,16.225000381469727,1996186,1h,1H,yfinance,730d,2026-04-02T03:04:46Z,0.008703842397617345,0.008703842397617345,16.747312108725477,16.888944911956788,16.62197799682617,14.981424989700317,12.812046632766723,16.747312108725477,16.62197799682617,14.981424989700317,12.812046632766723,0.017054650237564403,0.3790798354130968,3720845.05,0.5364872692024625,41.257848786011486,0.29000091552734375,0.4905325831063411,0.030233132300358484,18.302055076271703,17.658472599615394,32.04872140560683,16.888944911956788,0.3790798354130968,17.64710458278298,16.130785241130596,0.0897817684619767,-0.051666592503778475,0.10211554126125602,-0.1537821337650345,17.610000610351562,15.350000381469728,15.350000381469728,-0.046989677238513106,0.1298747053886784,-0.04866607498413056,-0.03879759939317029,0.028155346347577485,1.0737972080730511,0.054681989100789564,1.641889220534597,-0.031187794427239623,-0.023882694071201693,0.297371019109123,-1.7514635927905193,1750.157717150294
2026-03-31 16:30:00,16.225000381469727,16.440000534057617,15.345000267028809,15.579999923706056,10385770,1h,1H,yfinance,730d,2026-04-02T03:04:46Z,-0.039753494150934654,-0.039753494150934654,16.63613951967601,16.841279888153075,16.61807800292969,15.01917498588562,12.842271633148194,16.63613951967601,16.61807800292969,15.01917498588562,12.842271633148194,0.01855686409374757,0.46986409235425003,4104703.85,2.5302117715508268,33.53367862155238,1.0950002670288086,0.5337088462436602,0.034256023675044114,20.007315404301874,15.07064748164407,37.055006941483875,16.841279888153075,0.46986409235425003,17.781008072861574,15.901551703444575,0.11159819098660637,-0.1349197987219597,0.05470847326461288,-0.18962827198657256,17.610000610351562,15.350000381469728,15.350000381469728,-0.09339537923275187,0.04915821706962675,-0.07783370810465651,-0.057659417842966576,0.028155346347577485,1.216679178872596,0.054681989100789564,2.0408582939605426,-0.06348465608387266,-0.06246679544052114,0.2940139001604254,-2.6843506132324046,1750.157717150294
2026-03-31 17:30:00,15.574999809265137,15.895000457763672,15.529999732971191,15.765000343322754,3994709,1h,1H,yfinance,730d,2026-04-02T03:04:46Z,0.011874224680528123,0.011874224680528123,16.553173883832844,16.793859910964965,16.6226780128479,15.05627498626709,12.870946636199951,16.553173883832844,16.6226780128479,15.05627498626709,12.870946636199951,0.018594230986675227,0.5249998373758898,4165509.9,0.9589964004166693,37.167210445278386,0.36500072479248047,0.5216582661400045,0.033089645085923027,21.590771423187032,14.31744540460027,35.20306871340229,16.793859910964965,0.5249998373758898,17.843859585716746,15.743860236213186,0.12504566315528448,-0.18385125389530543,0.006996527832629216,-0.19084778172793465,17.610000610351562,15.345000267028809,15.345000267028809,-0.09965733082520445,-0.04338587492560997,-0.06688369836188168,-0.056744860421551246,0.028155346347577485,1.175252638608372,0.054681989100789564,2.2867797095822713,-0.04761464756193279,-0.05159684070534454,0.29148837942471784,-1.9597331168420296,1750.157717150294
2026-03-31 18:30:00,15.770000457763672,15.890000343322754,15.579999923706056,15.654999732971191,4075819,1h,1H,yfinance,730d,2026-04-02T03:04:46Z,-0.006977520327054898,-0.006977520327054898,16.467633488512686,16.736109924316406,16.61927801132202,15.091874980926514,12.898472633361816,16.467633488512686,16.61927801132202,15.091874980926514,12.898472633361816,0.018509592937879595,0.5806262733256722,4194519.65,0.9717010146799526,35.910162729847755,0.31000041961669744,0.5065398485311969,0.03235642652004439,23.06112344072325,13.691572478125932,33.66420147738998,16.736109924316406,0.5806262733256722,17.89736247096775,15.574857377665062,0.1387720984031211,-0.22886767055323531,-0.04017631184454369,-0.18869135870869164,17.610000610351562,15.345000267028809,15.345000267028809,-0.07803297084722005,-0.010742501001132054,-0.02777259218283412,-0.06870908802295084,0.028155346347577485,1.1492107438709724,0.054914300555221646,2.5270666656961662,-0.04934733069620245,-0.05802167083876364,0.2884686802634573,-1.8619725648185084,1750.157717150294
2026-03-31 19:30:00,15.654999732971191,15.8100004196167,15.619999885559082,15.755000114440918,6622116,1h,1H,yfinance,730d,2026-04-02T03:04:46Z,0.006387760023982336,0.006387760023982336,16.399763643362995,16.656109952926634,16.62417600631714,15.126574983596802,12.926322631835937,16.399763643362995,16.62417600631714,15.126574983596802,12.926322631835937,0.01678083188692231,0.5997536818119046,4187462.5,1.5814149977462484,37.964278327605,0.1900005340576172,0.4839298974973698,0.030715956457137896,24.42645031414974,13.307602152732937,32.7201131036097,16.656109952926634,0.5997536818119046,17.855617316550443,15.456602589302825,0.14403211398265828,-0.2535515258739345,-0.08285135465042186,-0.1707001712235126,17.610000610351562,15.345000267028809,15.345000267028809,-0.074596154628225,0.027388332262743065,-0.020515945838647687,-0.09219242120413429,0.028155346347577485,1.0909457862087613,0.0555495307787647,2.5928592368545877,-0.039315415937900666,-0.05228384802626829,0.28607156728193095,-1.5024665388687408,1750.157717150294
2026-04-01 13:30:00,15.140000343322754,15.710000038146973,14.739999771118164,14.875,11972948,1h,1H,yfinance,730d,2026-04-02T03:04:46Z,-0.05585529089487695,-0.05585529089487695,16.254548058280804,16.53860993385315,16.606676006317137,15.15467498779297,12.950172634124756,16.254548058280804,16.606676006317137,15.15467498779297,12.950172634124756,0.02015672481215554,0.6988090165424188,4606677.35,2.599042018864204,29.119524563599484,1.015000343322754,0.5218635007706115,0.035083260556007495,26.656916183908884,11.458840012840984,40.21921218787546,16.53860993385315,0.6988090165424188,17.936227966937984,15.140991900768311,0.1690127572600923,-0.34020069201080716,-0.13432122212249892,-0.20587946988830824,17.610000610351562,15.345000267028809,15.345000267028809,-0.1351744569656702,0.008816555812132476,-0.0832049522175381,-0.13642962725259533,0.028348328699629978,1.2375777396875403,0.05592085570982988,3.0223564198854507,-0.08487151124315628,-0.10427589516760682,0.2823517087762366,-2.380636045717314,1750.157717150294
2026-04-01 14:30:00,14.869999885559082,15.010000228881836,14.600000381469728,14.75,4985813,1h,1H,yfinance,730d,2026-04-02T03:04:46Z,-0.008403361344537785,-0.008403361344537785,16.111257767015964,16.428359937667846,16.582576007843016,15.177374992370606,12.974297633171082,16.111257767015964,16.582576007843016,15.177374992370606,12.974297633171082,0.020064131674322336,0.7921276560842607,4707946.15,1.0590208216379025,28.117453433066117,0.4099998474121076,0.5138732398164326,0.034838863716368317,28.84969603510466,10.805799216456641,39.873110728508614,16.428359937667846,0.7921276560842607,18.01261524983637,14.844104625499325,0.1928683469536182,-0.41418279434584093,-0.19029353656716733,-0.2238892577786736,17.610000610351562,14.739999771118164,14.739999771118164,-0.13362699967723513,-0.014366866047155424,-0.053273422835076745,-0.13005012878962496,0.028348328699629978,1.2289565316357807,0.056928786086200986,3.3878879247763853,-0.08449109229714025,-0.11051214280436694,0.27810972714597937,-2.1187998232059133,1750.157717150294
2026-04-01 15:30:00,14.75,14.755000114440918,14.529999732971191,14.5649995803833,2982018,1h,1H,yfinance,730d,2026-04-02T03:04:46Z,-0.012542401329945663,-0.012542401329945663,15.963995082574758,16.307609939575194,16.571975994110108,15.194874992370606,12.996897630691528,15.963995082574758,16.571975994110108,15.194874992370606,12.996897630691528,0.020009838206742285,0.8782231720256096,4731470.8,0.6302518024627776,26.65545229598702,0.22500038146972656,0.49323946422023934,0.03386470844012609,30.947553554035842,10.453708726346143,39.587622004405524,16.307609939575194,0.8782231720256096,18.064056283626414,14.551163595523974,0.21541431890502705,-0.4821838163231025,-0.24867159251835438,-0.2335122238047481,17.610000610351562,14.600000381469728,14.600000381469728,-0.14599828086997013,0.010756400736466887,-0.07611802961030145,-0.14222614999758487,0.028986636671042218,1.1682869187082021,0.06262811307596558,3.439578622522723,-0.08763442327281279,-0.12110664500359603,0.27507167210244154,-1.9842454796228917,1750.157717150294
2026-04-01 16:30:00,14.5649995803833,14.619999885559082,14.220000267028809,14.335000038146973,3656351,1h,1H,yfinance,730d,2026-04-02T03:04:46Z,-0.015791249492797865,-0.015791249492797865,15.80885269739116,16.17310996055603,16.53667598724365,15.206124992370606,13.019122629165649,15.80885269739116,16.53667598724365,15.206124992370606,13.019122629165649,0.01994858912096601,0.9602149702611574,4820384.0,0.7585186159442899,24.920575139759862,0.39999961853027344,0.48657947524238465,0.033943458245381544,33.15848279122754,9.839878668694045,41.81379084006052,16.17310996055603,0.9602149702611574,18.093539901078344,14.252680020033715,0.23748431132985268,-0.5483135398589187,-0.30859998198646726,-0.23971355787245147,17.610000610351562,14.529999732971191,14.529999732971191,-0.15152414029324968,0.003149060630795786,-0.08431809117467759,-0.15800291575075653,0.030474544378748192,1.1138298844937757,0.0752010672976134,3.1579912342200167,-0.0932295775953057,-0.13313896642802003,0.27018359518312884,-1.9142691786081312,1750.157717150294
2026-04-01 17:30:00,14.335000038146973,14.6899995803833,14.279999732971191,14.585000038146973,4546090,1h,1H,yfinance,730d,2026-04-02T03:04:46Z,0.017439832531197963,0.017439832531197963,15.692295301272665,16.04310998916626,16.508975982666016,15.221624994277954,13.04287262916565,15.692295301272665,16.508975982666016,15.221624994277954,13.04287262916565,0.020378857580306844,0.9899603195479331,4944173.9,0.9194842438693347,30.23570184873431,0.4099998474121094,0.4811095018259364,0.032986595856537376,34.96893243928985,10.2801735523281,39.26853602517326,16.04310998916626,0.9899603195479331,18.023030628262127,14.063189350070395,0.2468250408347116,-0.5739329695253392,-0.3616665794942417,-0.21226639003109754,17.610000610351562,14.220000267028809,14.220000267028809,-0.13672686339319962,-0.04360655487560838,-0.07426214330658953,-0.15129470518449228,0.03108561654983718,1.0611530192316598,0.0859345349944945,2.8722450275727303,-0.07056298915276527,-0.11654120440535898,0.26574692953373513,-1.4728973699522994,1750.157717150294
2026-04-01 18:30:00,14.585000038146973,14.729999542236328,14.460000038146973,14.595000267028809,4168662,1h,1H,yfinance,730d,2026-04-02T03:04:46Z,0.0006856516184903239,0.0006856516184903239,15.58779101229706,15.897359991073609,16.482375984191894,15.237424993515015,13.066947631835937,15.58779101229706,16.482375984191894,15.237424993515015,13.066947631835937,0.019547531434641784,0.9777735483915717,4863347.75,0.8571589395391271,30.44781036544954,0.26999950408935547,0.4660302162733235,0.03193081245268083,36.505791440424,10.467830670666348,37.64349037624884,15.897359991073609,0.9777735483915717,17.852907087856753,13.941812894290464,0.24602161590115426,-0.5866668865380831,-0.40666664090300997,-0.1800002456350731,17.610000610351562,14.220000267028809,14.220000267028809,-0.0936020748170795,-0.07038213730322651,-0.018823511460248188,-0.1664762949028913,0.03147659416218927,1.0144303506329533,0.10068997972429153,2.4433574877540805,-0.06369027814685535,-0.11450871639945914,0.26137920259469816,-1.3319645701064113,1750.157717150294
2026-04-01 19:30:00,14.595000267028809,14.779999732971191,14.5600004196167,14.664999961853027,4440993,1h,1H,yfinance,730d,2026-04-02T03:04:46Z,0.0047961420721829295,0.0047961420721829295,15.499906150350009,15.781610012054443,16.456375980377196,15.253424997329711,13.091797633171081,15.499906150350009,16.456375980377196,15.253424997329711,13.091797633171081,0.019117226225129975,0.9797822189064482,4759784.9,0.9330238851759876,32.00616151838699,0.2199993133544922,0.44845658035054986,0.030580060110268432,37.744368972938645,10.89741573957733,36.32443577273236,15.781610012054443,0.9797822189064482,17.74117444986734,13.822045574241546,0.24833517446143025,-0.5843739183821679,-0.44220809639884157,-0.14216582198332633,17.610000610351562,14.220000267028809,14.220000267028809,-0.08828095762780597,-0.0703644807302164,-0.005762714450642248,-0.13633684586533312,0.03147659416218927,0.9715174377729282,0.11832192707094542,2.0988094143575715,-0.053865241531035224,-0.10885604586697761,0.2569989577811056,-1.1396512701033539,1750.157717150294
