signal_date,signal_close,asset_ticker,strategy_name,entry_date,exit_date,entry_reference_open,exit_reference_open,entry_price,exit_price,entry_reason,shares,entry_commission,exit_commission,entry_slippage_bps,exit_slippage_bps,capital_before,capital_after,capital_deployed,capital_deployed_fraction,position_value,position_value_fraction,liquidity_cap_shares,gross_pnl,net_pnl,gross_return,net_position_return,return,holding_bars,holding_period_days,holding_period_hours,regime_at_entry,stop_loss_used,take_profit_used,exit_reason,timeframe_label,data_interval
2000-07-06,79.29473876953125,QQQ,random,2000-07-07,2000-08-01,80.13827703519442,75.76237031758338,80.15024385492433,75.74820594527199,random_timing_entry,1247.0,6.235,6.235,0.9932714019600765,1.369928420696779,100000.0,94498.18872666353,99953.58908709063,0.9995358908709063,99947.35408709063,0.9994735408709063,961581.25,-5489.341273336462,-5501.811273336461,-0.05492232709385425,-0.0550470927778876,-0.05501811273336461,17,25,600.0,calm,,,random_time_exit,Daily,1d
2000-08-07,77.81853485107422,QQQ,random,2000-08-08,2000-08-23,77.66037725927346,79.87469328654942,77.67899757599722,79.85570651383419,random_timing_entry,1216.0,6.08,6.08,1.8976598338674964,1.8776350550391947,94498.18872666353,97132.9067950733,94463.74105241262,0.9996354673595855,94457.66105241262,0.9995711275020505,1049478.0,2646.8780684097646,2634.718068409765,0.028021846390427416,0.027893111464487925,0.027881148876098563,11,15,360.0,calm,,,random_time_exit,Daily,1d
2000-08-28,83.09075927734375,QQQ,random,2000-08-29,2000-09-19,83.19623773748224,76.55314958599251,83.21096741643362,76.52720567230952,random_timing_entry,1167.0,5.835,5.835,1.2704741646918591,2.89015562570993,97132.9067950733,89321.28683968048,97113.03397497804,0.9997954058953761,97107.19897497803,0.9997353335656936,852539.0,-7799.949955392823,-7811.619955392823,-0.08032308662720943,-0.08044326309325091,-0.08042197246164405,14,21,504.0,calm,,,random_time_exit,Daily,1d
2000-10-02,73.17894744873047,QQQ,random,2000-10-03,2000-10-20,74.28608975523994,71.28091335641915,74.30919363861369,71.26509602077144,random_timing_entry,1201.0,6.005,6.005,2.6101224266695744,1.7195066773077445,89321.28683968048,85653.31560065194,89251.34655997505,0.9992169808320052,89245.34155997504,0.9991497516169717,1304007.5,-3655.961239028548,-3667.971239028548,-0.04096528933750175,-0.04109986218791691,-0.041064917096548956,13,17,408.0,neutral,,,random_time_exit,Daily,1d
2000-10-23,72.70442199707031,QQQ,random,2000-10-24,2000-11-14,72.91529386693782,61.57994453672229,72.93096714408475,61.571105307218545,random_timing_entry,1174.0,5.87,5.87,1.649518477636747,0.935613257166225,85653.31560065194,72305.09780417102,85626.82542715549,0.999690727985126,85620.9554271555,0.9996221959036902,1837921.25,-13336.47779648092,-13348.217796480922,-0.155761842763216,-0.15589895872906143,-0.15584005946384313,15,21,504.0,neutral,,,random_time_exit,Daily,1d
2000-11-21,58.83838653564453,QQQ,random,2000-11-22,2000-12-11,57.73122533401003,60.78908841429639,57.74051769177155,60.77871481438125,random_timing_entry,1252.0,6.26,6.26,1.1095895605462913,1.206781715739616,72305.09780417102,76096.40060167837,72297.38815009798,0.9998933732986031,72291.12815009798,0.9998067957239907,2208546.0,3803.8227975073473,3791.302797507347,0.05261811365855952,0.052444925048554636,0.05243479246478027,12,19,456.0,neutral,,,random_time_exit,Daily,1d
2000-12-13,57.98163604736328,QQQ,random,2000-12-14,2001-01-11,57.79712120843891,49.99416517032504,57.80480819105809,49.98260230199219,random_timing_entry,1316.0,6.58,6.58,0.8299940305792735,1.8133786158205654,76096.40060167837,65789.21765166764,76077.70757943245,0.999754350769575,76071.12757943245,0.99966788150233,2500934.25,-10294.022950010733,-10307.182950010732,-0.13532102490871917,-0.13549402089837712,-0.1354490208277131,18,28,672.0,stressed,,,random_time_exit,Daily,1d
2001-02-05,51.878997802734375,QQQ,random,2001-02-06,2001-02-20,51.870589858966845,47.020115109558354,51.885850053700885,47.01010869600768,random_timing_entry,1267.0,6.335,6.335,2.4419743973480617,1.628566350565917,65789.21765166764,59598.98335147035,65745.70701803903,0.9993386357950176,65739.37201803902,0.999242343420277,2546248.5,-6177.564300197295,-6190.234300197295,-0.09397054018864309,-0.09416327096186257,-0.09409192754005008,9,14,336.0,calm,,,random_time_exit,Daily,1d
2001-03-26,35.26930236816406,QQQ,random,2001-03-27,2001-04-04,35.26086327906212,29.28000147282268,35.26647839671467,29.275425124857804,random_timing_entry,1689.0,8.445,8.445,1.092450419637036,1.063204614571192,59598.98335147035,49463.20437530411,59573.527012051076,0.9995728729252117,59565.082012051076,0.9994311758772906,4006809.0,-10118.888976166241,-10135.77897616624,-0.16987954409462597,-0.17016309948361344,-0.17006630660783215,6,8,192.0,stressed,,,random_time_exit,Daily,1d
2001-04-09,31.253942489624023,QQQ,random,2001-04-10,2001-04-27,31.970977239147956,38.08679962158203,31.978908443037252,38.07611792543539,random_timing_entry,1546.0,7.73,7.73,1.9807511606454509,2.305353257798445,49463.20437530411,58874.03023509163,49447.1224529356,0.9996748709960946,49439.39245293559,0.9995185932114742,4044143.5,9426.285859787522,9410.825859787523,0.19066346474142024,0.19035075863333611,0.190259122485929,12,17,408.0,stressed,,,random_time_exit,Daily,1d
2001-06-29,38.550743103027344,QQQ,random,2001-07-02,2001-07-23,38.50857956337426,35.632020659773225,38.51248730826037,35.62045611062705,random_timing_entry,1528.0,7.640000000000001,7.640000000000001,0.5147725339171201,2.746603331035619,58874.03023509163,54439.72656510792,58854.720607021845,0.9996720179000371,58847.080607021846,0.9995422493081895,3252940.0,-4419.023669983706,-4434.303669983707,-0.07509333724630704,-0.07535299328773482,-0.07531850040292735,14,21,504.0,calm,,,random_time_exit,Daily,1d
2001-07-30,35.1765022277832,QQQ,random,2001-07-31,2001-08-20,35.29458296424131,31.928776304610253,35.30284893526139,31.919997642351145,random_timing_entry,1541.0,7.705,7.705,1.841994245533607,2.2502076777902045,54439.72656510792,49211.342722733236,54409.3952092378,0.9994428451834003,54401.6902092378,0.9993013125107336,2856650.0,-5212.973842374683,-5228.383842374683,-0.09582374779762785,-0.09610701105545551,-0.09603986228920028,14,20,480.0,calm,,,random_time_exit,Daily,1d
2001-08-20,32.291507720947266,QQQ,random,2001-08-21,2001-09-06,32.299944127841414,29.305305260450883,32.30851364967209,29.30043284640621,random_timing_entry,1522.0,7.61,7.61,2.1531073232698597,1.1629153808809773,49211.342722733236,44617.82374016256,49181.167774800924,0.999386829412432,49173.557774800924,0.999232190266679,2810076.5,-4578.2989825706745,-4593.518982570674,-0.09310489599995614,-0.09341441194081407,-0.09334268744609345,11,16,384.0,calm,,,random_time_exit,Daily,1d
2001-10-12,29.145042419433594,QQQ,random,2001-10-15,2001-10-22,28.78230767603752,28.20868188073707,28.78897167581244,28.19982768535047,random_timing_entry,1549.0,7.745,7.745,1.815311145280458,2.6398047837014396,44617.82374016256,43689.74969893697,44601.862125833475,0.999642259236532,44594.11712583347,0.9994686738988628,4459790.0,-912.5840412255918,-928.0740412255918,-0.02046422488084039,-0.020811580115081062,-0.020800522379360014,5,7,168.0,neutral,,,random_time_exit,Daily,1d
2002-01-07,34.76315689086914,QQQ,random,2002-01-08,2002-01-22,34.67035996896565,32.898873246590796,34.68157179339849,32.88961571876581,random_timing_entry,1259.0,6.295,6.295,2.733835599882055,2.3147266614922293,43689.74969893697,41421.087000974425,43670.3938878887,0.9995569713449574,43664.0988878887,0.9994128872052364,3134955.25,-2256.0726979625433,-2268.6626979625435,-0.05166882531470998,-0.051957162880826385,-0.05192665816571943,9,14,336.0,calm,,,random_time_exit,Daily,1d
2002-01-24,32.848270416259766,QQQ,random,2002-01-25,2002-02-21,32.451784067096746,29.34749214451302,32.45707164522887,29.337342208612842,random_timing_entry,1275.0,6.375,6.375,1.1293643890853509,2.959732592000197,41421.087000974425,37430.681969288984,41389.14134766681,0.9992287586922366,41382.76634766681,0.9990748515772482,3436903.0,-3977.655031685438,-3990.405031685438,-0.0961186354307051,-0.09642673469823315,-0.09633752565671598,18,27,648.0,calm,,,random_time_exit,Daily,1d
2002-03-20,30.418825149536133,QQQ,random,2002-03-21,2002-04-10,30.494753350401623,28.478616103558988,30.499269872630283,28.47449987661748,random_timing_entry,1226.0,6.13,6.13,0.9810817378191878,0.9455835780582745,37430.681969288984,34936.05395417729,37398.23486384472,0.9991331414834791,37392.104863844725,0.9989693720922341,4208163.25,-2482.3680151116973,-2494.6280151116976,-0.06638749073235392,-0.06671536743372289,-0.06664660871416883,13,20,480.0,calm,,,random_time_exit,Daily,1d
2002-04-19,29.06910514831543,QQQ,random,2002-04-22,2002-05-17,28.68950676526806,28.08214583169681,28.698036151225857,28.07762550997534,random_timing_entry,1216.0,6.08,6.08,2.472998465111165,1.1099373217515942,34936.05395417729,34169.474614416664,34902.89195989064,0.9990507801960078,34896.81195989064,0.9988767479481765,3826486.75,-754.4193397606268,-766.5793397606269,-0.02161857480355896,-0.02196703070302555,-0.021942356190715905,19,25,600.0,calm,,,random_time_exit,Daily,1d
2002-07-03,20.878143310546875,QQQ,random,2002-07-05,2002-07-29,21.30834712863851,19.629670292376247,21.31146853946218,19.62288358234487,random_timing_entry,1602.0,8.01,8.01,0.9648770290947035,2.95856917659404,34169.474614416664,31448.341513114734,34148.98260021841,0.9994002830178254,34140.97260021841,0.9991658632589502,5674071.5,-2705.1131013019312,-2721.1331013019317,-0.07923362737723019,-0.0797028582977312,-0.07963637521525838,16,24,576.0,neutral,,,random_time_exit,Daily,1d
2002-08-02,18.76923179626465,QQQ,random,2002-08-05,2002-08-29,18.651128998014972,19.57062186356447,18.655950214958956,19.566680826721438,random_timing_entry,1684.0,8.42,8.42,2.0849464364865606,1.5141570652337788,31448.341513114734,32965.17186332275,31425.04016199088,0.9992590594606034,31416.620161990882,0.9989913187914656,6264215.0,1533.670350208019,1516.830350208019,0.04881716563717177,0.04828114362356338,0.048232443341263746,18,24,576.0,neutral,,,random_time_exit,Daily,1d
2002-08-29,20.068323135375977,QQQ,random,2002-08-30,2002-09-10,19.924912324785936,19.595918753878596,19.931143402427697,19.593455393604895,random_timing_entry,1653.0,8.265,8.265,2.627279829487449,0.7572362680371933,32965.17186332275,32390.44358473866,32954.44504421298,0.9996746014504567,32946.18004421298,0.9994238822964883,4747964.0,-558.1982785840918,-574.7282785840918,-0.016942731382970744,-0.017444458744923393,-0.017434408683412263,6,11,264.0,neutral,,,random_time_exit,Daily,1d
2002-10-22,20.363569259643555,QQQ,random,2002-10-23,2002-10-31,20.118933233907295,20.80222487472063,20.12227404469906,20.795504111456705,random_timing_entry,1608.0,8.040000000000001,8.040000000000001,1.1605307810942438,2.7318347407718484,32390.44358473866,33456.917532084946,32364.656663876092,0.9992038725621307,32356.61666387609,0.9989556512008219,4753730.25,1082.5539473462902,1066.4739473462903,0.03345695746227035,0.03295999573827304,0.03292557400630285,6,8,192.0,neutral,,,random_time_exit,Daily,1d
2002-11-07,21.54455184936523,QQQ,random,2002-11-08,2002-11-20,21.502368867096617,21.561423193380175,21.508784311725034,21.557422255091645,random_timing_entry,1554.0,7.7700000000000005,7.7700000000000005,2.4835990016120006,1.355944667775348,33456.917532084946,33516.960896076656,33432.4208204207,0.9992678132514523,33424.650820420706,0.9990355742834558,4662358.75,75.5833639917133,60.0433639917133,0.0022613060162631777,0.001796379693367805,0.0017946472185948433,8,12,288.0,calm,,,random_time_exit,Daily,1d
2002-12-03,22.91956329345703,QQQ,random,2002-12-04,2002-12-19,22.404983918850068,21.23243112865992,22.4094094213682,21.225351322903318,random_timing_entry,1494.0,7.47,7.47,1.475231285217405,2.8355423186609823,33516.960896076656,31733.038096970125,33487.12767552409,0.9991099067530297,33479.65767552409,0.9988870345175915,4086163.5,-1768.9827991065322,-1783.9227991065322,-0.05283754141846495,-0.0532837825403066,-0.053224479529567076,11,15,360.0,calm,,,random_time_exit,Daily,1d
2003-01-03,21.662641525268555,QQQ,random,2003-01-06,2003-02-03,21.687955211568344,20.684118981959845,21.694772882364372,20.67981355881312,random_timing_entry,1462.0,7.3100000000000005,7.3100000000000005,2.643528622001887,1.5819448562622378,31733.038096970125,30234.547565938195,31725.067954016715,0.9997488376962503,31717.757954016713,0.9995184784102071,3025427.75,-1483.8705310319313,-1498.4905310319311,-0.046783588335064366,-0.04724452885996513,-0.04722177959931946,19,28,672.0,calm,,,random_time_exit,Daily,1d
2003-03-06,20.658811569213867,QQQ,random,2003-03-07,2003-03-21,20.312947981456325,22.95330491278177,20.319780803597382,22.94886355647753,random_timing_entry,1487.0,7.4350000000000005,7.4350000000000005,2.863776713894261,1.4353273391136128,30234.547565938195,34129.12361947098,30222.94905494931,0.9996163821878402,30215.514054949308,0.9993704714466992,3299458.25,3909.44605353278,3894.57605353278,0.12938538945334976,0.12889325816036704,0.12881211617402713,10,14,336.0,calm,,,random_time_exit,Daily,1d
2003-03-21,22.91956329345703,QQQ,random,2003-03-24,2003-04-11,22.32906333672613,21.94945958216268,22.336508735383298,21.942532406853765,random_timing_entry,1527.0,7.635,7.635,2.8343981092675765,2.65696255130215,34129.12361947098,33512.25176580638,34115.4838389303,0.9996003477647782,34107.848838930295,0.9993766385337669,3869324.0,-601.6018536645965,-616.8718536645965,-0.01763822328712608,-0.018085920826543193,-0.018074646760418586,14,18,432.0,calm,,,random_time_exit,Daily,1d
2003-04-14,21.9578914642334,QQQ,random,2003-04-15,2003-05-12,21.907274355272953,23.923397190606295,21.91406285196291,23.915711913209503,random_timing_entry,1528.0,7.640000000000001,7.640000000000001,2.5987408930335563,2.713484685165213,33512.25176580638,36555.49153139118,33492.32803779933,0.9994054792812407,33484.68803779933,0.999177502956242,3703683.0,3058.519765584793,3043.239765584793,0.09134084696062184,0.09088451898221118,0.09080976673402495,18,27,648.0,calm,,,random_time_exit,Daily,1d
2003-05-13,24.17645835876465,QQQ,random,2003-05-14,2003-06-04,24.353610662623808,25.146556206490732,24.36162885443639,25.142945418416204,random_timing_entry,1499.0,7.495,7.495,2.7924037111625126,0.9361038511756357,36555.49153139118,37711.69506079692,36525.57665280015,0.999181658422912,36518.081652800145,0.9989766276686799,3463081.0,1171.1935294057416,1156.2035294057418,0.032071606075614774,0.03166112449165538,0.03162872337287215,14,21,504.0,calm,,,random_time_exit,Daily,1d
2003-06-06,25.416494369506836,QQQ,random,2003-06-09,2003-06-18,25.30683870143238,25.86357877410704,25.313732311893386,25.85944075618913,random_timing_entry,1489.0,7.445,7.445,2.224010905642755,1.100196213416303,37711.69506079692,38509.36493435328,37699.59241240925,0.9996790743993831,37692.14741240925,0.9994816555353411,3959506.0,812.5598735563635,797.6698735563634,0.021557802601845057,0.0211627601056699,0.021151790506112222,7,9,216.0,calm,,,random_time_exit,Daily,1d
2003-07-10,26.65652656555176,QQQ,random,2003-07-11,2003-07-23,26.698697463490216,26.479377927903037,26.707749928801643,26.474921323442867,random_timing_entry,1441.0,7.205,7.205,2.890601853818327,1.183330577540746,38509.36493435328,38159.44891403129,38493.07264740317,0.9995769266260847,38485.86764740317,0.9993898292794449,4077638.75,-335.5060203219963,-349.91602032199626,-0.008717642106858789,-0.009092065262184802,-0.009086517550172441,8,12,288.0,calm,,,random_time_exit,Daily,1d
2003-08-20,27.23858642578125,QQQ,random,2003-08-21,2003-09-09,27.49166656709423,28.951010968562777,27.500573225179966,28.94619779862507,random_timing_entry,1387.0,6.9350000000000005,6.9350000000000005,2.739766517608927,1.1627986760781939,38159.44891403129,40150.66019739965,38150.23006332461,0.9997584123731073,38143.295063324615,0.9995766749477157,3524428.75,2005.0812833683608,1991.211283368361,0.05256707057005881,0.05220344178610154,0.05218134276137802,12,19,456.0,calm,,,random_time_exit,Daily,1d
2003-10-09,29.26313591003418,QQQ,random,2003-10-10,2003-10-23,29.33061676978136,28.807605948537837,29.336000081252088,28.8015564102726,random_timing_entry,1368.0,6.84,6.84,1.335389795237223,1.6004206088946342,40150.66019739965,39405.86125549971,40138.48811115285,0.9996968396986013,40131.648111152856,0.9995264813541466,4602281.5,-731.1189418999402,-744.7989418999402,-0.01821801436798598,-0.018558892469032577,-0.018550104487402103,9,13,312.0,calm,,,random_time_exit,Daily,1d
2003-10-31,29.676488876342773,QQQ,random,2003-11-03,2003-11-25,29.88736183144081,29.76928114073081,29.891883035180253,29.765891906528058,random_timing_entry,1317.0,6.585,6.585,1.0127476841015077,0.6386301520524122,39405.86125549971,39226.76093906477,39374.194957332395,0.9991964063934043,39367.609957332395,0.9990292992730371,4022843.0,-165.93031643494152,-179.10031643494153,-0.004214894341179994,-0.004549433319143706,-0.004545017180913544,16,22,528.0,calm,,,random_time_exit,Daily,1d
2003-12-04,30.056089401245117,QQQ,random,2003-12-05,2003-12-22,29.75239110389592,29.819883894943494,29.759358072859055,29.816570895520307,random_timing_entry,1317.0,6.585,6.585,1.8416501009296966,0.611126908187207,39226.76093906477,39288.94022650964,39199.65958195538,0.9993091105036306,39193.07458195538,0.9991412404108073,4133994.25,75.34928744486983,62.179287444869836,0.0019225153486570532,0.0015864865950959966,0.0015851241845193321,11,17,408.0,calm,,,random_time_exit,Daily,1d
2004-01-06,31.51087951660156,QQQ,random,2004-01-07,2004-01-28,31.460242515195915,32.017220010873785,31.467006981303918,32.00761622894782,random_timing_entry,1248.0,6.24,6.24,1.6501633703981196,2.5004677190799187,39288.94022650964,39951.14056756923,39277.064712667285,0.9996977390132212,39270.82471266729,0.9995389156913392,3707870.75,674.6803410595871,662.2003410595871,0.01718019282752574,0.016862399654316053,0.01685462466642908,14,21,504.0,calm,,,random_time_exit,Daily,1d
2004-01-28,31.308351516723633,QQQ,random,2004-01-29,2004-02-19,31.426494598388672,31.958145077850755,31.43341395452518,31.95435613697933,random_timing_entry,1270.0,6.3500000000000005,6.3500000000000005,1.7017588104978971,0.6857353204608359,39951.14056756923,40600.037139286,39926.785722246976,0.9993903842299305,39920.43572224698,0.999231440081909,4099634.5,661.5965717167742,648.8965717167741,0.016572879522657055,0.016254746722495196,0.016242253975685565,14,21,504.0,calm,,,random_time_exit,Daily,1d
2004-07-16,29.257692337036133,QQQ,random,2004-07-19,2004-07-26,29.35051660666157,28.8948224308766,29.359555064911387,28.88780094634607,random_timing_entry,1382.0,6.91,6.91,2.5794886410165674,1.930605411459542,40600.037139286,39934.25294742874,40581.81509970754,0.9995511817017323,40574.90509970754,0.9993809848130867,4708906.25,-651.9641918572698,-665.7841918572698,-0.016068163074076276,-0.016408767690797844,-0.016398610414398707,5,7,168.0,calm,,,random_time_exit,Daily,1d
2004-08-06,27.61210823059082,QQQ,random,2004-08-09,2004-08-18,27.688057638642107,27.89903114952925,27.696153654821185,27.892063059781453,random_timing_entry,1441.0,7.205,7.205,2.4240101580023112,1.9982339000396965,39934.25294742874,40202.14839997648,39917.36241659733,0.9995770415223832,39910.15741659733,0.9993966199677473,5393680.25,282.30545254774665,267.8954525477467,0.007073523905228824,0.0067124629389794825,0.006708412772874865,7,9,216.0,calm,,,random_time_exit,Daily,1d
2004-08-25,29.15642547607422,QQQ,random,2004-08-26,2004-09-09,29.080477581539363,29.072039439606385,29.08957677460353,29.06409511192027,random_timing_entry,1381.0,6.905,6.905,2.628969611537817,2.233382083812582,40202.14839997648,40153.1482238109,40179.610525727476,0.9994393863227216,40172.70552572748,0.9992676293327393,4836810.75,-35.1901761655801,-49.0001761655801,-0.0008759722728419061,-0.0012197380167536717,-0.0012188447164084586,9,14,336.0,calm,,,random_time_exit,Daily,1d
2004-09-17,29.8990421295166,QQQ,random,2004-09-20,2004-10-08,29.78089796882932,30.447576277033946,29.78724226722264,30.43974609914352,random_timing_entry,1347.0,6.735,6.735,1.6303247470782587,2.0723532203344686,40153.1482238109,41018.60088540833,40130.1503339489,0.9994272456611917,40123.4153339489,0.9992595128607034,4292791.25,878.922661597423,865.452661597423,0.021905479737507692,0.02156976554448876,0.021553793410505423,14,18,432.0,calm,,,random_time_exit,Daily,1d
2004-10-21,30.886415481567383,QQQ,random,2004-10-22,2004-11-01,30.89483137160263,31.20708252383351,30.90120027360013,31.196872020847216,random_timing_entry,1326.0,6.63,6.63,1.5614781549993637,2.7729252405412126,41018.60088540833,41397.40162225797,40981.62156279377,0.9990984743063797,40974.99156279377,0.998936840319435,5063456.5,392.0607368496384,378.8007368496384,0.009568293290525984,0.009244681265379395,0.009234852692998369,6,10,240.0,calm,,,random_time_exit,Daily,1d
2004-11-10,31.890634536743164,QQQ,random,2004-11-11,2004-12-07,31.99191202779263,34.05098853369538,31.99570229518161,34.04146593927167,random_timing_entry,1293.0,6.465,6.465,0.6847580056117543,2.2973514538713307,41397.40162225797,44029.64401406641,41376.908067669814,0.9995049555338001,41370.44306766982,0.9993487863119009,5436840.75,2645.172391808446,2632.2423918084455,0.06393870105480198,0.06362615907939093,0.06358472485367726,17,26,624.0,calm,,,random_time_exit,Daily,1d
2005-03-09,32.00864028930664,QQQ,random,2005-03-10,2005-03-30,32.04271547519222,30.866999170886672,32.048032021625794,30.862146236063406,random_timing_entry,1373.0,6.865,6.865,1.1592059551552298,1.0724553911922325,44029.64401406641,42387.69283048926,44008.81296569221,0.9995268858324735,44001.94796569221,0.9993709681512448,4745940.5,-1628.221183577158,-1641.951183577158,-0.037003388687397706,-0.037315420327694755,-0.037291947739858944,13,20,480.0,calm,,,random_time_exit,Daily,1d
2005-04-15,29.59754943847656,QQQ,random,2005-04-18,2005-05-11,29.571993666125223,30.51769101947322,29.580932800424495,30.512613847997414,random_timing_entry,1432.0,7.16,7.16,2.522837891890176,1.1639582243248703,42387.69283048926,43707.54009061368,42367.05577020788,0.9995131355612134,42359.89577020788,0.99934421860627,5243613.25,1334.1672601244202,1319.84726012442,0.03149599959740111,0.031157943996941592,0.031137511197001512,17,23,552.0,calm,,,random_time_exit,Daily,1d
2005-05-13,30.87551498413086,QQQ,random,2005-05-16,2005-05-23,30.87552237304262,32.085322399894395,30.884607126089755,32.07961789605846,random_timing_entry,1414.0,7.07,7.07,2.442380354694047,1.2782330994148663,43707.54009061368,45383.14531934942,43677.90447629091,0.9993219564802474,43670.83447629091,0.9991601994931156,5156956.5,1689.745228735747,1675.6052287357472,0.03869276254963979,0.0383689766598218,0.03833675437377425,5,7,168.0,calm,,,random_time_exit,Daily,1d
2005-06-30,31.36453628540039,QQQ,random,2005-07-01,2005-07-21,31.43276878390559,33.735222580093236,31.44224949032244,33.72615181329907,random_timing_entry,1442.0,7.21,7.21,2.516185587095081,2.1895350659580104,45383.14531934942,48662.11246908172,45346.93376504496,0.9992020924497487,45339.72376504496,0.9990432228969827,4392063.25,3293.3871497323003,3278.9671497323,0.07263800650394268,0.07231996310176568,0.07225076901697886,13,20,480.0,calm,,,random_time_exit,Daily,1d
2005-08-02,34.17866516113281,QQQ,random,2005-08-03,2005-08-19,34.03367138541368,33.16386856621938,34.03751029560993,33.156506752033685,random_timing_entry,1429.0,7.1450000000000005,7.1450000000000005,0.6279741620500019,1.7203226174431654,48662.11246908172,47388.868405311274,48646.747212426584,0.9996842460001114,48639.60221242659,0.9995374171914662,4062754.75,-1258.9540637704492,-1273.2440637704492,-0.025883313318890752,-0.02617710684001353,-0.026164997760412187,12,16,384.0,calm,,,random_time_exit,Daily,1d
2005-08-19,33.10417556762695,QQQ,random,2005-08-22,2005-08-29,33.15533083747057,32.62662484376597,33.1644529252424,32.62102097241185,random_timing_entry,1428.0,7.140000000000001,7.140000000000001,2.25131857876574,1.21787123366266,47388.868405311274,46598.567576669244,47365.97877724615,0.999516983020794,47358.83877724615,0.9993663147258912,3602134.25,-776.0208286420286,-790.3008286420286,-0.016385976697867698,-0.0166875043613133,-0.016676929735537912,5,7,168.0,calm,,,random_time_exit,Daily,1d
2005-10-18,32.32817077636719,QQQ,random,2005-10-19,2005-11-15,32.16613719735474,34.73295015837635,32.170685783972786,34.72303927159975,random_timing_entry,1448.0,7.24,7.24,0.9140916548764478,2.354268227809675,46598.567576669244,50279.89542675309,46590.39301519259,0.9998245748334816,46583.15301519259,0.999669205250756,4952877.75,3695.8078500838474,3681.327850083848,0.0793378638169576,0.07902702182660806,0.07900088010273942,19,27,648.0,calm,,,random_time_exit,Daily,1d
2005-11-25,35.72215270996094,QQQ,random,2005-11-28,2005-12-06,35.81593305527858,35.84152289789592,35.82654149191154,35.83653764502292,random_timing_entry,1403.0,7.015000000000001,7.015000000000001,2.4619322262519443,0.8911089632543461,50279.89542675309,50279.89002956836,50271.65271315189,0.9998360634299008,50264.63771315189,0.9996965444444205,4222027.75,14.024602815266952,-0.005397184733048732,0.00027901529690320186,-1.0737538314409343e-07,-1.0734279948754587e-07,6,8,192.0,calm,,,random_time_exit,Daily,1d
2005-12-08,35.44075012207031,QQQ,random,2005-12-09,2005-12-23,35.440729767272536,35.483492569784104,35.45206455596661,35.47958018001656,random_timing_entry,1417.0,7.085,7.085,2.6982379506584264,0.6027159136848552,50279.89002956836,50304.70966884715,50242.66047580468,0.9992595537949309,50235.57547580468,0.9991186425877697,3981848.25,38.98963927878498,24.819639278784976,0.000776136013362957,0.0004940649936565181,0.0004936295458122355,10,14,336.0,calm,,,random_time_exit,Daily,1d
2006-01-17,36.50072479248047,QQQ,random,2006-01-18,2006-02-03,35.9279845224875,35.1501131065097,35.93930492565217,35.13877411871772,random_timing_entry,1399.0,6.995,6.995,2.6508595083015933,2.726916156400803,50304.70966884715,49170.77706994585,50286.0825909874,0.9996297150310105,50279.087590987394,0.999490662444363,3673519.5,-1119.9425989013007,-1133.9325989013005,-0.022274521129179208,-0.02255276802406732,-0.022541281052329096,12,16,384.0,calm,,,random_time_exit,Daily,1d
2006-02-09,34.79962158203125,QQQ,random,2006-02-10,2006-02-28,34.77397687610429,35.56900453394767,34.78084363355801,35.56208150100639,random_timing_entry,1413.0,7.065,7.065,1.4746828147320563,1.4467457047157821,49170.77706994585,50260.536176650414,49152.397054217465,0.9996262004218026,49145.33205421746,0.9994825175186435,4827742.25,1103.8891067045643,1089.7591067045641,0.022461728521576504,0.022174213931494744,0.022162739164247346,11,18,432.0,calm,,,random_time_exit,Daily,1d
2006-03-01,35.61171340942383,QQQ,random,2006-03-02,2006-03-13,35.517689428230696,34.82528469668352,35.52477053431314,34.81597300689181,random_timing_entry,1414.0,7.07,7.07,1.4936843292561057,2.1745453271872046,50260.536176650414,49244.15647287665,50239.09553551878,0.999573410019816,50232.025535518784,0.9994327429967833,4318811.0,-1002.2397037737635,-1016.3797037737636,-0.019952205651454082,-0.02023369937680668,-0.020222221669134205,7,11,264.0,calm,,,random_time_exit,Daily,1d
2006-05-10,35.6452522277832,QQQ,random,2006-05-11,2006-05-22,35.61104516220494,33.369858011658536,35.6176695144668,33.358449781912064,random_timing_entry,1382.0,6.91,6.91,1.3601959677635593,2.919892057653258,49244.15647287665,46108.09480248601,49230.529268993116,0.999723272671123,49223.61926899311,0.9995829514534409,4377321.5,-3122.241670390641,-3136.0616703906408,-0.06342974606008706,-0.06371050558580331,-0.0636839352120482,7,11,264.0,calm,,,random_time_exit,Daily,1d
2006-06-19,32.55342483520508,QQQ,random,2006-06-20,2006-07-11,32.604788050286,31.911431104349955,32.61610423762442,31.906205096962456,random_timing_entry,1413.0,7.065,7.065,2.9707133568758644,1.1379282248138518,46108.09480248601,45090.87731673066,46093.620287763304,0.9996860743263257,46086.5552877633,0.9995328474356839,7608017.0,-1003.087485755355,-1017.2174857553551,-0.021765295312094854,-0.022071892320957263,-0.02206158137986022,14,21,504.0,neutral,,,random_time_exit,Daily,1d
2006-07-19,31.34648323059082,QQQ,random,2006-07-20,2006-08-15,31.457768670764153,31.8429724580071,31.463645474152006,31.837552161090276,random_timing_entry,1432.0,7.16,7.16,1.3681564637846149,1.2024854453011808,45090.87731673066,45611.99169242626,45063.10031898568,0.999383977438499,45055.940318985675,0.9992251870040235,6210120.25,535.4343756956022,521.1143756956022,0.011883768752906946,0.011565941627368834,0.011556980185485243,18,26,624.0,neutral,,,random_time_exit,Daily,1d
2006-10-06,35.467063903808594,QQQ,random,2006-10-09,2006-10-18,35.42425540586845,36.16084279042349,35.43215568887767,36.15629393663257,random_timing_entry,1286.0,6.43,6.43,1.7301902802763331,0.7581084219784422,45611.99169242626,46530.37347903906,45572.18221589668,0.9991272146851639,45565.75221589668,0.9989862429853671,5772216.75,931.2417866128027,918.3817866128028,0.020437318409678686,0.020155088897937774,0.02013465653518694,7,9,216.0,calm,,,random_time_exit,Daily,1d
2006-11-14,37.625431060791016,QQQ,random,2006-11-15,2006-11-22,37.67680561294224,38.182144609443434,37.68279439470437,38.16899271022424,random_timing_entry,1234.0,6.17,6.17,1.0895142023595632,2.945702463002232,46530.37347903906,47118.00220039057,46506.7382830652,0.999492048006352,46500.5682830652,0.9993594464487313,5991875.25,599.9687213515126,587.6287213515127,0.012902395465347724,0.012637022364423838,0.012628927674870843,5,7,168.0,calm,,,random_time_exit,Daily,1d
2006-12-28,36.97666549682617,QQQ,random,2006-12-29,2007-01-23,37.03671499288664,37.4397440113417,37.048008245294724,37.42777116207753,random_timing_entry,1271.0,6.355,6.355,2.5492046636026346,2.6989212535048615,47118.00220039057,47587.970867621516,47094.373479769594,0.999498520320949,47088.01847976959,0.9993636461814859,4866450.25,482.67866723095045,469.9686672309504,0.010250562304683164,0.00998064226110646,0.009974291041292382,14,25,600.0,calm,,,random_time_exit,Daily,1d
2007-03-06,36.74513244628906,QQQ,random,2007-03-07,2007-04-02,36.75373615415067,37.47192608312369,36.75916302409324,37.46359791603917,random_timing_entry,1294.0,6.47,6.47,0.9765491921169412,1.7230024738120635,47587.970867621516,48486.56961779955,47572.82695317666,0.9996817701160869,47566.356953176655,0.9995458113878193,6987509.5,911.5387501780328,898.5987501780328,0.019163518263030588,0.01889147724856446,0.018882896954730895,18,26,624.0,neutral,,,random_time_exit,Daily,1d
2007-04-20,38.95637512207031,QQQ,random,2007-04-23,2007-05-16,39.007851185035705,39.642837796253225,39.012993616497965,39.63193076363655,random_timing_entry,1242.0,6.21,6.21,0.8183067782603566,2.2520820728431503,48486.56961779955,49242.869554545665,48460.348071690474,0.9994591998090241,48454.138071690475,0.999331123105538,4744639.5,768.7199367461178,756.2999367461177,0.015864897557536898,0.01560857270079042,0.01559813248715533,17,23,552.0,calm,,,random_time_exit,Daily,1d
2007-07-09,41.983829498291016,QQQ,random,2007-07-10,2007-07-27,41.75196372033333,41.98383657550088,41.75633590688047,41.97068662740248,random_timing_entry,1179.0,5.8950000000000005,5.8950000000000005,0.5471810563047406,2.6331267499015976,49242.869554545665,49483.79905404111,49236.615034212075,0.9998729862741516,49230.72003421208,0.9997532735105916,5534693.5,252.71949949544518,240.92949949544516,0.005133369963303847,0.004893885348985657,0.004892677897833935,13,17,408.0,calm,,,random_time_exit,Daily,1d
2007-08-03,40.72148895263672,QQQ,random,2007-08-06,2007-08-17,40.764420106548535,39.76829528808594,40.769149873361464,39.7629598975315,random_timing_entry,1213.0,6.065,6.065,0.6602683910540753,0.8417991437730139,49483.79905404111,48251.16061335937,49459.04379638746,0.9994997300505036,49452.978796387455,0.999377164683334,7924913.75,-1220.5084406817437,-1232.6384406817438,-0.024680180453981102,-0.02492546395954996,-0.024909939500311666,9,11,264.0,neutral,,,random_time_exit,Daily,1d
2007-09-11,42.0181770324707,QQQ,random,2007-09-12,2007-09-21,41.94090639369245,43.19994400318555,41.948078308170004,43.193742337688086,random_timing_entry,1149.0,5.745,5.745,1.2100046456396423,0.9357786942793371,48251.16061335937,49670.938583275645,48204.08697608734,0.9990244040418171,48198.34197608734,0.9989053395483009,6885740.75,1431.2679699162761,1419.7779699162763,0.0296953777087679,0.029456987765692673,0.029424742366159384,7,9,216.0,neutral,,,random_time_exit,Daily,1d
2007-09-26,44.09348678588867,QQQ,random,2007-09-27,2007-10-23,44.351240453367275,46.06103328996608,44.3593438393106,46.05078668387094,random_timing_entry,1119.0,5.595,5.595,1.3270934162141024,1.7250664609690376,49670.938583275645,51552.47312633867,49643.70075618856,0.999451634539955,49638.10575618856,0.9993389932217198,5446222.25,1892.7245430630228,1881.5345430630227,0.03813047484848976,0.037905043200171774,0.03787998770968546,18,26,624.0,neutral,,,random_time_exit,Daily,1d
2007-11-26,42.08300018310547,QQQ,random,2007-11-27,2007-12-13,42.44385264654921,44.10208959109941,42.45471532324652,44.0894119044003,random_timing_entry,1214.0,6.07,6.07,2.059305063036357,2.375449263555221,51552.47312633867,53524.85477585936,51546.09440242127,0.9998762673538132,51540.02440242127,0.9997585232451043,10402448.25,1984.5216495206923,1972.3816495206925,0.038504476327478464,0.03826893123139524,0.03825969017406816,12,16,384.0,neutral,,,random_time_exit,Daily,1d
2007-12-13,44.24814987182617,QQQ,random,2007-12-14,2008-01-10,43.89587575041919,40.79372404279279,43.90071069622715,40.786570576335365,random_timing_entry,1218.0,6.09,6.09,0.6014578762390328,1.2538778956767693,53524.85477585936,49719.652109831164,53477.155628004664,0.9991088411532466,53471.06562800467,0.9989950622364144,8257186.25,-3793.0226660281955,-3805.202666028196,-0.07093598419032922,-0.07116377093549596,-0.07109225577468373,17,27,648.0,neutral,,,random_time_exit,Daily,1d
2008-01-11,40.466888427734375,QQQ,random,2008-01-14,2008-01-29,41.017349742244605,38.32529135282255,41.03137444798157,38.312749326066545,random_timing_entry,1211.0,6.055,6.055,2.9192130464542645,2.7735909003218904,49719.652109831164,46415.28708719207,49695.04945650568,0.999505172456333,49688.99445650568,0.9993833896251373,7428284.5,-3292.2550226390954,-3304.365022639095,-0.0662572277553515,-0.0665009436955201,-0.06645993852369929,10,15,360.0,neutral,,,random_time_exit,Daily,1d
2008-03-11,36.83735275268555,QQQ,random,2008-03-12,2008-04-07,36.98354026421535,39.715229403939134,36.99095262359901,39.70156147334715,random_timing_entry,1254.0,6.2700000000000005,6.2700000000000005,1.5042319720338841,2.942668269145771,46415.28708719207,49801.850584776235,46392.92458999315,0.9995182083618935,46386.65458999315,0.9993831235570055,7625993.75,3399.1034975841685,3386.5634975841685,0.07327761675482945,0.07300728038091243,0.07296224390947835,17,26,624.0,neutral,,,random_time_exit,Daily,1d
2008-05-02,41.97900390625,QQQ,random,2008-05-05,2008-05-12,41.97900656539117,41.557246710091555,41.98393209472229,41.54522125619904,random_timing_entry,1185.0,5.925,5.925,0.6733315612051073,2.394545636996451,49801.850584776235,49270.128241126185,49756.88453224592,0.9990971007703062,49750.95953224591,0.9989781292877121,5840304.5,-519.8723436500505,-531.7223436500504,-0.010449493809523354,-0.010687680170377748,-0.01067675874302934,5,7,168.0,neutral,,,random_time_exit,Daily,1d
2008-05-14,42.27168273925781,QQQ,random,2008-05-15,2008-05-30,42.28028483555655,42.93446041505675,42.28560923303343,42.92677188987756,random_timing_entry,1164.0,5.82,5.82,0.7593097462766147,1.291079282392125,49270.128241126185,50004.80157369275,49226.26914725092,0.9991098238336092,49220.44914725092,0.9989916995216221,5819380.75,746.3133325665598,734.6733325665597,0.015162668067774901,0.014926180993770816,0.014911130918334443,10,15,360.0,neutral,,,random_time_exit,Daily,1d
2008-07-10,39.00217056274414,QQQ,random,2008-07-11,2008-07-22,38.59734266771474,37.92548598606597,38.60501906161859,37.92131590638143,random_timing_entry,1294.0,6.47,6.47,1.4888400012242,0.5996663973466707,50004.80157369275,49107.14969081586,49961.36466573446,0.9991313452590292,49954.89466573446,0.9990019576843088,8902206.0,-884.7118828768868,-897.6518828768868,-0.017710214160129873,-0.017969247836140727,-0.017951313766419116,7,11,264.0,neutral,,,random_time_exit,Daily,1d
2008-08-18,41.00051498413086,QQQ,random,2008-08-19,2008-08-28,40.79378588461093,40.4147972357932,40.806856554730224,40.407264717905626,random_timing_entry,1203.0,6.015000000000001,6.015000000000001,2.704083621038706,1.3641494147555595,49107.14969081586,48614.41071111587,49096.66343534046,0.9997864617363984,49090.64843534046,0.9996639744807163,7423015.5,-480.7089796999915,-492.7389796999915,-0.009792271950393063,-0.010037328807114873,-0.010033956008490242,7,9,216.0,neutral,,,random_time_exit,Daily,1d
2008-09-15,36.24583053588867,QQQ,random,2008-09-16,2008-09-29,35.72902937284426,34.70154184140901,35.73509712569844,34.695415296145335,random_timing_entry,1360.0,6.8,6.8,1.1982697153225685,1.2658083096528703,48614.41071111587,47186.843422923645,48606.53209094988,0.999837936528475,48599.732090949874,0.9996980603086353,9341510.25,-1413.9672881922206,-1427.5672881922205,-0.029094137505657695,-0.029373974439214218,-0.029365105270437886,9,13,312.0,neutral,,,random_time_exit,Daily,1d
2008-11-04,29.090343475341797,QQQ,random,2008-11-05,2008-11-19,28.90071638697875,24.478984410704506,28.90611466585667,24.475555604292907,random_timing_entry,1631.0,8.155,8.155,1.3678702650954364,0.9009105521580031,47186.843422923645,39944.291593513146,47154.02802001223,0.999304564566498,47145.87302001223,0.9991317409697401,15475093.0,-7226.241829410497,-7242.551829410497,-0.1532741121655153,-0.15362005973112888,-0.15348667772703828,10,14,336.0,stressed,,,random_time_exit,Daily,1d
2008-12-11,25.07371711730957,QQQ,random,2008-12-12,2009-01-02,24.728940022049656,25.67982928769105,24.733951165392135,25.67459055597772,random_timing_entry,1614.0,8.07,8.07,1.52642868558438,1.540434374955225,39944.291593513146,41446.34356991828,39928.6671809429,0.9996088449200892,39920.5971809429,0.9994068135489454,10482134.75,1518.1919764051331,1502.0519764051332,0.038030292220425,0.03762598965133156,0.03760367042406287,13,21,504.0,stressed,,,random_time_exit,Daily,1d
2009-01-14,24.713062286376953,QQQ,random,2009-01-15,2009-01-30,24.661271013262773,25.722989029746163,24.66779286469273,25.714599869739043,random_timing_entry,1679.0,8.395,8.395,2.1445723038551603,2.7624112564911423,41446.34356991828,43187.142531391044,41425.61921981909,0.9994999715701283,41417.224219819094,0.9992974205299905,5414972.0,1757.5889614727625,1740.7989614727626,0.042436184331052194,0.04203079743426529,0.042001267458879846,10,15,360.0,neutral,,,random_time_exit,Daily,1d
2009-02-25,24.678529739379883,QQQ,random,2009-02-26,2009-03-11,24.84253723726932,23.83260544339459,24.849307093544134,23.824718864939374,random_timing_entry,1737.0,8.685,8.685,2.225106622627779,2.8102503748001637,43187.142531391044,41390.06277830458,43171.93142148616,0.9996477861462163,43163.24642148616,0.9994466846263905,8297879.75,-1779.7097530864676,-1797.0797530864675,-0.0412320643287051,-0.041634490036687836,-0.041611453033278144,9,13,312.0,stressed,,,random_time_exit,Daily,1d
2009-03-30,25.990327835083008,QQQ,random,2009-03-31,2009-04-14,26.189192454452133,28.26425945001883,26.19681856948435,28.261144398388026,random_timing_entry,1579.0,7.8950000000000005,7.8950000000000005,2.411932105383106,0.6022383194730794,41390.06277830458,44633.843262143484,41372.67152121579,0.9995798204708713,41364.77652121579,0.9993890742030466,8666749.0,3259.570483838905,3243.780483838905,0.07880063082577245,0.07841890508401964,0.07837099695193497,9,14,336.0,stressed,,,random_time_exit,Daily,1d
2009-04-17,28.80033302307129,QQQ,random,2009-04-20,2009-04-28,28.281555631447095,28.981879608206807,28.29067224775619,28.973484750740706,random_timing_entry,1577.0,7.885,7.885,2.7235201019008026,2.3974276095283606,44633.843262143484,45694.86857935006,44622.27513471152,0.9997408216145757,44614.39013471152,0.9995641619450578,7524717.25,1076.7953172065797,1061.0253172065798,0.02413560543930413,0.023782132043111037,0.02377176688493899,6,8,192.0,stressed,,,random_time_exit,Daily,1d
2009-06-30,31.493377685546875,QQQ,random,2009-07-01,2009-07-24,31.649210576085576,33.70085281631423,31.656481699137856,33.692018046837546,random_timing_entry,1443.0,7.215,7.215,1.7974105577763395,2.122214396420426,45694.86857935006,48617.71752908071,45687.51809185592,0.9998391397607068,45680.30309185592,0.9996812445697519,5664908.0,2937.2789497306526,2922.8489497306523,0.06430077628478614,0.06398488521088097,0.0639644896812662,16,23,552.0,calm,,,random_time_exit,Daily,1d
2009-09-17,36.713417053222656,QQQ,random,2009-09-18,2009-10-05,36.86159408024273,35.60514451865342,36.87417205724379,35.59608694732817,random_timing_entry,1318.0,6.59,6.59,2.9122173267050715,2.0445412970958756,48617.71752908071,46920.02135421192,48606.74877144731,0.9997743876473254,48600.15877144731,0.9996388403543852,4949843.25,-1684.5161748687901,-1697.69617486879,-0.03466071341022957,-0.03493190593990795,-0.03491928994513805,11,17,408.0,calm,,,random_time_exit,Daily,1d
2009-11-24,38.11803436279297,QQQ,random,2009-11-25,2009-12-16,38.24801145262016,38.53396168347904,38.25581328649633,38.529429721172725,random_timing_entry,1226.0,6.13,6.13,1.5398011765479198,0.6762339435366728,46920.02135421192,47243.215103125185,46907.75708924449,0.9997386133975762,46901.627089244495,0.9996079655456982,5039501.5,335.4537489132646,323.1937489132646,0.007152283827487746,0.006890885646638463,0.006888184182044326,14,21,504.0,neutral,,,random_time_exit,Daily,1d
2010-02-01,37.54804611206055,QQQ,random,2010-02-02,2010-02-17,37.60877676038717,38.641668785180926,37.61582225653292,38.63616155192386,random_timing_entry,1255.0,6.275,6.275,1.3733648772031977,0.9254090043767209,47243.215103125185,48511.19091884082,47214.13193194882,0.9993843947514393,47207.856931948816,0.9992515714457794,6297449.0,1280.5258157156297,1267.9758157156296,0.027125268947529993,0.02685942336978874,0.02683932101038889,10,15,360.0,neutral,,,random_time_exit,Daily,1d
2010-02-24,38.71977233886719,QQQ,random,2010-02-25,2010-03-11,38.311824729385386,40.84628931658173,38.323566811473775,40.838972746209066,random_timing_entry,1265.0,6.325,6.325,2.5648715302207727,1.2915657228034847,48511.19091884082,51680.52942628096,48485.63701651432,0.9994732369615653,48479.31201651433,0.9993428546749177,5907912.0,3181.9885074401436,3169.338507440144,0.06563600791934113,0.0653750718731429,0.06533211095028454,10,14,336.0,neutral,,,random_time_exit,Daily,1d
2010-03-19,41.26351165771485,QQQ,random,2010-03-22,2010-04-15,41.098417089444354,43.33146022422441,41.103727472913405,43.32388544550399,random_timing_entry,1257.0,6.285,6.285,0.7921138683990729,1.2484070605699287,51680.52942628096,54458.69799782733,51673.67043345216,0.9998672809101425,51667.38543345215,0.99974566837889,3816073.0,2790.7385715463647,2778.168571546365,0.054013543517522286,0.05377025657945591,0.053756581102932556,17,24,576.0,calm,,,random_time_exit,Daily,1d
2010-04-22,43.713775634765625,QQQ,random,2010-04-23,2010-05-11,43.70508373500177,41.08973373631245,43.71160778738204,41.078651954171455,random_timing_entry,1245.0,6.2250000000000005,6.2250000000000005,0.9927445099581227,2.1976985888829157,54458.69799782733,51168.21798548015,54427.17669529064,0.999421188833087,54420.95169529064,0.9993068820239112,3602161.75,-3278.0300123471816,-3290.4800123471814,-0.060234705756364935,-0.06046347794083001,-0.06042156961737237,12,18,432.0,calm,,,random_time_exit,Daily,1d
2010-06-18,40.915130615234375,QQQ,random,2010-06-21,2010-07-19,41.437456053067805,38.78883895974507,41.443957124921795,38.78407450834502,random_timing_entry,1234.0,6.17,6.17,1.0688877825081373,0.7284556123733619,51168.21798548015,47873.58283662441,51148.013092153495,0.999605128063432,51141.8430921535,0.9994845454001517,5256245.25,-3282.2951488557383,-3294.6351488557384,-0.0641802279777306,-0.06442151767817735,-0.06438831131056093,19,28,672.0,neutral,,,random_time_exit,Daily,1d
2010-08-18,39.7308464050293,QQQ,random,2010-08-19,2010-09-16,39.495332215290006,41.57128555280682,39.50761439473555,41.56616807281614,random_timing_entry,1211.0,6.055,6.055,2.609780006048926,0.7311647255315319,47873.58283662441,50354.381340780004,47849.77603202475,0.9995027152097451,47843.72103202475,0.9993762362699786,3273517.0,2492.9085041555973,2480.7985041555976,0.0521052386892512,0.05185212292528515,0.051819779451679746,19,28,672.0,neutral,,,random_time_exit,Daily,1d
2010-09-17,41.9571533203125,QQQ,random,2010-09-20,2010-10-11,42.11450573759672,43.52213101509157,42.1195696642712,43.51637966663802,random_timing_entry,1195.0,5.9750000000000005,5.9750000000000005,0.702418640747227,0.8216514097940698,50354.381340780004,52011.61929360835,50338.86074880408,0.9996917727601321,50332.88574880408,0.9995731137707671,3565486.0,1669.1879528283498,1657.23795282835,0.033162969458154105,0.032925550128381546,0.03291149466444182,15,21,504.0,neutral,,,random_time_exit,Daily,1d
2010-10-21,44.8422966003418,QQQ,random,2010-10-22,2010-11-11,44.85104924640805,46.25865004049577,44.86606090385659,46.24951035316288,random_timing_entry,1159.0,5.795,5.795,2.8470025118182134,1.476169534140979,52011.61929360835,53603.44720535434,52005.55958756979,0.9998834932247667,51999.76458756979,0.999772075813067,4115200.0,1603.4179117459908,1591.8279117459906,0.030835099436763172,0.030612213812339195,0.030605236548395802,14,20,480.0,calm,,,random_time_exit,Daily,1d
2010-12-03,47.09797668457031,QQQ,random,2010-12-06,2010-12-27,47.106724883071784,47.813338930611266,47.11836029534834,47.80586817039879,random_timing_entry,1137.0,5.6850000000000005,5.6850000000000005,1.9700108753966874,1.0627286980435975,53603.44720535434,54373.77365928671,53579.26065581106,0.999548787423118,53573.57565581106,0.9994427308111576,3556231.0,781.6964539323616,770.3264539323617,0.014591082345416903,0.01437885085142353,0.01437083796087307,14,21,504.0,neutral,,,random_time_exit,Daily,1d
2010-12-29,47.99729537963867,QQQ,random,2010-12-30,2011-01-20,47.99727620090307,49.293800438403714,48.011250576790005,49.28244608185688,random_timing_entry,1132.0,5.66,5.66,2.4114935248493943,1.8039352648960132,54373.77365928671,55801.446971022415,54354.39565292629,0.999643614833838,54348.73565292628,0.9995395205321352,2351683.75,1438.9933117357057,1427.6733117357055,0.0264770338159325,0.02626874930178501,0.026256653082085055,14,21,504.0,calm,,,random_time_exit,Daily,1d
2011-01-27,50.09099197387695,QQQ,random,2011-01-28,2011-02-24,50.0822111038319,49.65298073335395,50.096568816768034,49.645877428582416,random_timing_entry,1113.0,5.565,5.565,2.36682888388407,0.9307944867621307,55801.446971022415,55288.69745597182,55763.046093062825,0.9993118300681426,55757.48109306282,0.9992121014714471,2844427.0,-501.61951505059267,-512.7495150505927,-0.008996452228775497,-0.009196066698113223,-0.009188821130693305,18,27,648.0,calm,,,random_time_exit,Daily,1d
2011-06-01,50.082706451416016,QQQ,random,2011-06-02,2011-06-28,50.1792095353428,48.68274363183016,50.1910989972825,48.669175984865845,random_timing_entry,1101.0,5.505,5.505,1.8694000064571035,2.2877289248794463,55288.69745597182,53602.05021930108,55265.90499600803,0.9995877555266709,55260.39999600803,0.9994881872558795,2550420.25,-1675.6372366707396,-1686.6472366707399,-0.030322568001530683,-0.030521806515924278,-0.030506185066375847,18,26,624.0,calm,,,random_time_exit,Daily,1d
2011-06-29,49.50042343139648,QQQ,random,2011-06-30,2011-07-19,49.676277363599496,51.074251700907666,49.69198969022057,51.060037257414784,random_timing_entry,1078.0,5.39,5.39,2.6629436533811184,2.283868609656004,53602.05021930108,55066.025496736445,53573.35488605778,0.9994646597821183,53567.96488605778,0.9993641039269235,2633715.75,1474.755277435359,1463.9752774353587,0.027530545178862973,0.027329305500952306,0.027311926902904342,12,19,456.0,neutral,,,random_time_exit,Daily,1d
2011-08-10,44.71743392944336,QQQ,random,2011-08-11,2011-09-01,45.359278668562595,48.53330456421385,45.36865554860184,48.52597224100454,random_timing_entry,1213.0,6.065,6.065,1.5672462866456272,1.011010057230833,55066.025496736445,58883.72064462092,55038.244180454036,0.9994954908034164,55032.17918045403,0.9993853502958114,5050705.25,3829.825147884469,3817.695147884469,0.06959246762382837,0.06937205112968546,0.06932941161897964,15,21,504.0,stressed,,,random_time_exit,Daily,1d
2011-09-06,46.85396194458008,QQQ,random,2011-09-07,2011-10-04,47.52216910515589,44.588971260970794,47.535884684610295,44.57473201549015,random_timing_entry,1238.0,6.19,6.19,2.386143396370879,2.6944657515153105,58883.72064462092,55205.43364025017,58855.61523954755,0.9995226965150014,58849.42523954755,0.999417574081632,4657122.25,-3665.907004370741,-3678.287004370741,-0.06229299588651217,-0.06250336327667116,-0.06246695969791366,19,27,648.0,stressed,,,random_time_exit,Daily,1d
2011-12-15,48.218109130859375,QQQ,random,2011-12-16,2012-01-09,48.47521033190608,51.24983723266364,48.481090251004616,51.23425982764386,random_timing_entry,1138.0,5.69,5.69,0.712974437508314,2.540427454632818,55205.43364025017,58327.160618465634,55177.17070564326,0.9994880407100668,55171.480705643255,0.9993849711456272,2664485.5,3133.1069782154605,3121.7269782154603,0.05678852439961772,0.05658225841120396,0.056547458689635496,14,24,576.0,neutral,,,random_time_exit,Daily,1d
2012-01-10,51.32058334350586,QQQ,random,2012-01-11,2012-02-07,51.3117271700084,54.77791528777603,51.3239546459355,54.766434599997545,random_timing_entry,1136.0,5.68,5.68,1.8829788240387633,1.5963000170336263,58327.160618465634,62226.457846280115,58309.69247778273,0.999700514468771,58304.01247778273,0.9996031327354622,2306300.75,3910.657227814482,3899.2972278144825,0.06707355225859753,0.06687871146604782,0.06685216949477248,18,27,648.0,neutral,,,random_time_exit,Daily,1d
2012-05-22,55.30490493774414,QQQ,random,2012-05-23,2012-06-11,54.83546123741146,56.11090671366616,54.84479685348412,56.09562710327446,random_timing_entry,1134.0,5.67,5.67,1.2024778969665229,2.223850535366187,62226.457846280115,63633.55934954236,62199.66963185099,0.9995695044301687,62193.999631850995,0.9994783856328557,2888442.25,1418.4415032622455,1407.1015032622454,0.0228067259166241,0.022624393214641176,0.022612592006092495,12,19,456.0,neutral,,,random_time_exit,Daily,1d
2012-06-20,57.07439041137695,QQQ,random,2012-06-21,2012-07-16,57.029999534117664,56.14223518241879,57.03874105357769,56.1358002481322,random_timing_entry,1115.0,5.575,5.575,1.0327931845391407,0.6463155879387144,63633.55934954236,62615.63035147064,63603.77127473912,0.9995318810528951,63598.19627473912,0.9994442700492521,2589700.25,-1006.7789980717203,-1017.9289980717203,-0.015830307415048622,-0.016005626852597335,-0.01599673204637485,16,25,600.0,neutral,,,random_time_exit,Daily,1d
2012-08-13,59.49798583984375,QQQ,random,2012-08-14,2012-09-11,59.71994171781856,60.85626334209084,59.736226258215105,60.83982354465297,random_timing_entry,1048.0,5.24,5.24,2.2268178648757697,2.2021441680878153,62615.63035147064,63761.720307657524,62608.80511860943,0.9998909979373697,62603.56511860943,0.9998073127621093,1841676.25,1156.5699561868855,1146.0899561868855,0.018474506268063726,0.018307103661197095,0.01830357611595884,19,28,672.0,calm,,,random_time_exit,Daily,1d
2012-09-18,62.383209228515625,QQQ,random,2012-09-19,2012-09-26,62.37433640466464,61.13662947906833,62.383407767741375,61.12491493589877,random_timing_entry,1021.0,5.105,5.105,0.9543422182306236,1.4164923471624442,63761.720307657524,62466.589126346225,63698.56433086395,0.9990095001124681,63693.459330863945,0.9989294364006458,1673354.75,-1284.921181311297,-1295.131181311297,-0.020173518518386748,-0.020333817552341912,-0.020312048907434467,5,7,168.0,calm,,,random_time_exit,Daily,1d
2013-01-08,59.55236053466797,QQQ,random,2013-01-09,2013-02-01,59.641882241474335,60.28644894721919,59.65048938051377,60.269003435462686,random_timing_entry,1047.0,5.235,5.235,0.9431367213700268,2.394607636109979,62466.589126346225,63103.70334187774,62459.29738139792,0.9998832696798354,62454.06238139792,0.9997994648799702,2034724.0,647.5842155315167,637.1142155315167,0.010368968660145977,0.010201325442062559,0.01019927971804057,16,23,552.0,neutral,,,random_time_exit,Daily,1d
2013-02-04,59.51655578613281,QQQ,random,2013-02-05,2013-02-25,59.776173685745526,60.492376322393056,59.79091041745475,60.48429841702617,random_timing_entry,1055.0,5.275,5.275,1.9653186713978592,0.8355375821984463,63103.70334187774,63824.67768142559,63084.68549041476,0.9996986254299538,63079.41049041476,0.9996150328716625,1728515.75,731.5243395478489,720.9743395478489,0.011596879772029698,0.011429630269886632,0.011425230237943675,13,20,480.0,calm,,,random_time_exit,Daily,1d
2013-05-09,65.15489196777344,QQQ,random,2013-05-10,2013-05-29,65.28947239202819,66.0432401793457,65.3104431844526,66.02227555193636,random_timing_entry,977.0,4.885,4.885,2.7119714949578593,2.6753869787232363,63824.67768142559,64510.367904457235,63813.18799121019,0.9998199804427881,63808.302991210185,0.9997434426492972,1766626.25,695.4602230316389,685.6902230316389,0.01089921202147377,0.010746097151746773,0.010743340161531126,12,19,456.0,calm,,,random_time_exit,Daily,1d
2013-05-31,65.72918701171875,QQQ,random,2013-06-03,2013-06-14,65.73816561576227,65.28950746288012,65.75694285359828,65.28241774890486,random_timing_entry,980.0,4.9,4.9,2.3563677827226623,0.5860066492216838,64510.367904457235,64035.53330185769,64446.70399652631,0.9990131213012889,64441.80399652631,0.9989371645185395,1550332.0,-465.03460259954466,-474.8346025995446,-0.0072163498499299,-0.007368425046343213,-0.007360593622761477,9,11,264.0,calm,,,random_time_exit,Daily,1d
2013-06-27,64.06478881835938,QQQ,random,2013-06-28,2013-07-19,63.86673250241968,67.26037461698942,63.875510139383195,67.2473903342199,random_timing_entry,1002.0,5.01,5.01,0.8743676276508543,1.4308232936611958,64035.53330185769,67404.13725708408,64008.27115966196,0.9995742653993804,64003.26115966196,0.9994960275876269,1896520.25,3378.623955226379,3368.6039552263787,0.05278830943939082,0.05263175491672353,0.052605229964230726,14,21,504.0,calm,,,random_time_exit,Daily,1d
2013-08-26,69.05171966552734,QQQ,random,2013-08-27,2013-09-09,68.23254789241011,69.54681177351645,68.240412264301,69.52696320772927,random_timing_entry,987.0,4.9350000000000005,4.9350000000000005,0.6525836472191644,2.354801198188299,67404.13725708408,68664.09303824778,67358.22190486509,0.999318805134411,67353.28690486509,0.9992455900440497,1160705.0,1269.8257811636997,1259.9557811636998,0.018853211766150305,0.018706671033640234,0.018692558534769768,8,13,312.0,calm,,,random_time_exit,Daily,1d
2013-09-19,71.56317138671875,QQQ,random,2013-09-20,2013-10-15,71.73290753567309,71.9857192949665,71.75706575546296,71.97744706020572,random_timing_entry,956.0,4.78,4.78,2.8678015599539317,0.6492814900556616,68664.09303824778,68865.21756558186,68604.53486222259,0.9991326154123666,68599.75486222259,0.999063001152737,1266714.0,210.68452733407736,201.12452733407736,0.003071213997152341,0.0029318548985782927,0.002929107753917983,17,25,600.0,calm,,,random_time_exit,Daily,1d
2013-11-19,74.84782409667969,QQQ,random,2013-11-20,2013-12-05,75.0464080643341,77.24943832197145,75.06212376785336,77.22331453646582,random_timing_entry,917.0,4.585,4.585,1.5941313414754286,2.882888401314048,68865.21756558186,70837.85950039949,68836.55249512155,0.9995837511087072,68831.96749512154,0.9995171717793725,1493388.5,1981.8119348176228,1972.6419348176228,0.028792027991326612,0.028658805008841763,0.028644967729014034,10,15,360.0,calm,,,random_time_exit,Daily,1d
2014-01-08,79.07987976074219,QQQ,random,2014-01-09,2014-01-24,79.36969961259544,79.75010290759042,79.39727195294606,79.73286625695455,random_timing_entry,892.0,4.46,4.46,2.9739126499409667,1.6617999508910755,70837.85950039949,71128.28961957507,70826.82658202789,0.9998442511045731,70822.36658202788,0.9997812904218045,1504311.25,299.35011917557773,290.4301191755778,0.0042267737386163795,0.004100824826846132,0.004099927937177999,10,15,360.0,calm,,,random_time_exit,Daily,1d
2014-01-27,77.80277252197266,QQQ,random,2014-01-28,2014-02-19,77.4404780133465,81.58876087950433,77.45800958792483,81.57827426232437,random_timing_entry,918.0,4.59,4.59,1.763877371122304,0.7854669058376438,71128.28961957507,74901.51259067384,71111.042801715,0.9997575251991534,71106.452801715,0.9996929939131552,1710239.0,3782.402971098774,3773.2229710987735,0.05319352635472131,0.05306442414756159,0.05304813304635337,15,22,528.0,calm,,,random_time_exit,Daily,1d
2014-03-04,82.5913314819336,QQQ,random,2014-03-05,2014-03-24,82.72776972849157,81.42196743101552,82.74777599413602,81.40405637748066,random_timing_entry,905.0,4.525,4.525,1.9183252745864747,1.7002654820803895,74901.51259067384,73676.39633760073,74891.26227469309,0.9998631494127926,74886.73727469309,0.9998027367476343,1800091.25,-1216.0662530731038,-1225.116253073104,-0.016238739960220648,-0.016359589129637708,-0.016356361983878628,13,19,456.0,calm,,,random_time_exit,Daily,1d
2014-04-10,77.57511901855469,QQQ,random,2014-04-11,2014-04-29,76.88230412041092,79.06100202143156,76.90757609063708,79.04832282489213,random_timing_entry,957.0,4.785,4.785,2.7870984442108946,1.103980462373375,73676.39633760073,75715.52096228281,73605.33531873969,0.9990354981731812,73600.55031873968,0.9989705519999443,2555961.25,2048.694624682079,2039.1246246820788,0.02783531666284911,0.02770529046116236,0.027676769305306156,11,18,432.0,neutral,,,random_time_exit,Daily,1d
2014-05-01,79.899658203125,QQQ,random,2014-05-02,2014-05-21,80.17311598454407,80.36454053700108,80.19534465924414,80.3428899816051,random_timing_entry,944.0,4.72,4.72,2.272584603592326,2.194769307020518,75715.52096228281,75845.36374659155,75709.12535832648,0.9999155311371427,75704.40535832648,0.9998531925315303,2763025.0,139.28278430874138,129.8427843087414,0.0018398240320293613,0.0017151285145714497,0.0017148767208961253,13,19,456.0,neutral,,,random_time_exit,Daily,1d
2014-05-28,82.69817352294922,QQQ,random,2014-05-29,2014-06-20,82.98990168253043,84.73019266440971,83.0138567153598,84.70432281112933,random_timing_entry,913.0,4.565,4.565,2.386499723907296,2.554136131643927,75845.36374659155,77379.62929202915,75796.2161811235,0.9993520030356469,75791.6511811235,0.9992918147818828,1912351.5,1543.3955454375873,1534.2655454375872,0.020363661714523803,0.020243199897717865,0.02022886396278291,16,22,528.0,calm,,,random_time_exit,Daily,1d
2014-07-14,87.6002426147461,QQQ,random,2014-07-15,2014-08-11,87.73732768751165,87.07923965631767,87.76795848905996,87.06226779992653,random_timing_entry,881.0,4.405,4.405,2.991193811763133,1.4493928678888266,77379.62929202915,76749.10579490259,77327.97642886183,0.9993324746623898,77323.57142886183,0.999275547535182,1344849.25,-621.713497126555,-630.523497126555,-0.008040413623399889,-0.00815435041960834,-0.008148442980347866,19,27,648.0,calm,,,random_time_exit,Daily,1d
2014-08-14,88.59651184082031,QQQ,random,2014-08-15,2014-09-02,89.108351483905,91.42085628496542,89.12484121281395,91.4046617273335,random_timing_entry,861.0,4.305,4.305,1.3505256392202523,1.2717430736985955,76749.10579490259,78703.42125790393,76740.7932842328,0.9998916924101761,76736.48828423281,0.9998356005514449,1688562.25,1962.9254630013384,1954.3154630013382,0.025580079397569518,0.025467877234133154,0.025463690329159995,11,18,432.0,calm,,,random_time_exit,Daily,1d
2014-09-02,91.46656036376952,QQQ,random,2014-09-03,2014-09-23,91.71333996635364,90.38316240573344,91.73248488014642,90.37215909510152,random_timing_entry,857.0,4.285,4.285,1.587473185447567,0.7175553557743348,78703.42125790393,77529.05206012046,78619.02454228548,0.998927661412051,78614.73954228548,0.998873216510781,1425732.5,-1165.7991977834731,-1174.3691977834733,-0.014829269988949213,-0.014938282625127836,-0.014921450414908553,14,20,480.0,calm,,,random_time_exit,Daily,1d
2015-01-22,95.6674346923828,QQQ,random,2015-01-23,2015-02-10,95.65824723944918,95.06049681043602,95.68502672675105,95.02998834815652,random_timing_entry,810.0,4.05,4.05,2.299495921646813,2.7104036641281155,77529.05206012046,76990.37097345889,77508.92164866836,0.9997403500891963,77504.87164866836,0.999688111607074,1779132.25,-530.5810866615659,-538.6810866615658,-0.006845777244386702,-0.006950286803949841,-0.006948119090168182,12,18,432.0,neutral,,,random_time_exit,Daily,1d
2015-03-17,98.27916717529295,QQQ,random,2015-03-18,2015-04-10,98.0124714628502,98.87386642568129,98.03777396163841,98.85921484738782,random_timing_entry,785.0,3.9250000000000003,3.9250000000000003,2.081559102690929,0.9820650068966414,76990.37097345889,77627.35206877218,76963.57755988615,0.9996519900705249,76959.65255988615,0.9996010096693347,1190681.5,644.8310953132874,636.9810953132875,0.008378820250150064,0.008276818750157696,0.008273516379507715,16,23,552.0,calm,,,random_time_exit,Daily,1d
2015-05-26,100.6528091430664,QQQ,random,2015-05-27,2015-06-03,100.95697457278672,101.91555757153095,100.97708488711231,101.8887532257174,random_timing_entry,768.0,3.84,3.84,1.491968797667374,2.1307462762053655,77627.35206877218,78319.83335282088,77554.24119330225,0.9990581815104919,77550.40119330226,0.9990087144103312,1387372.5,700.1612840487032,692.4812840487032,0.009028467593655384,0.0089294352239729,0.008920583603511495,5,7,168.0,calm,,,random_time_exit,Daily,1d
2015-06-05,100.74500274658205,QQQ,random,2015-06-08,2015-06-18,100.69892409954952,100.92932433438376,100.71665494800507,100.90602637811352,random_timing_entry,777.0,3.8850000000000002,3.8850000000000002,1.260778341388125,1.8088765960263866,78319.83335282088,78459.20495401513,78260.72589459993,0.9992453066395753,78256.84089459994,0.9991957023460818,1151322.25,147.1416011942668,139.37160119426682,0.0018802394718749782,0.0017809510274249271,0.0017795186126918262,8,10,240.0,calm,,,random_time_exit,Daily,1d
2015-06-18,102.02618408203124,QQQ,random,2015-06-19,2015-06-30,102.07608232733284,99.30453408094615,102.09457964881915,99.27690216483582,random_timing_entry,768.0,3.84,3.84,1.3121112276804523,2.283317721221546,78459.20495401513,76287.54864631593,78412.4771702931,0.9994044321026524,78408.6371702931,0.9993554894705896,1234568.0,-2163.9763076991985,-2171.656307699199,-0.02759869812555638,-0.027696646518452436,-0.027678795738141936,7,11,264.0,calm,,,random_time_exit,Daily,1d
2015-07-06,99.49851989746094,QQQ,random,2015-07-07,2015-07-23,99.60939944999966,104.14551448494188,99.62712371895347,104.11859036174428,random_timing_entry,765.0,3.825,3.825,1.2793771523240614,2.0859093082288664,76287.54864631593,79715.8706280509,76218.5746449994,0.9990958681653764,76214.7496449994,0.9990457289215828,1311476.75,3435.971981734971,3428.3219817349714,0.04508276938177165,0.044982395109919644,0.044939469711228315,12,16,384.0,calm,,,random_time_exit,Daily,1d
2015-08-11,101.75274658203124,QQQ,random,2015-08-12,2015-08-26,101.05061051812945,93.27179871385869,101.08024781312157,93.25620902529066,random_timing_entry,788.0,3.94,3.94,2.432915975486624,1.1717051583989089,79715.8706280509,73542.64806324015,79655.1752767398,0.9992386039212404,79651.2352767398,0.9991891783806427,1495464.0,-6165.342564810761,-6173.222564810761,-0.0774042303724472,-0.0775031616692767,-0.07744032043022672,10,14,336.0,calm,,,random_time_exit,Daily,1d
2015-10-12,98.89787292480467,QQQ,random,2015-10-13,2015-10-30,98.3329166176451,105.47309463826124,98.34705417971693,105.43622982575523,random_timing_entry,747.0,3.735,3.735,0.9377242695666422,2.9964084515282545,73542.64806324015,78830.79227083076,73468.98447224856,0.9989983554722118,73465.24947224856,0.99894756861454,1952101.5,5295.61420759061,5288.144207590611,0.07208325358768466,0.0719815728603522,0.07190581719389919,13,17,408.0,neutral,,,random_time_exit,Daily,1d
2015-11-04,106.51963806152344,QQQ,random,2015-11-05,2015-11-23,106.61226992637935,106.0565717883157,106.63876450582609,106.02368192866535,random_timing_entry,739.0,3.6950000000000003,3.6950000000000003,1.9851341656099675,2.602123888932681,78830.79227083076,78368.85624630898,78809.74196980549,0.9997329685466949,78806.04696980548,0.9996860959998948,1524628.0,-454.5460245217828,-461.93602452178277,-0.00576790794614964,-0.005861682475949764,-0.005859842470373217,12,18,432.0,calm,,,random_time_exit,Daily,1d
2015-12-10,105.01936340332033,QQQ,random,2015-12-11,2016-01-04,103.80615511855156,101.67085895019788,103.83932648256203,101.63784273721308,random_timing_entry,754.0,3.77,3.77,2.6955103213860645,2.748417331147622,78368.85624630898,76701.39750231587,78298.62216785178,0.9991038011549326,78294.85216785177,0.9990556953105885,1486875.75,-1659.9187439931097,-1667.4587439931097,-0.02120086695399216,-0.021297169581703048,-0.021277058564595854,14,24,576.0,neutral,,,random_time_exit,Daily,1d
2016-01-21,93.6820831298828,QQQ,random,2016-01-22,2016-02-02,95.56782649725164,96.5431718880968,95.58320313495192,96.51413121923552,random_timing_entry,802.0,4.01,4.01,1.1089763954931773,2.5089551130407766,76701.39750231587,77439.98182591132,76661.73891423144,0.9994829482985204,76657.72891423144,0.999430667634405,2409059.25,746.6043235954531,738.5843235954532,0.009739452683639923,0.009634831791349035,0.009629346369773157,7,11,264.0,stressed,,,random_time_exit,Daily,1d
2016-02-04,94.42520904541016,QQQ,random,2016-02-05,2016-02-22,94.0908085391004,95.28913971672048,94.12312297587776,95.26483434107425,random_timing_entry,822.0,4.11,4.11,2.934388255249435,2.051348124873713,77439.98182591132,78370.24856810283,77373.31708617152,0.9991391431381057,77369.20708617152,0.9990860697785426,2835968.0,938.486742191511,930.266742191511,0.012129977513486113,0.012023733694923454,0.01201274484132491,10,17,408.0,stressed,,,random_time_exit,Daily,1d
2016-03-11,98.92122650146484,QQQ,random,2016-03-14,2016-04-06,98.54963891209852,101.54386146981672,98.56856240080381,101.52573575308512,random_timing_entry,795.0,3.975,3.975,1.420198685067396,1.2853322211514873,78370.24856810283,80713.25138316647,78365.98210863904,0.9999455602152381,78362.00710863904,0.9998948394369754,1666903.0,2350.952815063635,2343.0028150636354,0.0300011817181295,0.02989972949283136,0.02989658522044361,16,23,552.0,neutral,,,random_time_exit,Daily,1d
2016-04-27,100.23020935058594,QQQ,random,2016-04-28,2016-05-09,100.34201265213126,98.37616640639077,100.35249928319968,98.35893189584999,random_timing_entry,804.0,4.0200000000000005,4.0200000000000005,0.5450887710185149,1.252205946992364,80713.25138316647,79102.38320373732,80687.42942369255,0.9996800778183085,80683.40942369254,0.9996302718703245,1208450.0,-1602.828179429147,-1610.868179429147,-0.019865647608075413,-0.01996529634698504,-0.01995791461530825,7,11,264.0,calm,,,random_time_exit,Daily,1d
2016-07-01,100.9642333984375,QQQ,random,2016-07-05,2016-07-20,100.43176505905944,105.31742629052872,100.45409911157215,105.30061164044639,random_timing_entry,787.0,3.935,3.935,1.7238036441528006,1.0968235910859419,79102.38320373732,82908.71856396135,79061.31100080728,0.9994807716118458,79057.37600080729,0.9994310259551332,1355727.75,3814.205360224029,3806.335360224029,0.04824604044770068,0.048146492494073684,0.04811909838949318,11,15,360.0,neutral,,,random_time_exit,Daily,1d
2016-08-11,109.40907287597656,QQQ,random,2016-08-12,2016-09-09,109.22221569626188,108.59632741585702,109.25014646552924,108.56435405635412,random_timing_entry,758.0,3.79,3.79,2.0572425068761966,2.4451065942240193,82908.71856396135,82381.3079178066,82815.40102087116,0.9988744544035113,82811.61102087116,0.9988287414789161,905760.5,-519.8306461547421,-527.410646154742,-0.006277267640931756,-0.006368800698996397,-0.006361341186908613,19,28,672.0,calm,,,random_time_exit,Daily,1d
2016-09-16,109.84237670898438,QQQ,random,2016-09-19,2016-09-29,110.12331073031572,110.9755551511234,110.15858419657835,110.93803083187984,random_timing_entry,747.0,3.735,3.735,2.7030880681587086,2.882457662370739,82381.3079178066,82956.08455437681,82292.19739484403,0.9989183162392679,82288.46239484403,0.9988729782846467,1210559.25,582.2466365702181,574.7766365702181,0.0070756776785599555,0.006984899460294595,0.006977027326923284,8,10,240.0,calm,,,random_time_exit,Daily,1d
2016-10-05,111.24714660644533,QQQ,random,2016-10-06,2016-11-01,111.1066747905112,109.74872139114626,111.13770919153617,109.71104137872648,random_timing_entry,746.0,3.73,3.73,2.2932076163272033,2.934477692149231,82956.08455437681,81884.33036602077,82912.46105688598,0.999474137458088,82908.73105688598,0.9994291739087591,1301472.5,-1064.294188356034,-1071.754188356034,-0.012836937374253047,-0.012926915834964038,-0.012919536814126165,18,26,624.0,neutral,,,random_time_exit,Daily,1d
2016-12-08,111.04109954833984,QQQ,random,2016-12-09,2016-12-21,111.45315651899976,113.27621187391556,111.48813878876314,113.25936792366936,random_timing_entry,734.0,3.67,3.67,2.6387419482740526,0.9872015052710227,81884.33036602077,83177.07255104194,81835.96387095214,0.9994093314941646,81832.29387095214,0.9993645121742337,1333602.5,1300.0821850211664,1292.7421850211663,0.015887153146059544,0.01579745750571033,0.01578741841378739,8,12,288.0,calm,,,random_time_exit,Daily,1d
2017-01-23,115.85919189453124,QQQ,random,2017-01-24,2017-02-16,116.08465012722094,121.51361748071773,116.11076321010741,121.48903372293587,random_timing_entry,716.0,3.58,3.58,1.7494862893461915,1.523537189201362,83177.07255104194,87020.75423822712,83138.8864584369,0.9995409060281413,83135.3064584369,0.9994978653212468,932823.25,3850.8416871851805,3843.6816871851806,0.04632017191288506,0.04623404725291788,0.04621083153445308,17,23,552.0,calm,,,random_time_exit,Daily,1d
2017-02-22,122.57498931884766,QQQ,random,2017-02-23,2017-03-08,122.76286906876857,122.65949279092926,122.7967827177457,122.6196330884963,random_timing_entry,708.0,3.54,3.54,2.2625331042184715,2.7506786579763833,87020.75423822712,86888.25230071855,86943.66216416395,0.999114095542632,86940.12216416396,0.9990734155918435,832390.0,-125.42193750857467,-132.50193750857466,-0.0014426243532502491,-0.0015240597115607796,-0.0015226475415949477,9,13,312.0,calm,,,random_time_exit,Daily,1d
2017-03-23,122.6981430053711,QQQ,random,2017-03-24,2017-04-06,123.09348675451366,124.33590454401624,123.1193399190167,124.29522220811397,random_timing_entry,705.0,3.525,3.525,1.6002869595034606,2.773041005080246,86888.25230071855,87710.19931453213,86802.65964290676,0.9990149110432609,86799.13464290676,0.9989743416923228,938474.0,828.997013813578,821.947013813578,0.009550752057887293,0.0094695300499836,0.009459817547818035,9,13,312.0,calm,,,random_time_exit,Daily,1d
2017-04-06,124.2794189453125,QQQ,random,2017-04-07,2017-05-04,124.24175947930726,128.9196563519715,124.2761123989227,128.90307291336978,random_timing_entry,705.0,3.525,3.525,2.2650058852516084,0.7865045205580206,87710.19931453213,90965.15647721732,87618.1842412405,0.998950919345632,87614.6592412405,0.9989107301768975,1018152.25,3262.0071626851895,3254.9571626851894,0.037231294294068906,0.037150828307428614,0.037110361031250066,18,27,648.0,calm,,,random_time_exit,Daily,1d
2017-05-10,130.26560974121094,QQQ,random,2017-05-11,2017-05-23,129.9079735209833,131.21629319234924,129.9416005508393,131.19043521544384,random_timing_entry,699.0,3.495,3.495,2.0885270122065513,1.4710260784588272,90965.15647721732,91831.1019077759,90832.67378503666,0.9985435885858798,90829.17878503667,0.9985051672811149,993295.0,872.9354305585764,865.9454305585764,0.009610737895412802,0.00953378024707225,0.009519528840424266,8,12,288.0,calm,,,random_time_exit,Daily,1d
2017-05-25,132.68460083007812,QQQ,random,2017-05-26,2017-06-21,132.712835794383,131.82856536728616,132.72657542224613,131.80138403019083,random_timing_entry,691.0,3.455,3.455,0.5352900517022539,1.5622952706708078,91831.1019077759,91184.88465586568,91717.51861677208,0.9987631283013692,91714.06361677208,0.9987255048826338,1219685.5,-639.30725191021,-646.21725191021,-0.006970656698645043,-0.007045999560224851,-0.00703701946818838,17,26,624.0,calm,,,random_time_exit,Daily,1d
2017-07-13,133.08380126953125,QQQ,random,2017-07-14,2017-08-09,133.67837838907298,135.0752224354938,133.7144259141876,135.0592035926605,random_timing_entry,681.0,3.4050000000000002,3.4050000000000002,2.19658605595126,0.6860608094212299,91184.88465586568,92093.86825490574,91062.92904756175,0.9986625457852559,91059.52404756175,0.9986252040699832,2161399.75,915.7935990400605,908.9835990400605,0.010057087477875766,0.009982301231503087,0.009968577604397814,18,26,624.0,neutral,,,random_time_exit,Daily,1d
2017-08-21,133.12149047851562,QQQ,random,2017-08-22,2017-08-31,133.83882856141568,136.90619650699605,133.8795604945601,136.861661865729,random_timing_entry,687.0,3.435,3.435,2.5433569676485,2.753989514664996,92093.86825490574,94135.70189689877,91978.6930597628,0.9987493717298946,91975.2580597628,0.9987120728297063,1928774.0,2048.703641993021,2041.833641993021,0.022274508223307555,0.02219981422249773,0.022171222478585103,7,9,216.0,calm,,,random_time_exit,Daily,1d
2017-09-12,138.00094604492188,QQQ,random,2017-09-13,2017-09-26,137.76497953477414,135.75864517006073,137.7977085846765,135.73870920234015,random_timing_entry,683.0,3.415,3.415,1.8757162388354274,0.9687017312719557,94135.70189689877,92722.57531876303,94119.24996333405,0.9998252317321356,94115.83496333405,0.9997889543163286,1674507.25,-1406.2965781357386,-1413.1265781357386,-0.014942188832342699,-0.015014758979573085,-0.01501159017949908,9,13,312.0,calm,,,random_time_exit,Daily,1d
2017-10-11,140.02442932128906,QQQ,random,2017-10-12,2017-11-06,139.81636914859794,144.8577269428486,139.85707864339088,144.82669064727318,random_timing_entry,662.0,3.31,3.31,2.411640106292399,1.6429955650216788,92722.57531876303,96005.83846533312,92588.69606192475,0.9985561309489299,92585.38606192476,0.9985204330621034,1428111.0,3289.883146570085,3283.263146570085,0.03553350357441596,0.03546200200941117,0.03540953360368643,17,25,600.0,calm,,,random_time_exit,Daily,1d
2017-12-21,149.33119201660156,QQQ,random,2017-12-22,2018-01-09,149.10373104158708,154.37366009830853,149.1377167102278,154.32803236759796,random_timing_entry,643.0,3.215,3.215,1.779330530719931,2.4565419846665835,96005.83846533312,99336.78143302212,95898.76684467647,0.9988847384454091,95895.55184467648,0.9988512508986996,1702274.75,3337.372967689006,3330.942967689006,0.034802166560286354,0.0347351144408052,0.034695212509307766,10,18,432.0,calm,,,random_time_exit,Daily,1d
2018-03-13,162.7524871826172,QQQ,random,2018-03-14,2018-03-22,163.60553745629025,156.27600740878924,163.64704777464675,156.22759156154248,random_timing_entry,606.0,3.0300000000000002,3.0300000000000002,2.0372196443901256,2.599058672211814,99336.78143302212,94834.53096788093,99173.14095143593,0.998352669784288,99170.11095143593,0.9983221674873917,2204032.75,-4496.190465141187,-4502.250465141186,-0.04533816108507726,-0.04539926820638488,-0.045323095838139586,6,8,192.0,neutral,,,random_time_exit,Daily,1d
2018-04-13,153.20005798339844,QQQ,random,2018-04-16,2018-05-10,154.27277866855152,159.89310601702218,154.32195785385102,159.8580402057465,random_timing_entry,614.0,3.0700000000000003,3.0700000000000003,2.687807059932662,1.6935594375191347,94834.53096788093,98227.54553194475,94756.75212226453,0.9991798467834175,94753.68212226452,0.9991474746087605,2866994.0,3399.154564063829,3393.014564063829,0.03587358810687443,0.03580878851426253,0.035778260612824596,18,24,576.0,stressed,,,random_time_exit,Daily,1d
2018-05-23,161.01336669921875,QQQ,random,2018-05-24,2018-06-19,160.9658966064453,165.80106722269556,161.00177478178256,165.77199488475796,random_timing_entry,610.0,3.0500000000000003,3.0500000000000003,1.728930232654829,1.2537544841523407,98227.54553194475,101131.27979475974,98214.13261688736,0.9998634505730063,98211.08261688736,0.9998324002196305,1657342.5,2909.8342628149944,2903.734262814994,0.029628369683755523,0.02956625856719451,0.029561303268752302,17,26,624.0,calm,,,random_time_exit,Daily,1d
2018-06-21,167.1710662841797,QQQ,random,2018-06-22,2018-07-12,167.73237405059044,168.5886499689726,167.76598195864796,168.5417561197939,random_timing_entry,602.0,3.0100000000000002,3.0100000000000002,1.5036625754417852,2.28232826441942,101131.27979475974,101592.27583976959,100998.13113910606,0.998683407785169,100995.12113910606,0.9986536444912988,1641280.0,467.01604500985127,460.9960450098513,0.004624144609585692,0.004564537769848272,0.004558392279277162,13,20,480.0,calm,,,random_time_exit,Daily,1d
2018-08-10,171.747314453125,QQQ,random,2018-08-13,2018-08-23,172.0612339929789,171.95665103048253,172.10672995966752,171.93901176195075,random_timing_entry,590.0,2.95,2.95,2.144172986140097,0.5259026355333849,101592.27583976959,101487.4221031167,101545.92067620384,0.9995437137008442,101542.97067620384,0.9995146760601809,1719605.0,-98.95373665289213,-104.85373665289214,-0.0009745011003118261,-0.0010326045806483793,-0.0010321034329250237,8,10,240.0,calm,,,random_time_exit,Daily,1d
2018-08-31,177.57945251464844,QQQ,random,2018-09-04,2018-09-28,177.03716285369651,176.6218086168273,177.0733727470702,176.57743024990725,random_timing_entry,573.0,2.865,2.865,1.5453272516358068,2.013252506690493,101487.4221031167,101197.51705224233,101465.90758407123,0.9997880080250378,101463.04258407123,0.9997597779257739,1385771.25,-284.17505087437456,-289.9050508743746,-0.0028007739925491595,-0.002857247757321709,-0.0028565613833388672,18,24,576.0,calm,,,random_time_exit,Daily,1d
2018-10-22,165.75625610351562,QQQ,random,2018-10-23,2018-10-31,162.6396332918771,160.71432779074587,162.67140848120405,160.66178781415613,random_timing_entry,622.0,3.11,3.11,1.4537174724153696,2.7702223288164562,101197.51705224233,99941.31299733852,101184.72607530892,0.9998736038461615,101181.61607530892,0.9998428718668542,3166119.75,-1249.9840549038101,-1256.20405490381,-0.012353865290839532,-0.012415338908688948,-0.012413388109663854,6,8,192.0,stressed,,,random_time_exit,Daily,1d
2018-11-27,155.7771759033203,QQQ,random,2018-11-28,2018-12-18,156.90187523800697,151.2117356389231,156.94684515838983,151.19220205611336,random_timing_entry,636.0,3.18,3.18,2.366117458102328,0.7919702566736254,99941.31299733852,96274.99998429068,99821.37352073593,0.9987999009318019,99818.19352073593,0.9987680822583763,2916961.5,-3659.953013047838,-3666.3130130478376,-0.03666619164258398,-0.03672990748210855,-0.03668465925743314,13,20,480.0,stressed,,,random_time_exit,Daily,1d
2019-02-19,164.67251586914062,QQQ,random,2019-02-20,2019-03-08,164.78716930660522,162.02482475390224,164.83843620747746,161.99296869528172,random_timing_entry,584.0,2.92,2.92,2.611097853550741,1.4665087242419743,96274.99998429068,94607.40695716836,96268.56674516683,0.9999331785081806,96265.64674516683,0.9999028487237042,1630660.25,-1661.7530271223118,-1667.593027122312,-0.0172621603168707,-0.017322825779550858,-0.01732114284491732,12,16,384.0,neutral,,,random_time_exit,Daily,1d
2019-05-13,171.0049591064453,QQQ,random,2019-05-14,2019-05-24,171.9051128851168,171.60826240074047,171.92930028917144,171.56810265632345,random_timing_entry,550.0,2.75,2.75,0.9070206318284275,1.8407465487613355,94607.40695716836,94403.24825910197,94563.86515904429,0.9995397633280046,94561.11515904429,0.9995106958364789,1792202.25,-198.65869806639438,-204.15869806639438,-0.002100849780930208,-0.002159013223596355,-0.0021579568094369523,8,10,240.0,neutral,,,random_time_exit,Daily,1d
2019-05-29,168.56312561035156,QQQ,random,2019-05-30,2019-06-26,169.0132078251854,178.657542993427,169.04961249885835,178.6091543524624,random_timing_entry,558.0,2.79,2.79,1.6539543649509336,2.2091915383626994,94403.24825910197,99731.89261341303,94332.47377436295,0.9992502960857368,94329.68377436296,0.9992207420179324,2064382.5,5334.224354311065,5328.644354311065,0.05654873567763202,0.05648958144561586,0.05644556148837071,19,27,648.0,neutral,,,random_time_exit,Daily,1d
2019-07-29,186.7766265869141,QQQ,random,2019-07-30,2019-08-23,185.34664532477268,179.21418360693562,185.3856494828615,179.1710875539798,random_timing_entry,537.0,2.685,2.685,1.6043897514552714,1.9053017450620955,99731.89261341303,96389.30285760354,99554.77877229663,0.9982241002704828,99552.09377229663,0.9981971780901286,1084232.5,-3337.2197558094845,-3342.5897558094844,-0.033522346234551685,-0.03357628784237244,-0.03351575577499806,18,24,576.0,calm,,,random_time_exit,Daily,1d
2019-08-23,174.73239135742188,QQQ,random,2019-08-26,2019-09-10,176.71897907502918,182.49644067531045,176.75601672519636,182.4451632725979,random_timing_entry,545.0,2.725,2.725,1.5958501662366837,2.3105652017709533,96389.30285760354,99484.43772593739,96334.75411523202,0.9994340788785234,96332.02911523201,0.9994058081065682,1914969.75,3100.584868333844,3095.134868333844,0.03218643785261635,0.032129862692204435,0.032110771388255646,10,15,360.0,stressed,,,random_time_exit,Daily,1d
2019-10-18,184.335693359375,QQQ,random,2019-10-21,2019-11-08,185.31652428525473,192.3942045607918,185.34162131142978,192.34613137091006,random_timing_entry,536.0,2.68,2.68,0.8542789166718998,1.9993063046871093,99484.43772593739,103233.49511781882,99345.78902292636,0.9986063277213971,99343.10902292636,0.9985793888346601,1473550.25,3754.4173918814313,3749.0573918814316,0.037792428974766513,0.037738474553038456,0.03768486285472552,14,18,432.0,neutral,,,random_time_exit,Daily,1d
2019-11-13,193.8558654785156,QQQ,random,2019-11-14,2019-11-26,193.12502405622757,196.51000535030897,193.18602426660965,196.48800602960767,random_timing_entry,534.0,2.67,2.67,2.6585865519086718,0.6196266452004763,103233.49511781882,104991.41337925977,103164.00695836954,0.9993268835917066,103161.33695836955,0.9993010198931372,939854.75,1763.2582614409455,1757.9182614409453,0.017092239335289954,0.01704047575643914,0.017028564802873913,8,12,288.0,calm,,,random_time_exit,Daily,1d
2019-12-12,198.58712768554688,QQQ,random,2019-12-13,2020-01-06,198.4813284612528,204.7903703845277,198.52851700555692,204.72178097324658,random_timing_entry,528.0,2.64,2.64,1.8774802733326328,2.8503719513898873,104991.41337925977,108256.17675419991,104825.69697893405,0.9984216194925665,104823.05697893405,0.9983964745791395,987053.25,3270.0433749401404,3264.7633749401407,0.03119584058302469,0.031145469985637317,0.0310955274327707,14,24,576.0,calm,,,random_time_exit,Daily,1d
2020-01-06,207.7393493652344,QQQ,random,2020-01-07,2020-01-28,207.81639787879143,211.67128945646775,207.8480712852324,211.61390463855057,random_timing_entry,520.0,2.6,2.6,1.0241052565755622,2.2117697211451692,108256.17675419991,110209.21009792536,108083.59706832086,0.9984058213484585,108080.99706832085,0.9983818042431258,1051803.0,1958.233343725442,1953.0333437254421,0.01811820205995686,0.018070089994551754,0.01804084905159624,14,21,504.0,calm,,,random_time_exit,Daily,1d
2020-02-04,219.2172088623047,QQQ,random,2020-02-05,2020-02-14,221.85782438255845,225.83795649082847,221.90581535638412,225.8051326143675,random_timing_entry,496.0,2.48,2.48,1.6631409196065425,0.9536373058019736,110209.21009792536,112138.31145788511,110067.76441676653,0.9987165711374472,110065.28441676653,0.9986940684809288,1403623.0,1934.0613599597514,1929.1013599597513,0.01757194714217384,0.017526882978425178,0.017503994069512578,7,9,216.0,neutral,,,random_time_exit,Daily,1d
2020-03-02,208.568115234375,QQQ,random,2020-03-03,2020-03-18,209.23306461036697,165.3838757968927,209.26335783942616,165.3328976232824,random_timing_entry,535.0,2.6750000000000003,2.6750000000000003,0.9478222701376405,2.5833654005431983,112138.31145788511,88630.1652422482,111958.571444093,0.9983971578361102,111955.896444093,0.99837330336599,2663315.5,-23502.79621563691,-23508.14621563691,-0.20992906101532058,-0.20997684768998376,-0.20963527905862642,11,15,360.0,stressed,,,random_time_exit,Daily,1d
2020-03-26,185.3318634033203,QQQ,random,2020-03-27,2020-04-24,180.53191767157105,203.74911050774793,180.56406346746869,203.69453089476616,random_timing_entry,490.0,2.45,2.45,1.2806156557925192,2.1794834766556104,88630.1652422482,99959.19428162396,88478.84109905965,0.9982926338591951,88476.39109905965,0.9982649909004655,5422720.5,11333.929039375762,11329.02903937576,0.12810116799052196,0.1280457859847786,0.12782362538093794,19,28,672.0,stressed,,,random_time_exit,Daily,1d
2020-06-15,230.57830810546875,QQQ,random,2020-06-16,2020-07-09,235.4361409431384,253.4435107398024,235.47026090059038,253.3924206710568,random_timing_entry,424.0,2.12,2.12,0.9492234418763985,1.5162429724733935,99959.19428162396,107553.95002430172,99841.51062185032,0.9988226829896,99839.39062185033,0.9988014743352562,2173635.25,7598.995742677769,7594.755742677769,0.07611220075911294,0.07606973255118828,0.07597856102441548,16,23,552.0,stressed,,,random_time_exit,Daily,1d
2020-07-27,251.65374755859375,QQQ,random,2020-07-28,2020-08-20,250.87007751423135,266.32038155283476,250.9233709024783,266.2764024987975,random_timing_entry,428.0,2.14,2.14,1.6243421604917212,1.1516316738746384,107553.95002430172,114120.76754752634,107397.3427462607,0.9985439188611331,107395.20274626071,0.9985240218699067,2109755.0,6571.097523224616,6566.817523224616,0.061186136393354025,0.06114628358903359,0.06105603301171969,17,23,552.0,stressed,,,random_time_exit,Daily,1d
2020-09-01,290.1583251953125,QQQ,random,2020-09-02,2020-09-16,293.4090400937583,270.77058165183826,293.4431268244852,270.6933796317777,random_timing_entry,388.0,1.94,1.94,0.6617478015002713,2.35200990750311,114120.76754752634,105289.98563675582,113857.87320790027,0.9976963497067561,113855.93320790026,0.9976793501715997,1701594.75,-8826.901910770512,-8830.781910770513,-0.07752693831644804,-0.07756101647022257,-0.0773810245106604,9,14,336.0,neutral,,,random_time_exit,Daily,1d
2020-09-22,263.6114501953125,QQQ,random,2020-09-23,2020-09-30,263.2921132824781,267.16199999545273,263.3553490290185,267.08551409166944,random_timing_entry,399.0,1.995,1.995,1.9017334113056892,2.3637234049716405,105289.98563675582,106774.33149675356,105080.77926257838,0.9980130458475016,105078.78426257838,0.9979940981765724,3016754.5,1488.335859997725,1484.3458599977253,0.014163999616502651,0.01412602810752488,0.014097692681986206,5,7,168.0,stressed,,,random_time_exit,Daily,1d
2020-11-10,274.1953125,QQQ,random,2020-11-11,2020-11-23,276.7204020173491,281.92538974017464,276.79126994339197,281.8587258981811,random_timing_entry,385.0,1.925,1.925,2.0609938958684504,1.8651509025000033,106774.33149675356,108721.45203934736,106566.56392820591,0.9980541431106599,106564.63892820591,0.998036114433046,2286302.5,1950.9705425938132,1947.1205425938133,0.0183078604893337,0.018271732182244954,0.018235848591128992,8,12,288.0,stressed,,,random_time_exit,Daily,1d
2020-12-21,299.4071350097656,QQQ,random,2020-12-22,2021-01-12,300.3084774298646,304.7764932248899,300.41240637006103,304.73660867163403,random_timing_entry,361.0,1.805,1.805,2.9607394731561936,0.8088205394741659,108721.45203934736,110278.87907021522,108450.68369959203,0.9975095224109283,108448.87869959204,0.9974929203515726,1343268.5,1561.0370308678514,1557.4270308678513,0.01439422011168958,0.0143609325383805,0.014324928536681087,13,21,504.0,calm,,,random_time_exit,Daily,1d
2021-01-20,313.7998046875,QQQ,random,2021-01-21,2021-02-17,315.13729720135154,322.2319704739825,315.24724123039033,322.14868330492806,random_timing_entry,349.0,1.745,1.745,2.9887660081872367,2.0853642547914975,110278.87907021522,112683.99235422889,110023.03218940622,0.9976800010757627,110021.28718940623,0.997664177556203,1449905.5,2408.603284013667,2405.113284013667,0.021892156922933975,0.021860435788877513,0.02180937369233067,18,27,648.0,neutral,,,random_time_exit,Daily,1d
2021-02-24,314.14874267578125,QQQ,random,2021-02-25,2021-03-19,311.49311597474355,302.2663425746059,311.5480332904936,302.2258544884323,random_timing_entry,361.0,1.805,1.805,1.2630346525703147,0.8396632211416933,112683.99235422889,109315.07580668475,112470.64501786818,0.9981066757406852,112468.84001786819,0.9980906574938847,1834763.75,-3365.3065475441404,-3368.91654754414,-0.02992212373675665,-0.02995422151601201,-0.029897028647633897,16,22,528.0,neutral,,,random_time_exit,Daily,1d
2021-03-25,302.1239929199219,QQQ,random,2021-03-26,2021-04-12,301.91046681514456,326.10337642585216,302.0054910690479,326.0286687378947,random_timing_entry,361.0,1.805,1.805,2.647431584790334,1.791445358062584,109315.07580668475,117983.83294513845,109025.78727592628,0.9973536263994359,109023.98227592629,0.9973371144957789,3770294.0,8672.3671384537,8668.757138453699,0.07954549959939095,0.07951238761866303,0.07930065523426727,10,17,408.0,stressed,,,random_time_exit,Daily,1d
2021-04-14,326.5594787597656,QQQ,random,2021-04-15,2021-05-06,329.4318706559143,319.0386230172309,329.54236909517874,319.00027637283813,random_timing_entry,358.0,1.79,1.79,2.854212178816919,0.702088124462067,117983.83294513845,114206.18375054051,117977.95813607398,0.9999502066603718,117976.16813607399,0.9999350350902058,2598051.0,-3774.0691945979393,-3777.649194597939,-0.03199009812087573,-0.032020443232575496,-0.03201836302736932,15,21,504.0,neutral,,,random_time_exit,Daily,1d
2021-06-09,326.87969970703125,QQQ,random,2021-06-10,2021-06-25,327.21935625287307,340.50114774694623,327.29757516837736,340.4152462355434,random_timing_entry,348.0,1.74,1.74,1.8904122421129057,2.023433140929364,114206.18375054051,118767.6532819143,113901.29615859533,0.9973303757998678,113899.55615859533,0.9973151401975312,2004698.75,4564.9495313737825,4561.469531373783,0.040078729762717286,0.04004817652688944,0.039940652787570224,11,15,360.0,neutral,,,random_time_exit,Daily,1d
2021-07-20,348.5845642089844,QQQ,random,2021-07-21,2021-08-05,348.1570403811089,357.70745184817855,348.20186603913976,357.66912416361464,random_timing_entry,341.0,1.705,1.705,0.7875126116004545,0.5715961198378684,118767.6532819143,121992.57830236024,118738.54131934667,0.9997548830699,118736.83631934666,0.9997405273092793,1872232.75,3228.3350204459343,3224.9250204459345,0.027188993075099463,0.02716027410206881,0.027153226752666834,11,15,360.0,calm,,,random_time_exit,Daily,1d
2021-08-11,355.79339599609375,QQQ,random,2021-08-12,2021-08-24,355.28832922101327,363.2064510749859,355.378642162271,363.118498923919,random_timing_entry,343.0,1.715,1.715,2.0419619455490197,1.9221335824968164,121992.57830236024,124643.9191716055,121896.58926165894,0.9992131567179161,121894.87426165894,0.9991990984856542,1832302.25,2654.770869245269,2651.3408692452686,0.021779183787060237,0.021751044785967892,0.021733624341260208,8,12,288.0,calm,,,random_time_exit,Daily,1d
2021-08-31,369.1426696777344,QQQ,random,2021-09-01,2021-09-21,370.20163673041526,357.52040510766665,370.3249784206912,357.44728932757636,random_timing_entry,336.0,1.68,1.68,2.8317435159206488,1.5454982391345726,124643.9191716055,120313.65563631892,124430.87274935223,0.9982907596000735,124429.19274935224,0.9982772812048886,1551434.75,-4326.903535286586,-4330.263535286586,-0.03477402239523177,-0.03480102570471051,-0.034741073323639855,13,20,480.0,calm,,,random_time_exit,Daily,1d
2021-10-01,350.32293701171875,QQQ,random,2021-10-04,2021-10-12,348.7084085068805,350.03115471683304,348.80320488206354,349.9480250116357,random_timing_entry,344.0,1.72,1.72,2.2184998374122036,1.8754871939791344,120313.65563631892,120704.03376089175,119990.02247942986,0.9973100879099931,119988.30247942985,0.9972957919434139,2336584.25,393.8181245728256,390.3781245728255,0.00328213764537872,0.003253468184031938,0.003244670129156832,6,8,192.0,neutral,,,random_time_exit,Daily,1d
2021-12-31,387.4562377929687,QQQ,random,2022-01-03,2022-01-14,388.6248608653944,365.2714506437574,388.75878989943476,365.195465122038,random_timing_entry,310.0,1.55,1.55,2.9462291923930697,1.5806808675477495,120704.03376089175,113396.30307989875,120516.77486882478,0.9984486111504947,120515.22486882478,0.9984357698232273,2676585.25,-7304.630680992995,-7307.730680992995,-0.060611683618760584,-0.0606374065098175,-0.06054255564871361,9,11,264.0,stressed,,,random_time_exit,Daily,1d
2022-01-24,344.070068359375,QQQ,random,2022-01-25,2022-02-18,337.61332782671474,337.360086427946,337.69496772054737,337.2652946550929,random_timing_entry,335.0,1.675,1.675,1.918147836701995,2.3105996779214353,113396.30307989875,113249.01260297149,113129.48918638338,0.9976470670888858,113127.81418638337,0.9976322958842301,3588202.5,-143.94047692725565,-147.29047692725567,-0.0012723703535021632,-0.0013019828765062826,-0.0012989001662909168,18,24,576.0,neutral,,,random_time_exit,Daily,1d
2022-05-06,301.5433044433594,QQQ,random,2022-05-09,2022-05-24,295.91708072920244,280.9495301906734,295.98365199728823,280.89550624188047,random_timing_entry,382.0,1.9100000000000001,1.9100000000000001,1.7496595303568312,1.4232756520644239,113249.01260297149,107481.52092440572,113067.66506296411,0.9983986832570174,113065.7550629641,0.9983818177678083,4472122.0,-5763.671678565766,-5767.491678565766,-0.050976280796569136,-0.05101006644632553,-0.05092752286313917,11,15,360.0,stressed,,,random_time_exit,Daily,1d
2022-05-25,284.0015869140625,QQQ,random,2022-05-26,2022-06-24,283.20213244297605,281.10855599749834,283.2654660456409,281.0271152251929,random_timing_entry,379.0,1.895,1.895,1.7363391870854088,2.3979684839362845,107481.52092440572,106629.39596345593,107359.5066312979,0.998864788178857,107357.6116312979,0.9988471572411506,4887935.75,-848.3349609497832,-852.1249609497831,-0.007901954487058174,-0.00793725706078733,-0.007928106651459675,19,29,696.0,stressed,,,random_time_exit,Daily,1d
2022-07-06,282.1441955566406,QQQ,random,2022-07-07,2022-08-02,282.95505535271474,305.70830669402716,282.98664478718445,305.6235199117713,random_timing_entry,376.0,1.8800000000000001,1.8800000000000001,0.6164117364980768,2.2742230794387868,106629.39596345593,115137.1010103006,106404.85843998136,0.9978942249325737,106402.97843998135,0.9978765937720198,3259936.0,8511.465046844667,8507.705046844669,0.07999273301964684,0.07995739566297576,0.07978761363105191,18,26,624.0,stressed,,,random_time_exit,Daily,1d
2022-08-03,315.44854736328125,QQQ,random,2022-08-04,2022-08-17,315.5266393369658,321.4861444413282,315.62445886677335,321.3928627296691,random_timing_entry,364.0,1.82,1.82,2.6001987665177024,2.4024201367393316,115137.1010103006,117233.16001639466,114889.12302750551,0.9978462373933412,114887.3030275055,0.9978304301515049,2862743.5,2099.699006094054,2096.0590060940535,0.018276162384901304,0.018244479162264172,0.018204896490372224,9,13,312.0,stressed,,,random_time_exit,Daily,1d
2022-08-19,315.4192199707031,QQQ,random,2022-08-22,2022-09-16,311.15974534576816,281.0890596137106,311.19346807892987,281.036317066116,random_timing_entry,376.0,1.8800000000000001,1.8800000000000001,0.5837755739985419,1.3767164381190176,117233.16001639466,105890.31123557664,117010.62399767764,0.9981017655867512,117008.74399767764,0.9980857291683886,2392931.0,-11339.088780818016,-11342.848780818014,-0.09690804629988227,-0.09694018065045758,-0.09675461089022727,18,25,600.0,stressed,,,random_time_exit,Daily,1d
2022-10-06,273.8037414550781,QQQ,random,2022-10-07,2022-10-31,269.16454618985404,272.9815756549536,269.22618236299354,272.9246476850606,random_timing_entry,393.0,1.965,1.965,1.7899068250982788,1.5858493498420263,105890.31123557664,107339.878107149,105807.85466865645,0.9992213020628796,105805.88966865645,0.9992027451243167,3309089.0,1453.4968715723621,1449.5668715723623,0.013737390953605304,0.013700247463651134,0.013689324874562672,16,24,576.0,stressed,,,random_time_exit,Daily,1d
2022-11-14,279.3628234863281,QQQ,random,2022-11-15,2022-11-25,285.9886362575642,281.0754895033235,286.01771018616125,281.00172716708056,random_timing_entry,375.0,1.875,1.875,0.5166113233546048,2.1249780379151817,107339.878107149,105455.13447499373,107258.51631981047,0.9992420171442965,107256.64131981047,0.9992245492653212,3217484.25,-1880.9936321552598,-1884.7436321552598,-0.01753731618862316,-0.01757227905855695,-0.017558652621851013,7,10,240.0,stressed,,,random_time_exit,Daily,1d
2022-11-29,274.5964660644531,QQQ,random,2022-11-30,2022-12-12,274.8607357077632,276.2114279690331,274.9408860212268,276.17254986100244,random_timing_entry,383.0,1.915,1.915,2.4160335781406643,0.9077470063636579,105455.13447499373,105923.0317256278,105304.27434612985,0.9985694378029583,105302.35934612986,0.9985512784216297,2802611.75,471.72725063407364,467.8972506340736,0.004479740563870005,0.004443369109101258,0.004436931904392239,8,12,288.0,stressed,,,random_time_exit,Daily,1d
2022-12-21,268.2687683105469,QQQ,random,2022-12-22,2023-01-04,265.2569096929665,261.58777440307387,265.3413112134043,261.5470700674497,random_timing_entry,399.0,1.995,1.995,2.681878298119307,1.0562910191911854,105923.0317256278,104405.1395083919,105873.17817414831,0.9995293417242,105871.18317414832,0.9995105072935054,2498564.5,-1513.902217235897,-1517.8922172358969,-0.014299473868594325,-0.014337161177646465,-0.01433014324181817,7,13,312.0,stressed,,,random_time_exit,Daily,1d
2023-01-06,263.7069091796875,QQQ,random,2023-01-09,2023-01-24,265.6984240862427,281.86618418380607,265.7383506882264,281.81182435090176,random_timing_entry,392.0,1.96,1.96,1.0027037559955616,1.4289408111064996,104405.1395083919,110702.02118416065,104171.39346978474,0.9977611634857461,104169.43346978474,0.9977423904635632,2502549.5,6300.80167576875,6296.88167576875,0.06048608949761019,0.060448458497138854,0.06031198948077281,10,15,360.0,stressed,,,random_time_exit,Daily,1d
2023-01-24,282.9060974121094,QQQ,random,2023-01-25,2023-02-17,278.39320945144925,295.36541372252225,278.47027903869764,295.27138110749905,random_timing_entry,397.0,1.985,1.985,2.268371663960004,2.684616628623524,110702.02118416065,117368.08870547482,110554.68577836297,0.9986690811583957,110552.70077836297,0.9986511501398039,2287949.25,6670.037521314161,6666.067521314161,0.060333555619652486,0.06029764514462973,0.06021631267440624,17,23,552.0,neutral,,,random_time_exit,Daily,1d
2023-03-10,283.0826416015625,QQQ,random,2023-03-13,2023-04-03,281.29710952224696,313.21420687465223,281.33286953727577,313.1802816993057,random_timing_entry,417.0,2.085,2.085,0.7712542652688863,0.5832474880753531,117368.08870547482,130644.28957704129,117317.891597044,0.9995723104211335,117315.806597044,0.999554545796839,2923398.25,13280.370871566472,13276.200871566474,0.11320188861831598,0.11316634353602095,0.11311593311263647,15,21,504.0,neutral,,,random_time_exit,Daily,1d
2023-04-26,306.4344482421875,QQQ,random,2023-04-27,2023-05-05,310.19774298595155,312.91947297286674,310.2676509700996,312.85819977710037,random_timing_entry,421.0,2.105,2.105,1.7536586976793698,1.4584973579106226,130644.28957704129,131730.7006247886,130624.78605841193,0.9998507128119224,130622.68105841194,0.9998346003587351,2605447.25,1090.621047747313,1086.411047747313,0.008349400264258918,0.008317170027014611,0.008315794370075805,6,8,192.0,neutral,,,random_time_exit,Daily,1d
2023-07-19,379.4483337402344,QQQ,random,2023-07-20,2023-08-14,376.4572264736471,359.553484355475,376.4965004837092,359.4375602927763,random_timing_entry,349.0,1.745,1.745,0.5432529195955084,2.7251516119878394,131730.7006247886,125773.640498153,131399.0236688145,0.9974821590229084,131397.2786688145,0.997468912300681,2387005.5,-5953.570126635583,-5957.0601266355825,-0.04530969124285667,-0.0453362519147013,-0.04522150188514677,17,25,600.0,neutral,,,random_time_exit,Daily,1d
2023-08-18,352.37091064453125,QQQ,random,2023-08-21,2023-09-07,353.8368936889085,364.2566177579788,353.95166924209417,364.2169465219326,random_timing_entry,355.0,1.7750000000000001,1.7750000000000001,2.743741826610794,0.5892199395179891,125773.640498153,129414.26393249564,125654.61758094342,0.9990536735937818,125652.84258094343,0.9990395609387537,2582093.25,3644.1734343426374,3640.623434342637,0.02900191797885609,0.028973665534047982,0.028945838093921594,12,17,408.0,calm,,,random_time_exit,Daily,1d
2023-09-20,359.1970520019531,QQQ,random,2023-09-21,2023-10-12,355.5118100588146,366.2816313728331,355.6245094788807,366.20708196741685,random_timing_entry,363.0,1.815,1.815,2.6700612153360783,1.5357171962855796,129414.26393249564,133252.10774583425,129093.5119408337,0.9975215097477258,129091.6969408337,0.9975074850185742,2334903.5,3841.473813338615,3837.843813338615,0.029757714123932143,0.02972959457723764,0.029655493117362163,15,21,504.0,neutral,,,random_time_exit,Daily,1d
2023-10-16,363.99566650390625,QQQ,random,2023-10-17,2023-11-02,360.4483905820312,356.2410129874096,360.5034122048535,356.15642970265566,random_timing_entry,369.0,1.845,1.845,1.0264771395819459,1.874891415677463,133252.10774583425,131644.38120252325,133027.60410359094,0.9983151963144064,133025.75910359094,0.9983013503795749,2598048.5,-1604.0365433109948,-1607.7265433109949,-0.01205808975735208,-0.012085828745837206,-0.012065299157425567,12,16,384.0,neutral,,,random_time_exit,Daily,1d
2023-11-24,383.8010559082031,QQQ,random,2023-11-27,2023-12-18,383.30837541200384,399.7920202843143,383.4265715326731,399.6904760912898,random_timing_entry,343.0,1.715,1.715,2.583577825353538,2.0405707440802194,131644.38120252325,137219.47046612875,131517.02903570686,0.9990326046151528,131515.31403570686,0.9990195770937019,2441326.75,5578.519263605519,5575.089263605519,0.04241725995568038,0.04239117934274835,0.042349618059495726,15,21,504.0,calm,,,random_time_exit,Daily,1d
2024-01-29,422.939697265625,QQQ,random,2024-01-30,2024-02-06,421.90253366404573,424.3819121925699,422.0409889169961,424.274925308839,random_timing_entry,325.0,1.625,1.625,2.7816881128433315,2.021640505930249,137219.47046612875,137942.24979347768,137164.94639802375,0.9996026506448408,137163.32139802375,0.9995908083020998,2287390.0,726.0293273489297,722.7793273489297,0.005293174005622981,0.0052694796245969545,0.0052673233972823155,5,7,168.0,neutral,,,random_time_exit,Daily,1d
2024-03-06,433.4501953125,QQQ,random,2024-03-07,2024-04-04,437.0360491430509,441.4814130591628,437.10549299974707,441.38842302942174,random_timing_entry,315.0,1.575,1.575,1.088973194141288,1.6067618652695432,137942.24979347768,139288.2227528252,137689.80529492034,0.9981699261905957,137688.23029492033,0.9981585083689902,2154719.25,1349.1229593475223,1345.9729593475222,0.009798389858434363,0.009775512085996928,0.009757510562301732,19,28,672.0,neutral,,,random_time_exit,Daily,1d
2024-04-17,421.2140502929687,QQQ,random,2024-04-18,2024-05-09,421.8569836696365,435.546588660251,421.97422723253266,435.49918040917305,random_timing_entry,330.0,1.6500000000000001,1.6500000000000001,2.279225363921343,0.5885956440467464,139288.2227528252,143748.15730111653,139253.14498673577,0.9997481641635152,139251.49498673578,0.9997363182230087,2206293.25,4463.234548291331,4459.934548291331,0.03205160956237109,0.032027911432592926,0.032019466255993057,15,21,504.0,neutral,,,random_time_exit,Daily,1d
2024-05-20,449.9682312011719,QQQ,random,2024-05-21,2024-06-17,448.1186048845004,474.2515381397125,448.18922336862835,474.12390394955656,random_timing_entry,320.0,1.6,1.6,1.0758882438305701,2.1920007426903823,143748.15730111653,152044.05508701355,143422.15147796107,0.997732104332492,143420.55147796107,0.997720973755029,1837296.0,8299.09778589703,8295.897785897028,0.057865471164168,0.057843159159598055,0.0577113330817813,18,27,648.0,neutral,,,random_time_exit,Daily,1d
2024-07-15,491.5403137207031,QQQ,random,2024-07-16,2024-08-08,492.99662197224063,436.9621628383831,493.15969912048683,436.8985418733591,random_timing_entry,308.0,1.54,1.54,2.8078755711093453,0.9561954075469201,152044.05508701355,134712.5386548982,151894.72732910994,0.9990178651982272,151893.18732910993,0.9990077365549263,1497571.5,-17328.436432115348,-17331.51643211535,-0.11408303911991448,-0.11410331652704617,-0.11399009597709471,17,23,552.0,calm,,,random_time_exit,Daily,1d
2024-10-15,486.972900390625,QQQ,random,2024-10-16,2024-10-24,487.3003271644119,488.2229113611023,487.38492232016915,488.0778258875676,random_timing_entry,276.0,1.3800000000000001,1.3800000000000001,1.2359962848676307,2.472588915935891,134712.5386548982,134901.02003950017,134519.61856036668,0.998567912857572,134518.23856036668,0.9985576688222818,1494380.25,191.24138460197105,188.48138460197106,0.001421676247389674,0.0014011585835432105,0.0013991376488332386,6,8,192.0,neutral,,,random_time_exit,Daily,1d
2024-11-05,488.3221130371094,QQQ,random,2024-11-06,2024-12-03,496.6061801503593,509.890434903682,496.71403736261055,509.8021311551068,random_timing_entry,271.0,1.355,1.355,1.671886226196661,1.232118074419668,134901.02003950017,138445.18345726666,134610.85912526748,0.9978490828746311,134609.50412526747,0.9978390384731906,1414317.5,3546.8734177664805,3544.1634177664805,0.026349353567677983,0.02632922125965404,0.026272324825481076,18,27,648.0,neutral,,,random_time_exit,Daily,1d
2025-01-21,521.4942626953125,QQQ,random,2025-01-22,2025-01-30,526.2343267127363,520.4111867008249,526.3308127399321,520.3428615558568,random_timing_entry,263.0,1.315,1.315,1.3335183072993084,0.8130793178154984,138445.18345726666,136867.72229585485,138426.31875060213,0.9998637388012105,138425.00375060213,0.9998542404570488,1711193.5,-1574.8311614118074,-1577.4611614118076,-0.011376782508521024,-0.011395781966196594,-0.01139412092222563,6,8,192.0,neutral,,,random_time_exit,Daily,1d
2025-02-20,533.8460083007812,QQQ,random,2025-02-21,2025-03-11,534.9887454346671,469.374639710155,535.0777012274491,469.297395834962,random_timing_entry,255.0,1.2750000000000001,1.2750000000000001,1.1627600774984823,1.1459472368399322,136867.72229585485,120091.19442077064,136446.08881299951,0.9969194089316111,136444.81381299952,0.9969100933678054,1362814.5,-16773.97787508421,-16776.52787508421,-0.1229359871315688,-0.12295467600605763,-0.12257475753720716,12,18,432.0,neutral,,,random_time_exit,Daily,1d
2025-03-12,473.9158935546875,QQQ,random,2025-03-13,2025-04-01,473.25013268441506,465.0489616231821,473.37147269350953,464.9192730892521,random_timing_entry,253.0,1.2650000000000001,1.2650000000000001,2.0639720036892886,2.2894850017360846,120091.19442077064,117950.2579208935,119764.24759145791,0.9972775120533218,119762.98259145791,0.9972669783917483,2179266.25,-2138.40649987713,-2140.93649987713,-0.017855321014939817,-0.017876446073328105,-0.01782758935993095,13,19,456.0,stressed,,,random_time_exit,Daily,1d
2025-04-28,470.1343688964844,QQQ,random,2025-04-29,2025-05-15,467.9051531308386,514.0318883953613,468.05835684129096,513.9311333779088,random_timing_entry,251.0,1.2550000000000001,1.2550000000000001,2.774247129514017,1.4604770154744968,117950.2579208935,129461.8148315846,117483.90256716404,0.9960461692755074,117482.64756716404,0.9960355291970359,3354418.5,11514.06691069109,11511.556910691092,0.09800653244649238,0.09798516758919663,0.09759670825316571,12,16,384.0,stressed,,,random_time_exit,Daily,1d
2025-05-19,519.4954223632812,QQQ,random,2025-05-20,2025-06-06,516.96766002425,527.446880166096,517.134574440847,527.3041731385109,random_timing_entry,250.0,1.25,1.25,2.728720662896718,2.2063511888341427,129461.8148315846,132001.71450600057,129284.89361021176,0.9986334100012193,129283.64361021176,0.9986237546445288,2122934.25,2542.399674415975,2539.899674415975,0.01966528482196303,0.019645947495676518,0.01961890985168176,12,17,408.0,neutral,,,random_time_exit,Daily,1d
2025-06-25,539.157958984375,QQQ,random,2025-06-26,2025-07-14,541.339901952907,551.9405857278426,541.5105473127979,551.8169849816127,random_timing_entry,243.0,1.215,1.215,2.6522775113273593,1.7398865854782564,132001.71450600057,134503.74885952254,131588.2779970099,0.996867945916173,131587.0629970099,0.9968587414902719,2377050.0,2504.464353521981,2502.034353521981,0.019032755169700013,0.019014288308713413,0.018954559513757244,11,18,432.0,calm,,,random_time_exit,Daily,1d
2025-08-06,565.2212524414062,QQQ,random,2025-08-07,2025-08-22,569.5550971875249,562.5810219572568,569.7463943725143,562.3994812985298,random_timing_entry,236.0,1.18,1.18,2.858712544828175,2.727966325782476,134503.74885952254,132767.5173740622,134461.32907191335,0.9996846200349888,134460.14907191336,0.9996758470453138,2214603.5,-1733.8714854603209,-1736.231485460321,-0.01289505847961684,-0.012912610148392234,-0.012908424487659921,11,15,360.0,calm,,,random_time_exit,Daily,1d
2025-10-23,609.0264282226562,QQQ,random,2025-10-24,2025-11-14,614.4226241256162,598.0244819828539,614.5181227367364,597.8397700897293,random_timing_entry,216.0,1.08,1.08,1.0542821401817615,2.5896554957672815,132767.5173740622,129162.83320230868,132736.99451113504,0.999770102932322,132735.91451113505,0.9997619684125137,2789574.0,-3602.524171753522,-3604.6841717535217,-0.02714053830134504,-0.027156811214429304,-0.027150347035544867,15,21,504.0,neutral,,,random_time_exit,Daily,1d
2025-12-11,623.98828125,QQQ,random,2025-12-12,2026-01-06,620.4972123256402,618.4501618747352,620.5895964478711,618.309862777096,random_timing_entry,208.0,1.04,1.04,0.9888724783258169,1.7690742309850789,129162.83320230868,128686.56859878745,129083.6760611572,0.9993871523317586,129082.6360611572,0.9993791004798891,3034750.25,-474.18460352123293,-476.26460352123297,-0.00367349643600842,-0.0036896101447415957,-0.0036873192675733295,15,25,600.0,neutral,,,random_time_exit,Daily,1d
2026-01-06,622.6348876953125,QQQ,random,2026-01-07,2026-02-04,622.2553845556755,614.2455284678144,622.4310479748957,614.0699451046146,random_timing_entry,206.0,1.03,1.03,2.3230116376664314,2.3593381682272843,128686.56859878745,126962.12140750953,128221.82588282852,0.9963885685894083,128220.79588282852,0.9963805646460969,2430452.25,-1722.3871912779098,-1724.4471912779097,-0.013432978476064615,-0.013449044512668243,-0.013400366565482874,19,28,672.0,calm,,,random_time_exit,Daily,1d
2026-03-19,592.273193359375,QQQ,random,2026-03-20,2026-04-01,590.3156309505814,581.47998046875,590.4393431944845,581.2978810937207,random_timing_entry,215.0,1.075,1.075,1.5956965632760847,2.6326344194934537,126962.12140750953,124994.5570558453,126945.53378681418,0.9998693498461473,126944.45878681418,0.9998608827538518,3530767.5,-1965.414351664233,-1967.564351664233,-0.015482474543964751,-0.01549941108472082,-0.015497254849333795,8,12,288.0,neutral,,,random_time_exit,Daily,1d
